일자,개인,외국인,기관,금융투자,보험,투신,기타금융,은행,연기금등,사모펀드,기타법인
2024-03-13,-5783,5420,0,0,0,0,0,0,0,0,363
2024-03-12,2294,-2294,0,0,0,0,0,0,0,0,0
2024-03-11,1002,-1359,0,0,0,0,0,0,0,0,357
2024-03-08,-2096,-1464,0,0,0,0,0,0,0,0,3560
2024-03-07,4075,-3232,0,0,0,0,0,0,0,0,-843
2024-03-06,1604,-940,0,0,0,0,0,0,0,0,-664
2024-03-05,2620,-1823,0,0,0,0,0,0,0,0,-797
2024-03-04,188,-1286,0,0,0,0,0,0,0,0,1098
2024-02-29,2040,-2191,0,0,0,0,0,0,0,0,-812
2024-02-28,-4760,2131,0,0,0,0,0,0,0,0,2629
2024-02-27,1342,-599,0,0,0,0,0,0,0,0,-743
2024-02-26,1394,-550,0,0,0,0,0,0,0,0,-844
2024-02-23,1772,-397,0,0,0,0,0,0,0,0,-1375
2024-02-22,926,-619,0,0,0,0,0,0,0,0,-307
2024-02-21,3332,-1365,0,0,0,0,0,0,0,0,-1967
2024-02-20,9674,-4812,0,0,0,0,0,0,0,0,-4862
2024-02-19,-7,562,0,0,0,0,0,0,0,0,413
2024-02-16,-4908,5665,0,0,0,0,0,0,0,0,-757
2024-02-15,-8329,13167,0,0,0,0,0,0,0,0,-4838
2024-02-14,-3492,3244,0,0,0,0,0,0,0,0,2117
2024-02-13,-1148,183,0,0,0,0,0,0,0,0,965
2024-02-08,413,-1453,0,0,0,0,0,0,0,0,1040
2024-02-07,5056,-4413,0,0,0,0,0,0,0,0,-643
2024-02-06,4154,-4800,0,0,0,0,0,0,0,0,256
2024-02-05,5859,-4349,0,0,0,0,0,0,0,0,-1510
2024-02-02,-1520,-2570,0,0,0,0,0,0,0,0,4090
2024-02-01,1711,-3701,0,0,0,0,0,0,0,0,0
2024-01-31,3233,-2624,0,0,0,0,0,0,0,0,-609
2024-01-30,3140,-2562,0,0,0,0,0,0,0,0,-578
2024-01-29,6518,-5890,0,0,0,0,0,0,0,0,-628
2024-01-26,7690,-177,0,0,0,0,0,0,0,0,299
2024-01-25,11002,-10213,0,0,0,0,0,0,0,0,-789
2024-01-24,4690,-2414,0,0,0,0,0,0,0,0,-2276
2024-01-23,-2292,-1300,0,0,0,0,0,0,0,0,3592
2024-01-22,2969,-2969,0,0,0,0,0,0,0,0,0
2024-01-19,-6639,6247,0,0,0,0,0,0,0,0,392
2024-01-18,-7815,4942,0,0,0,0,0,0,0,0,2873
2024-01-17,1845,-3284,0,0,0,0,0,0,0,0,-793
2024-01-16,3310,-2326,0,0,0,0,0,0,0,0,-884
2024-01-15,1500,-643,0,0,0,0,0,0,0,0,-857
2024-01-12,4050,-3234,0,0,0,0,0,0,0,0,-816
2024-01-11,2026,-1197,0,0,0,0,0,0,0,0,-790
2024-01-10,1339,1101,0,0,0,0,0,0,0,0,-2440
2024-01-09,-5671,5061,0,0,0,0,0,0,0,0,610
2024-01-08,-13076,12604,0,0,0,0,0,0,0,0,472
2024-01-05,566,-220,0,0,0,0,0,0,0,0,-346
2024-01-04,205976,1042,-204598,0,0,0,0,0,0,-204598,-3953
2024-01-03,-286,286,0,0,0,0,0,0,0,0,0
2024-01-02,1470,-1764,0,0,0,0,0,0,0,0,0
2023-12-28,-204672,717,204598,0,0,0,0,0,0,204598,731
2023-12-27,13478,168,0,0,0,0,0,0,0,0,-13646
2023-12-26,20622,81,0,0,0,0,0,0,0,0,-20703
2023-12-22,5851,-138,0,0,0,0,0,0,0,0,-5713
2023-12-21,1535,-646,0,0,0,0,0,0,0,0,-889
2023-12-20,-962,158,0,0,0,0,0,0,0,0,804
2023-12-19,674,-1491,0,0,0,0,0,0,0,0,817
2023-12-18,-1235,-802,0,0,0,0,0,0,0,0,2037
2023-12-15,286,-1333,0,0,0,0,0,0,0,0,1047
2023-12-14,1558,-791,0,0,0,0,0,0,0,0,-767
2023-12-13,83,-83,0,0,0,0,0,0,0,0,0
2023-12-12,-1999,1157,0,0,0,0,0,0,0,0,842
2023-12-11,-1309,1460,0,0,0,0,0,0,0,0,850
2023-12-08,-2199,633,0,0,0,0,0,0,0,0,1566
2023-12-07,4580,-4652,0,0,0,0,0,0,0,0,72
2023-12-06,-1132,1739,-2357,-2357,0,0,0,0,0,0,1750
2023-12-05,5982,-6119,0,0,0,0,0,0,0,0,137
2023-12-04,3431,770,-4741,0,0,0,0,0,0,-4741,540
2023-12-01,-1780,80,0,0,0,0,0,0,0,0,1700
2023-11-30,-12227,-270,0,0,0,0,0,0,0,0,12497
2023-11-29,574,-574,0,0,0,0,0,0,0,0,0
2023-11-28,-8128,-2372,0,0,0,0,0,0,0,0,10500
2023-11-27,-6545,-944,0,0,0,0,0,0,0,0,7489
2023-11-24,-10578,-1422,0,0,0,0,0,0,0,0,12000
2023-11-23,-3034,34,0,0,0,0,0,0,0,0,3000
2023-11-22,-1171,583,0,0,0,0,0,0,0,0,588
2023-11-21,259,-1489,0,0,0,0,0,0,0,0,1230
2023-11-20,-7074,6602,0,0,0,0,0,0,0,0,472
2023-11-17,-857,-709,-1,-1,0,0,0,0,0,0,1567
2023-11-16,605,-605,0,0,0,0,0,0,0,0,0
2023-11-15,-11007,3246,0,0,0,0,0,0,0,0,7761
2023-11-14,-4416,4416,0,0,0,0,0,0,0,0,0
2023-11-13,2058,-345,0,0,0,0,0,0,0,0,-1713
2023-11-10,33094,-33094,0,0,0,0,0,0,0,0,0
2023-11-09,2575,-2575,0,0,0,0,0,0,0,0,0
2023-11-08,2759,-964,0,0,0,0,0,0,0,0,-928
2023-11-07,1531,-1571,0,0,0,0,0,0,0,0,40
2023-11-06,-801,63,0,0,0,0,0,0,0,0,738
2023-11-03,3510,-3510,0,0,0,0,0,0,0,0,0
2023-11-02,6846,-8261,0,0,0,0,0,0,0,0,1415
2023-11-01,-430,-371,0,0,0,0,0,0,0,0,1316
2023-10-31,13713,-12818,-895,0,0,0,0,0,0,-895,0
2023-10-30,34210,-10085,0,0,0,0,0,0,0,0,-24125
2023-10-27,30802,-23334,0,0,0,0,0,0,0,0,-7468
2023-10-26,11064,-11070,0,0,0,0,0,0,0,0,6
2023-10-25,9279,-4821,0,0,0,0,0,0,0,0,-4458
2023-10-24,8378,-9258,-500,0,0,0,0,0,0,-500,1380
2023-10-23,21110,-20086,0,0,0,0,0,0,0,0,223
2023-10-20,19897,-20779,0,0,0,0,0,0,0,0,0
2023-10-19,21470,-21500,0,0,0,0,0,0,0,0,30
2023-10-18,9904,-9820,-9,-9,0,0,0,0,0,0,-75
2023-10-17,3989,-6430,0,0,0,0,0,0,0,0,2441
2023-10-16,21285,-21230,-7,-7,0,0,0,0,0,0,-48
2023-10-13,13024,-12553,-3,-3,0,0,0,0,0,0,-468
2023-10-12,4450,-5110,0,0,0,0,0,0,0,0,660
2023-10-11,1618,-2310,0,0,0,0,0,0,0,0,692
2023-10-10,8503,-9063,19,19,0,0,0,0,0,0,474
2023-10-06,-8337,2052,0,0,0,0,0,0,0,0,6285
2023-10-05,12153,-11872,0,0,0,0,0,0,0,0,-1834
2023-10-04,32130,-29970,0,0,0,0,0,0,0,0,1840
2023-09-27,11068,-11498,0,0,0,0,0,0,0,0,430
2023-09-26,14031,-14043,0,0,0,0,0,0,0,0,12
2023-09-25,26354,-26354,0,0,0,0,0,0,0,0,0
2023-09-22,13447,-13455,0,0,0,0,0,0,0,0,8
2023-09-21,9615,-9627,0,0,0,0,0,0,0,0,12
2023-09-20,4560,-4580,0,0,0,0,0,0,0,0,20
2023-09-19,11624,-11652,0,0,0,0,0,0,0,0,28
2023-09-18,4005,-4159,0,0,0,0,0,0,0,0,154
2023-09-15,5572,-6303,0,0,0,0,0,0,0,0,731
2023-09-14,13455,-16244,0,0,0,0,0,0,0,0,0
2023-09-13,13987,-16605,0,0,0,0,0,0,0,0,80
2023-09-12,17548,-17549,0,0,0,0,0,0,0,0,0
2023-09-11,13281,-6113,-7168,-7168,0,0,0,0,0,0,0
2023-09-08,13498,-13884,0,0,0,0,0,0,0,0,386
2023-09-07,15288,-15308,0,0,0,0,0,0,0,0,20
2023-09-06,12569,-12568,0,0,0,0,0,0,0,0,0
2023-09-05,11817,-13278,1461,1461,0,0,0,0,0,0,0
2023-09-04,24406,-24404,0,0,0,0,0,0,0,0,-2
2023-09-01,20240,-10384,-9856,-9856,0,0,0,0,0,0,0
2023-08-31,10657,-11036,379,-5757,0,0,0,0,0,6136,0
2023-08-30,-3444,7086,-3642,-3642,0,0,0,0,0,0,0
2023-08-29,12363,-6181,-6187,-6187,0,0,0,0,0,0,0
2023-08-28,7191,-7656,-896,-896,0,0,0,0,0,0,1361
2023-08-25,2846,-2846,0,0,0,0,0,0,0,0,0
2023-08-24,-14232,-3506,-1,-1,0,0,0,0,0,0,17739
2023-08-23,-282,-1150,0,0,0,0,0,0,0,0,1432
2023-08-22,4296,1026,-9839,-9839,0,0,0,0,0,0,0
2023-08-21,3416,9472,-13388,-13388,0,0,0,0,0,0,50
2023-08-18,13776,-14537,0,0,0,0,0,0,0,0,0
2023-08-17,23971,-17189,0,0,0,0,0,0,0,0,0
2023-08-16,22334,-14506,0,0,0,0,0,0,0,0,0
2023-08-14,10295,3544,-15218,-15218,0,0,0,0,0,0,0
2023-08-11,8601,3007,-7312,-7312,0,0,0,0,0,0,-117
2023-08-10,13070,-4205,-8865,-8865,0,0,0,0,0,0,0
2023-08-09,11623,-2758,-8865,-8865,0,0,0,0,0,0,0
2023-08-08,-1460,1260,0,0,0,0,0,0,0,0,200
2023-08-07,9716,-8715,0,0,0,0,0,0,0,0,-1001
2023-08-04,12566,-10455,-2111,-2111,0,0,0,0,0,0,0
2023-08-03,-2592,2592,0,0,0,0,0,0,0,0,0
2023-08-02,-405,-312,0,0,0,0,0,0,0,0,550
2023-08-01,7174,-7174,0,0,0,0,0,0,0,0,0
2023-07-31,8868,-8868,0,0,0,0,0,0,0,0,0
2023-07-28,-15507,15519,-1,-1,0,0,0,0,0,0,41
2023-07-27,-12304,12294,1,1,0,0,0,0,0,0,9
2023-07-26,29562,-30527,0,0,0,0,0,0,0,0,501
2023-07-25,1264,-7995,0,0,0,0,0,0,0,0,6724
2023-07-24,27291,-29060,0,0,0,0,0,0,0,0,200
2023-07-21,32305,-35056,0,0,0,0,0,0,0,0,444
2023-07-20,-316,1936,0,0,0,0,0,0,0,0,-1383
2023-07-19,6418,-6423,0,0,0,0,0,0,0,0,0
2023-07-18,1765,-1781,0,0,0,0,0,0,0,0,0
2023-07-17,-106043,95461,0,0,0,0,0,0,0,0,10625
2023-07-14,-20519,21085,0,0,0,0,0,0,0,0,0
2023-07-13,-33336,31156,-22,-22,0,0,0,0,0,0,-326
2023-07-12,95739,-58579,-44292,-44292,0,0,0,0,0,0,5950
2023-07-11,-2892,-348,0,0,0,0,0,0,0,0,1200
2023-07-10,6352,-6392,0,0,0,0,0,0,0,0,0
2023-07-07,-13497,-20,13517,13517,0,0,0,0,0,0,0
2023-07-06,9198,-20333,12088,12088,0,0,0,0,0,0,-1166
2023-07-05,-927,817,0,0,0,0,0,0,0,0,100
2023-07-04,4902,-6503,0,0,0,0,0,0,0,0,1591
2023-07-03,-1368,1378,0,0,0,0,0,0,0,0,0
2023-06-30,7984,-7985,0,0,0,0,0,0,0,0,0
2023-06-29,26384,-26371,0,0,0,0,0,0,0,0,-14
2023-06-28,8195,-8226,0,0,0,0,0,0,0,0,0
2023-06-27,-56853,56863,0,0,0,0,0,0,0,0,0
2023-06-26,-26382,26392,0,0,0,0,0,0,0,0,0
2023-06-23,-3501,24763,0,0,0,0,0,0,0,0,-21252
2023-06-22,-3342,8351,0,0,0,0,0,0,0,0,-1000
2023-06-21,16295,-16285,0,0,0,0,0,0,0,0,0
2023-06-20,23694,-27969,0,0,0,0,0,0,0,0,0
2023-06-19,4448,-4438,0,0,0,0,0,0,0,0,0
2023-06-16,-17146,17156,0,0,0,0,0,0,0,0,0
2023-06-15,-43077,43016,0,0,0,0,0,0,0,0,1
2023-06-14,7922,-11260,12507,0,0,12507,0,0,0,0,4
2023-06-13,-13637,5971,7616,0,0,7616,0,0,0,0,0
2023-06-12,-7321,-11153,18484,0,0,14647,0,0,0,3837,0
2023-06-09,27093,-26655,0,0,0,0,0,0,0,0,1
2023-06-08,-50805,59228,3761,0,0,3761,0,0,0,0,-12174
2023-06-07,-32339,46123,5764,0,0,5764,0,0,0,0,-19500
2023-06-05,-61064,42857,18207,0,0,14277,0,0,0,3930,0
2023-06-02,-2512,2522,0,0,0,0,0,0,0,0,0
2023-06-01,-28286,23999,4283,0,0,4283,0,0,0,0,4
2023-05-31,-66506,56961,0,0,0,0,0,0,0,0,1
2023-05-30,-104452,38650,32914,0,0,20895,0,0,0,12019,32799
2023-05-26,-53349,50845,791,0,0,791,0,0,0,0,1739
2023-05-25,-38534,9783,14382,0,0,14091,0,0,0,291,12391
2023-05-24,11082,-19481,0,0,0,0,0,0,0,0,7000
2023-05-23,-1376,985,0,0,0,0,0,0,0,0,0
2023-05-22,-9271,9331,0,0,0,0,0,0,0,0,0
2023-05-19,185,-175,0,0,0,0,0,0,0,0,0
2023-05-18,-11617,29677,0,0,0,0,0,0,0,0,-18050
2023-05-17,-128000,125413,0,0,0,0,0,0,0,0,0
2023-05-16,527,-547,0,0,0,0,0,0,0,0,0
2023-05-15,-6526,6516,0,0,0,0,0,0,0,0,0
2023-05-12,-8825,8815,0,0,0,0,0,0,0,0,0
2023-05-11,3783,-3773,0,0,0,0,0,0,0,0,0
2023-05-10,-375,-145,0,0,0,0,0,0,0,0,409
2023-05-09,6529,-6529,0,0,0,0,0,0,0,0,0
2023-05-08,-2710,2710,0,0,0,0,0,0,0,0,0
2023-05-04,-7860,7860,0,0,0,0,0,0,0,0,0
2023-05-03,-12761,11457,-132,0,0,-132,0,0,0,0,0
2023-05-02,-50293,49372,-7,0,0,-7,0,0,0,0,-20
2023-04-28,-772,758,17,0,0,17,0,0,0,0,0
2023-04-27,-7303,7350,-37,0,0,-37,0,0,0,0,0
2023-04-26,-21715,21835,-19,0,0,-19,0,0,0,0,0
2023-04-25,-22592,22113,178,0,0,178,0,0,0,0,300
2023-04-24,29852,-30289,0,0,0,0,0,0,0,0,0
2023-04-21,-29143,28686,0,0,0,0,0,0,0,0,0
2023-04-20,20400,-17675,0,0,0,0,0,0,0,0,-2835
2023-04-19,-4400482,14725,0,0,0,0,0,0,0,0,4385747
2023-04-18,9198,-9198,0,0,0,0,0,0,0,0,0
2023-04-17,-2393,2353,0,0,0,0,0,0,0,0,0
2023-04-14,-8935,8845,0,0,0,0,0,0,0,0,0
2023-04-13,1565,-381,0,0,0,0,0,0,0,0,0
2023-04-12,3343,-449,-2884,0,0,-2884,0,0,0,0,0
2023-04-11,-16622,19886,0,0,0,0,0,0,0,0,0
2023-04-10,3809,-20155,0,0,0,0,0,0,0,0,0
2023-04-07,-4409,5399,0,0,0,0,0,0,0,0,-1000
2023-04-06,24706,-24716,0,0,0,0,0,0,0,0,0
2023-04-05,18506,-8759,0,0,0,0,0,0,0,0,-9737
2023-04-04,1866,-7061,0,0,0,0,0,0,0,0,640
2023-04-03,1046,-3027,-1,-1,0,0,0,0,0,0,1982
2023-03-31,-1396,-3631,-1,-1,0,0,0,0,0,0,5178
2023-03-30,-869,-1041,0,0,0,0,0,0,0,0,1937
2023-03-29,1567,-1567,0,0,0,0,0,0,0,0,0
2023-03-28,-1346,324,0,0,0,0,0,0,0,0,1052
2023-03-27,162,-152,0,0,0,0,0,0,0,0,0
2023-03-24,-2444,2444,0,0,0,0,0,0,0,0,0
2023-03-23,7816,-7028,-788,0,0,-788,0,0,0,0,0
2023-03-22,14722,-14821,0,0,0,0,0,0,0,0,100
2023-03-21,2733,-2783,0,0,0,0,0,0,0,0,50
2023-03-20,-7268,7257,0,0,0,0,0,0,0,0,0
2023-03-17,-14351,14251,0,0,0,0,0,0,0,0,100
2023-03-16,3876,-3876,0,0,0,0,0,0,0,0,0
2023-03-15,-15004,11357,3672,0,0,3672,0,0,0,0,0
2023-03-14,23678,-23958,0,0,0,0,0,0,0,0,50
2023-03-13,-10764,10784,0,0,0,0,0,0,0,0,0
2023-03-10,6180,-6680,0,0,0,0,0,0,0,0,500
2023-03-09,3634,-2451,-1183,0,0,-1183,0,0,0,0,0
2023-03-08,16334,-10319,-6015,0,0,-6015,0,0,0,0,0
2023-03-07,-3118,3102,0,0,0,0,0,0,0,0,0
2023-03-06,-13219,13208,0,0,0,0,0,0,0,0,0
2023-03-03,-6921,6921,0,0,0,0,0,0,0,0,0
2023-03-02,4789,-4789,0,0,0,0,0,0,0,0,0
2023-02-28,-31488,31320,0,0,0,0,0,0,0,0,0
2023-02-27,-5644,5132,0,0,0,0,0,0,0,0,10
2023-02-24,13998,-14534,0,0,0,0,0,0,0,0,60
2023-02-23,-6828,3878,2129,0,0,2129,0,0,0,0,0
2023-02-22,7399,-8050,0,0,0,0,0,0,0,0,0
2023-02-21,34,-1005,0,0,0,0,0,0,0,0,0
2023-02-20,-9214,7150,1183,0,0,1183,0,0,0,0,0
2023-02-17,-20315,20315,0,0,0,0,0,0,0,0,0
2023-02-16,-10359,10359,0,0,0,0,0,0,0,0,0
2023-02-15,-6304,6304,0,0,0,0,0,0,0,0,0
2023-02-14,-12950,12065,0,0,0,0,0,0,0,0,776
2023-02-13,3506,-3506,0,0,0,0,0,0,0,0,0
2023-02-10,5875,-5888,0,0,0,0,0,0,0,0,-17
2023-02-09,-12635,10835,0,0,0,0,0,0,0,0,1800
2023-02-08,-17170,13279,3886,0,0,3886,0,0,0,0,0
2023-02-07,-6361,6361,0,0,0,0,0,0,0,0,0
2023-02-06,-5256,5256,0,0,0,0,0,0,0,0,0
2023-02-03,-4166,4166,0,0,0,0,0,0,0,0,0
2023-02-02,1740,-1739,-1,-1,0,0,0,0,0,0,0
2023-02-01,7446,-7003,0,0,0,0,0,0,0,0,-432
2023-01-31,-1975,1980,0,0,0,0,0,0,0,0,0
2023-01-30,22283,-22297,0,0,0,0,0,0,0,0,0
2023-01-27,4205,-4177,0,0,0,0,0,0,0,0,0
2023-01-26,12228,-11359,0,0,0,0,0,0,0,0,-699
2023-01-25,13426,-13426,0,0,0,0,0,0,0,0,0
2023-01-20,2989,-2989,0,0,0,0,0,0,0,0,0
2023-01-19,6016,-6216,0,0,0,0,0,0,0,0,0
2023-01-18,8045,-8075,0,0,0,0,0,0,0,0,30
2023-01-17,14334,-14334,0,0,0,0,0,0,0,0,0
2023-01-16,2063,-2163,0,0,0,0,0,0,0,0,100
2023-01-13,4840,4160,0,0,0,0,0,0,0,0,-9000
2023-01-12,-690,690,0,0,0,0,0,0,0,0,0
2023-01-11,-14726,14886,0,0,0,0,0,0,0,0,0
2023-01-10,-15827,16427,0,0,0,0,0,0,0,0,0
2023-01-09,-8821,8821,0,0,0,0,0,0,0,0,0
2023-01-06,-5972,5972,0,0,0,0,0,0,0,0,0
2023-01-05,19796,-19796,0,0,0,0,0,0,0,0,0
2023-01-04,-9435,9435,0,0,0,0,0,0,0,0,0
2023-01-03,-12394,12194,0,0,0,0,0,0,0,0,0
2023-01-02,-17448,17118,0,0,0,0,0,0,0,0,0
2022-12-29,1316,-1345,-1,-1,0,0,0,0,0,0,0
2022-12-28,-22144,21977,-1,-1,0,0,0,0,0,0,0
2022-12-27,-34487,34025,0,0,0,0,0,0,0,0,432
2022-12-26,-14922,14833,-1,-1,0,0,0,0,0,0,0
2022-12-23,13912,-13916,4,4,0,0,0,0,0,0,0
2022-12-22,-27113,14701,0,0,0,0,0,0,0,0,12412
2022-12-21,-53156,19428,0,0,0,0,0,0,0,0,33728
2022-12-20,-30058,7198,0,0,0,0,0,0,0,0,22860
2022-12-19,-19346,-714,0,0,0,0,0,0,0,0,20000
2022-12-16,-31532,1522,0,0,0,0,0,0,0,0,30000
2022-12-15,-89931,10855,0,0,0,0,0,0,0,0,79066
2022-12-14,-198368,-21632,0,0,0,0,0,0,0,0,220000
2022-12-13,-83681,-30330,0,0,0,0,0,0,0,0,114001
2022-12-12,-139304,-20850,0,0,0,0,0,0,0,0,160154
2022-12-09,-270614,-6370,0,0,0,0,0,0,0,0,279631
2022-12-08,-61748,-3497,-1,0,0,0,-1,0,0,0,65246
2022-12-07,-191117,45176,0,0,0,0,0,0,0,0,145943
2022-12-06,-208220,-33367,0,0,0,0,0,0,0,0,239050
2022-12-05,-90053,-16287,-4350,0,0,0,-4350,0,0,0,110700
2022-12-02,-27069,35837,-4000,0,0,0,-4000,0,0,0,-2750
2022-12-01,12881,-7776,0,0,0,0,0,0,0,0,-5004
2022-11-30,2843,3154,-1,0,0,0,-1,0,0,0,-5996
2022-11-29,-9085,9085,0,0,0,0,0,0,0,0,0
2022-11-28,-1745,1646,-1,-1,0,0,0,0,0,0,0
2022-11-25,-4955,4907,0,0,0,0,0,0,0,0,0
2022-11-24,-10312,14647,0,0,0,0,0,0,0,0,-3786
2022-11-23,-13070,17254,0,0,0,0,0,0,0,0,0
2022-11-22,1109,-1109,0,0,0,0,0,0,0,0,0
2022-11-21,-683,55,0,0,0,0,0,0,0,0,0
2022-11-18,9102,-9102,0,0,0,0,0,0,0,0,0
2022-11-17,9974,-9663,0,0,0,0,0,0,0,0,-214
2022-11-16,-6141,11221,0,0,0,0,0,0,0,0,-4980
2022-11-15,4268,-3189,0,0,0,0,0,0,0,0,-1214
2022-11-14,-6797,11232,0,0,0,0,0,0,0,0,-4735
2022-11-11,-7927,8192,0,0,0,0,0,0,0,0,-365
2022-11-10,11917,-11963,0,0,0,0,0,0,0,0,9
2022-11-09,10763,-10879,0,0,0,0,0,0,0,0,104
2022-11-08,5309,-5309,0,0,0,0,0,0,0,0,0
2022-11-07,2465,-2465,0,0,0,0,0,0,0,0,0
2022-11-04,9960,-9960,0,0,0,0,0,0,0,0,0
2022-11-03,-3393,3369,0,0,0,0,0,0,0,0,9
2022-11-02,20350,-20390,0,0,0,0,0,0,0,0,0
2022-11-01,6303,-5815,0,0,0,0,0,0,0,0,0
2022-10-31,20779,-20779,0,0,0,0,0,0,0,0,0
2022-10-28,24414,-24512,0,0,0,0,0,0,0,0,80
2022-10-27,7252,-7265,0,0,0,0,0,0,0,0,0
2022-10-26,5288,-3883,0,0,0,0,0,0,0,0,7
2022-10-25,-23589,23589,0,0,0,0,0,0,0,0,0
2022-10-24,6495,-6500,0,0,0,0,0,0,0,0,5
2022-10-21,14154,-14663,0,0,0,0,0,0,0,0,509
2022-10-20,20633,-20730,0,0,0,0,0,0,0,0,0
2022-10-19,181,-181,0,0,0,0,0,0,0,0,0
2022-10-18,-12916,10742,0,0,0,0,0,0,0,0,214
2022-10-17,-816,660,0,0,0,0,0,0,0,0,54
2022-10-14,-7795,7795,0,0,0,0,0,0,0,0,0
2022-10-13,26059,-26416,0,0,0,0,0,0,0,0,357
2022-10-12,39464,-36103,-3461,0,0,-3461,0,0,0,0,0
2022-10-11,-1531,1397,0,0,0,0,0,0,0,0,34
2022-10-07,-967,957,0,0,0,0,0,0,0,0,0
2022-10-06,-8056,8146,0,0,0,0,0,0,0,0,0
2022-10-05,-6130,6130,0,0,0,0,0,0,0,0,0
2022-10-04,-5357,5357,0,0,0,0,0,0,0,0,0
2022-09-30,-6550,6551,-1,-1,0,0,0,0,0,0,0
2022-09-29,16402,-16422,0,0,0,0,0,0,0,0,-80
2022-09-28,14868,-14869,1,1,0,0,0,0,0,0,0
2022-09-27,2985,-3025,0,0,0,0,0,0,0,0,40
2022-09-26,52830,-54167,0,0,0,0,0,0,0,0,1019
2022-09-23,28688,-29693,0,0,0,0,0,0,0,0,5
2022-09-22,-10859,8986,0,0,0,0,0,0,0,0,473
2022-09-21,7350,-7510,0,0,0,0,0,0,0,0,160
2022-09-20,-4104,3887,0,0,0,0,0,0,0,0,17
2022-09-19,-5195,4291,0,0,0,0,0,0,0,0,904
2022-09-16,1120,-1997,0,0,0,0,0,0,0,0,877
2022-09-15,-6375,5560,800,0,0,0,800,0,0,0,15
2022-09-14,1802,-1924,0,0,0,0,0,0,0,0,152
2022-09-13,-1628,2164,0,0,0,0,0,0,0,0,-535
2022-09-08,-14785,14129,91,0,0,91,0,0,0,0,565
2022-09-07,17950,-23902,5570,0,0,3370,2200,0,0,0,0
2022-09-06,-6804,7984,300,0,0,0,300,0,0,0,-1174
2022-09-05,1844,-2967,1100,0,0,0,1100,0,0,0,23
2022-09-02,-10950,10904,0,0,0,0,0,0,0,0,46
2022-09-01,25687,-27487,1800,0,0,0,1800,0,0,0,0
2022-08-31,-5394,5394,0,0,0,0,0,0,0,0,0
2022-08-30,-87807,87751,-1,-1,0,0,0,0,0,0,57
2022-08-29,-16388,17516,1148,-2,0,0,1150,0,0,0,24
2022-08-26,16047,-16547,500,0,0,0,500,0,0,0,0
2022-08-25,11042,-11228,-2,-2,0,0,0,0,0,0,188
2022-08-24,-4394,4052,296,-4,0,0,300,0,0,0,46
2022-08-23,-32695,32487,202,2,0,0,200,0,0,0,6
2022-08-22,21965,-26127,-197,3,0,0,-200,0,0,0,75
2022-08-19,42065,-41620,205,5,0,0,200,0,0,0,0
2022-08-18,-43223,43571,1,0,0,0,1,0,0,0,1
2022-08-17,53213,-53113,0,0,0,0,0,0,0,0,-300
2022-08-16,19092,12025,0,0,0,0,0,0,0,0,-32117
2022-08-12,6782,-8372,0,0,0,0,0,0,0,0,-410
2022-08-11,-19423,19723,0,0,0,0,0,0,0,0,-300
2022-08-10,1806,-1806,0,0,0,0,0,0,0,0,0
2022-08-09,31262,-26754,0,0,0,0,0,0,0,0,0
2022-08-08,10022,-14867,0,0,0,0,0,0,0,0,0
2022-08-05,-35614,35614,0,0,0,0,0,0,0,0,0
2022-08-04,-26419,26419,0,0,0,0,0,0,0,0,0
2022-08-03,-14658,14658,0,0,0,0,0,0,0,0,0
2022-08-02,-5860,5860,0,0,0,0,0,0,0,0,0
2022-08-01,-1812,1812,0,0,0,0,0,0,0,0,0
2022-07-29,20973,-21073,0,0,0,0,0,0,0,0,0
2022-07-28,-13750,13750,0,0,0,0,0,0,0,0,0
2022-07-27,-20229,20229,0,0,0,0,0,0,0,0,0
2022-07-26,-3090,3090,0,0,0,0,0,0,0,0,0
2022-07-25,-2332,2332,0,0,0,0,0,0,0,0,0
2022-07-22,5339,-5340,1,1,0,0,0,0,0,0,0
2022-07-21,-5525,5875,0,0,0,0,0,0,0,0,-350
2022-07-20,-45839,45839,0,0,0,0,0,0,0,0,0
2022-07-19,-36170,36170,0,0,0,0,0,0,0,0,0
2022-07-18,374,-374,0,0,0,0,0,0,0,0,0
2022-07-15,8970,-8970,0,0,0,0,0,0,0,0,0
2022-07-14,-10753,10753,0,0,0,0,0,0,0,0,0
2022-07-13,-41454,41454,0,0,0,0,0,0,0,0,0
2022-07-12,32946,-34446,0,0,0,0,0,0,0,0,1500
2022-07-11,-18596,18596,0,0,0,0,0,0,0,0,0
2022-07-08,-36526,36536,0,0,0,0,0,0,0,0,0
2022-07-07,-19029,20048,0,0,0,0,0,0,0,0,-1019
2022-07-06,9404,-12767,0,0,0,0,0,0,0,0,3363
2022-07-05,-22850,22850,0,0,0,0,0,0,0,0,0
2022-07-04,61791,-62211,0,0,0,0,0,0,0,0,420
2022-07-01,-6193,10024,0,0,0,0,0,0,0,0,-3831
2022-06-30,24213,-24563,0,0,0,0,0,0,0,0,350
2022-06-29,-8397,8397,0,0,0,0,0,0,0,0,0
2022-06-28,10353,-9519,-834,-610,0,0,0,0,0,-224,0
2022-06-27,-9272,10869,-1597,-1181,0,0,0,0,0,-416,0
2022-06-24,-20886,21586,-686,-504,0,0,0,0,0,-182,0
2022-06-23,85175,-82573,-2425,-1783,0,0,0,0,0,-642,0
2022-06-22,49456,-45739,-3767,-2719,0,0,0,0,0,-1048,0
2022-06-21,-31328,36230,-4901,-3661,0,0,0,0,0,-1240,0
2022-06-20,29487,-16375,-13208,-12025,0,0,0,0,0,-1183,0
2022-06-17,-8065,12160,-3899,-3202,0,0,0,0,0,-697,-220
2022-06-16,22329,-16392,-5937,-4858,0,0,0,0,0,-1079,0
2022-06-15,108658,-108100,-558,-442,0,0,0,0,0,-116,0
2022-06-14,66498,-51902,-4142,-3392,0,0,0,0,0,-750,-5713
2022-06-13,128429,-120177,-8252,-6739,0,0,0,0,0,-1513,0
2022-06-10,93378,-96795,-7964,-6521,0,0,0,0,0,-1443,6613
2022-06-09,55209,-54404,-805,-644,0,0,0,0,0,-161,0
2022-06-08,14954,-12155,-2799,-2294,0,0,0,0,0,-505,0
2022-06-07,65510,-62871,-2639,-2440,0,0,0,0,0,-199,0
2022-06-03,14235,-14235,0,0,0,0,0,0,0,0,0
2022-06-02,-14246,14246,0,0,0,0,0,0,0,0,0
2022-05-31,-60167,59568,0,0,0,0,0,0,0,0,600
2022-05-30,-26161,25492,669,540,0,0,0,0,0,129,0
2022-05-27,1299,-1299,0,0,0,0,0,0,0,0,0
2022-05-26,209,-209,0,0,0,0,0,0,0,0,0
2022-05-25,9789,-10427,-862,-862,0,0,0,0,0,0,1500
2022-05-24,47667,-47667,0,0,0,0,0,0,0,0,0
2022-05-23,1355,-1355,0,0,0,0,0,0,0,0,0
2022-05-20,-7055,7054,0,0,0,0,0,0,0,0,0
2022-05-19,-23728,24641,-913,-913,0,0,0,0,0,0,0
2022-05-18,10312,-10312,0,0,0,0,0,0,0,0,0
2022-05-17,15973,-15777,-196,0,0,-196,0,0,0,0,0
2022-05-16,-69882,68983,899,524,0,196,0,0,0,179,0
2022-05-13,3767,-3767,0,0,0,0,0,0,0,0,0
2022-05-12,48532,-48532,0,0,0,0,0,0,0,0,0
2022-05-11,31312,-31312,0,0,0,0,0,0,0,0,0
2022-05-10,88292,-88292,0,0,0,0,0,0,0,0,0
2022-05-09,171497,-171497,0,0,0,0,0,0,0,0,0
2022-05-06,24083,-9882,-2721,-2229,0,0,0,0,0,-492,-10480
2022-05-04,-37279,-1521,-3205,-2634,0,0,0,0,0,-571,42000
2022-05-03,-59165,59165,0,0,0,0,0,0,0,0,0
2022-05-02,-33468,32894,0,0,0,0,0,0,0,0,0
2022-04-29,-2869,2859,0,0,0,0,0,0,0,0,0
2022-04-28,24626,-25650,1024,829,0,0,0,0,0,195,0
2022-04-27,-38674,37645,1024,818,0,0,0,0,0,206,0
2022-04-26,-36114,35548,566,433,0,0,0,0,0,133,0
2022-04-25,41279,-37093,750,546,0,0,0,0,0,204,0
2022-04-22,-8229,8576,985,331,0,0,0,0,0,654,-277
2022-04-21,-13848,12979,869,641,0,0,0,0,0,228,0
2022-04-20,2901,-21358,18457,15007,0,0,0,0,0,3450,0
2022-04-19,-21850,11407,10433,9357,0,0,0,0,0,1076,0
2022-04-18,53462,-59034,1972,1692,0,0,0,0,0,280,0
2022-04-15,-88268,73309,8259,6858,0,0,0,0,0,1401,7000
2022-04-14,-28470,22392,6098,5130,0,0,0,0,0,968,0
2022-04-13,7328,-9931,2543,2033,0,0,0,0,0,510,0
2022-04-12,10246,-17554,6717,5639,0,0,0,0,0,1078,0
2022-04-11,19487,-30533,11046,9276,0,0,0,0,0,1770,0
2022-04-08,36911,-36911,0,0,0,0,0,0,0,0,0
2022-04-07,98107,-103991,0,0,0,0,0,0,0,0,5684
2022-04-06,-15909,15710,-1,-1,0,0,0,0,0,0,0
2022-04-05,39941,-39741,0,0,0,0,0,0,0,0,-200
2022-04-04,-116048,115908,0,0,0,0,0,0,0,0,100
2022-04-01,-70079,70079,0,0,0,0,0,0,0,0,0
2022-03-31,-21480,22168,0,0,0,0,0,0,0,0,100
2022-03-30,23425,-23425,0,0,0,0,0,0,0,0,0
2022-03-29,-18321,18331,0,0,0,0,0,0,0,0,0
2022-03-28,-41431,44246,0,0,0,0,0,0,0,0,-2784
2022-03-25,-51281,51321,0,0,0,0,0,0,0,0,0
2022-03-24,-87713,87713,0,0,0,0,0,0,0,0,0
2022-03-23,-41190,41151,0,0,0,0,0,0,0,0,0
2022-03-22,40569,-38965,0,0,0,0,0,0,0,0,0
2022-03-21,34880,-34630,0,0,0,0,0,0,0,0,0
2022-03-18,-150692,150950,-175,0,0,-175,0,0,0,0,0
2022-03-17,-236528,236154,175,0,0,175,0,0,0,0,200
2022-03-16,3535,-3536,0,0,0,0,0,0,0,0,0
2022-03-15,10,-10,0,0,0,0,0,0,0,0,0
2022-03-14,58251,-58250,0,0,0,0,0,0,0,0,0
2022-03-11,2084,-2234,0,0,0,0,0,0,0,0,-50
2022-03-10,3068,-3066,0,0,0,0,0,0,0,0,0
2022-03-08,34793,-34788,0,0,0,0,0,0,0,0,0
2022-03-07,76878,-76511,0,0,0,0,0,0,0,0,0
2022-03-04,-40914,39059,0,0,0,0,0,0,0,0,1870
2022-03-03,-53458,63634,0,0,0,0,0,0,0,0,-10000
2022-03-02,-5936,15725,0,0,0,0,0,0,0,0,-9789
2022-02-28,35537,-37051,0,0,0,0,0,0,0,0,674
2022-02-25,85619,-86015,0,0,0,0,0,0,0,0,0
2022-02-24,-24986,24959,0,0,0,0,0,0,0,0,-1
2022-02-23,-107942,108442,0,0,0,0,0,0,0,0,0
2022-02-22,104596,-104613,0,0,0,0,0,0,0,0,0
2022-02-21,43090,-24927,0,0,0,0,0,0,0,0,-19163
2022-02-18,-49911,46579,-814,0,0,-814,0,0,0,0,4500
2022-02-17,-65381,64368,814,0,0,814,0,0,0,0,0
2022-02-16,40221,-36441,0,0,0,0,0,0,0,0,-3780
2022-02-15,26824,-36339,-749,-245,0,-308,0,0,0,-196,9999
2022-02-14,70451,-70081,0,0,0,0,0,0,0,0,44
2022-02-11,44423,-44574,-1,-1,0,0,0,0,0,0,0
2022-02-10,118558,-118609,-1,-1,0,0,0,0,0,0,0
2022-02-09,-49699,49995,2,2,0,0,0,0,0,0,-194
2022-02-08,76366,-77988,0,0,0,0,0,0,0,0,1500
2022-02-07,155767,-141240,-10055,0,0,-10055,0,0,0,0,-3486
2022-02-04,-90548,92007,455,0,0,455,0,0,0,0,-3920
2022-02-03,-90996,42737,8217,0,0,8217,0,0,0,0,38527
2022-01-28,-164158,162875,2133,246,0,1691,0,0,0,196,149
2022-01-27,8587,-9242,-539,0,0,-539,0,0,0,0,0
2022-01-26,5403,-7353,539,0,0,539,0,0,0,0,0
2022-01-25,92767,-92976,0,0,0,0,0,0,0,0,21
2022-01-24,-57,-39,0,0,0,0,0,0,0,0,99
2022-01-21,221198,-200539,-16505,0,0,-16505,0,0,0,0,277
2022-01-20,251455,-240020,16505,0,0,16505,0,0,0,0,-16162
2022-01-19,562917,-583786,0,0,0,0,0,0,0,0,5117
2022-01-18,69198,-61199,0,0,0,0,0,0,0,0,-7999
2022-01-17,43579,-40189,0,0,0,0,0,0,0,0,-3350
2022-01-14,97474,-97925,0,0,0,0,0,0,0,0,0
2022-01-13,93039,-93394,0,0,0,0,0,0,0,0,-6
2022-01-12,-42826,25393,0,0,0,0,0,0,0,0,21397
2022-01-11,48351,-48022,-329,0,0,-329,0,0,0,0,0
2022-01-10,20831,-20801,-30,0,0,-30,0,0,0,0,0
2022-01-07,-6513,7924,359,0,0,359,0,0,0,0,-1770
2022-01-06,-42565,42847,0,0,0,0,0,0,0,0,-403
2022-01-05,22679,-23240,0,0,0,0,0,0,0,0,-999
2022-01-04,25957,-26860,0,0,0,0,0,0,0,0,-2
2022-01-03,-26491,17535,0,0,0,0,0,0,0,0,8956
2021-12-30,-19671,19871,0,0,0,0,0,0,0,0,0
2021-12-29,-44901,44901,0,0,0,0,0,0,0,0,0
2021-12-28,85261,-85061,0,0,0,0,0,0,0,0,0
2021-12-27,42020,-41816,0,0,0,0,0,0,0,0,-200
2021-12-24,16691,-16543,0,0,0,0,0,0,0,0,-2
2021-12-23,-293170,287512,0,0,0,0,0,0,0,0,6524
2021-12-22,-49316,49315,0,0,0,0,0,0,0,0,1
2021-12-21,-6175,6124,0,0,0,0,0,0,0,0,1
2021-12-20,30735,-24322,-503,0,0,-503,0,0,0,0,-5920
2021-12-17,122589,-122454,-8505,0,0,-8505,0,0,0,0,-7000
2021-12-16,40939,-36616,-4379,0,0,-4379,0,0,0,0,16
2021-12-15,28600,-25630,-2970,0,0,-2970,0,0,0,0,0
2021-12-14,39939,-34672,-2267,0,0,-2267,0,0,0,0,-3000
2021-12-13,-54801,53169,830,-1,0,831,0,0,0,0,702
2021-12-10,2697,-2448,-249,-1,0,-248,0,0,0,0,0
2021-12-09,-71738,70574,2164,-1,0,2165,0,0,0,0,2000
2021-12-08,-3028,3028,1160,0,0,1160,0,0,0,0,-1160
2021-12-07,27512,-27469,-2872,0,0,-2872,0,0,0,0,-171
2021-12-06,226861,-222996,-4672,0,0,-4672,0,0,0,0,807
2021-12-03,-64106,64583,3870,1,0,3869,0,0,0,0,-4347
2021-12-02,-285541,250864,16832,0,0,16832,0,0,0,0,19459
2021-12-01,-15581,14065,1559,0,0,1559,0,0,0,0,-2
2021-11-30,270385,-268130,-2395,1,0,-2396,0,0,0,0,0
2021-11-29,-35500,33754,2397,1,0,2396,0,0,0,0,0
2021-11-26,-114788,118452,0,0,0,0,0,0,0,0,0
2021-11-25,-1092,1092,0,0,0,0,0,0,0,0,0
2021-11-24,-53537,53537,0,0,0,0,0,0,0,0,0
2021-11-23,-7062,7087,0,0,0,0,0,0,0,0,0
2021-11-22,13048,-12074,-974,0,0,-974,0,0,0,0,0
2021-11-19,-2754,3156,-401,0,0,-401,0,0,0,0,-1
2021-11-18,27736,-25987,-1720,0,0,-1720,0,0,0,0,-18
2021-11-17,5136,-4728,-408,0,0,-408,0,0,0,0,0
2021-11-16,132435,-131311,-824,0,0,-824,0,0,0,0,0
2021-11-15,-26743,24120,3615,0,0,3615,0,0,0,0,-100
2021-11-12,-54882,54568,712,0,0,712,0,0,0,0,2
2021-11-11,93235,-36617,0,0,0,0,0,0,0,0,-55501
2021-11-10,30227,-7366,0,0,0,0,0,0,0,0,-23000
2021-11-09,9137,-9138,0,0,0,0,0,0,0,0,1
2021-11-08,-24642,24642,0,0,0,0,0,0,0,0,0
2021-11-05,-862,1285,-426,0,0,-426,0,0,0,0,3
2021-11-04,8768,-9194,426,0,0,426,0,0,0,0,0
2021-11-03,9281,-9379,0,0,0,0,0,0,0,0,18
2021-11-02,-31655,31849,0,0,0,0,0,0,0,0,0
2021-11-01,-10951,11262,0,0,0,0,0,0,0,0,0
2021-10-29,44711,-48711,0,0,0,0,0,0,0,0,4000
2021-10-28,-18247,-4753,0,0,0,0,0,0,0,0,23000
2021-10-27,13320,-12034,0,0,0,0,0,0,0,0,0
2021-10-26,62498,-62498,0,0,0,0,0,0,0,0,0
2021-10-25,-11739,11739,0,0,0,0,0,0,0,0,0
2021-10-22,-56275,56275,0,0,0,0,0,0,0,0,0
2021-10-21,54061,-62348,0,0,0,0,0,0,0,0,0
2021-10-20,-55456,55451,0,0,0,0,0,0,0,0,3
2021-10-19,20130,-20268,0,0,0,0,0,0,0,0,0
2021-10-18,-30878,32656,-820,0,0,-820,0,0,0,0,0
2021-10-15,53511,-52299,-1961,0,0,-1961,0,0,0,0,250
2021-10-14,-67242,65260,2654,0,0,2654,0,0,0,0,0
2021-10-13,-138821,141684,127,0,0,127,0,0,0,0,0
2021-10-12,168860,91882,0,0,0,0,0,0,0,0,-259732
2021-10-08,-112620,113097,0,0,0,0,0,0,0,0,0
2021-10-07,-186539,187433,0,0,0,0,0,0,0,0,500
2021-10-06,-169027,168655,0,0,0,0,0,0,0,0,0
2021-10-05,-24002,23800,0,0,0,0,0,0,0,0,-3861
2021-10-01,15898,-16061,0,0,0,0,0,0,0,0,0
2021-09-30,-159259,159138,0,0,0,0,0,0,0,0,1000
2021-09-29,-114289,114064,0,0,0,0,0,0,0,0,0
2021-09-28,72922,-71437,0,0,0,0,0,0,0,0,0
2021-09-27,-111888,111838,0,0,0,0,0,0,0,0,0
2021-09-24,397912,-400848,0,0,0,0,0,0,0,0,1000
2021-09-23,-68668,69590,0,0,0,0,0,0,0,0,6000
2021-09-17,-35516,35465,0,0,0,0,0,0,0,0,0
2021-09-16,-91479,91501,0,0,0,0,0,0,0,0,0
2021-09-15,-31170,30970,0,0,0,0,0,0,0,0,0
2021-09-14,-159678,161223,0,0,0,0,0,0,0,0,0
2021-09-13,-77977,76532,0,0,0,0,0,0,0,0,0
2021-09-10,-98385,129753,0,0,0,0,0,0,0,0,0
2021-09-09,-113939,112890,0,0,0,0,0,0,0,0,0
2021-09-08,-170531,170042,0,0,0,0,0,0,0,0,0
2021-09-07,28128,-52608,0,0,0,0,0,0,0,0,0
2021-09-06,-188083,176362,0,0,0,0,0,0,0,0,-334
2021-09-03,-65335,52837,0,0,0,0,0,0,0,0,0
2021-09-02,-99847,99980,0,0,0,0,0,0,0,0,0
2021-09-01,109749,-109961,0,0,0,0,0,0,0,0,-1
2021-08-31,21800,-18205,0,0,0,0,0,0,0,0,0
2021-08-30,-73059,70495,0,0,0,0,0,0,0,0,1
2021-08-27,-47245,47925,0,0,0,0,0,0,0,0,-300
2021-08-26,333244,-322271,0,0,0,0,0,0,0,0,-5414
2021-08-25,97669,-17579,0,0,0,0,0,0,0,0,-52687
2021-08-24,-118092,136461,0,0,0,0,0,0,0,0,-10137
2021-08-23,4835,-45832,0,0,0,0,0,0,0,0,5137
2021-08-20,-135822,154651,0,0,0,0,0,0,0,0,-29666
2021-08-19,-396936,307489,0,0,0,0,0,0,0,0,80000
2021-08-18,-149049,77533,0,0,0,0,0,0,0,0,74728
2021-08-17,165188,-219077,0,0,0,0,0,0,0,0,23900
2021-08-13,499083,-593328,0,0,0,0,0,0,0,0,62173
2021-08-12,-475660,366025,0,0,0,0,0,0,0,0,116132
2021-08-11,400700,-409663,-11462,0,0,-5855,0,0,0,-5607,-12436
2021-08-10,93399,-124176,5855,0,0,5855,0,0,0,0,29080
2021-08-09,-57131,58656,0,0,0,0,0,0,0,0,-3218
2021-08-06,434788,-428033,0,0,0,0,0,0,0,0,-6304
2021-08-05,-575564,685667,-105650,0,0,-105650,0,0,0,0,543
2021-08-04,-147584,69960,100650,0,0,105650,0,0,0,-5000,-1021
2021-08-03,74463,-77684,0,0,0,0,0,0,0,0,-6834
2021-08-02,-122242,120117,0,0,0,0,0,0,0,0,6834
2021-07-30,279253,-293021,0,0,0,0,0,0,0,0,0
2021-07-29,227614,-231674,0,0,0,0,0,0,0,0,-5
2021-07-28,-39599,28857,-1412,0,0,-1412,0,0,0,0,8431
2021-07-27,-224633,295622,-2588,0,0,1412,0,0,0,-4000,-64426
2021-07-26,178124,-161787,0,0,0,0,0,0,0,0,-16125
2021-07-23,-267093,270958,0,0,0,0,0,0,0,0,-2214
2021-07-22,-237220,218396,0,0,0,0,0,0,0,0,19019
2021-07-21,215297,-153366,0,0,0,0,0,0,0,0,-63545
2021-07-20,202581,-182012,-35513,0,0,-35513,0,0,0,0,16265
2021-07-19,189210,-130628,-49799,0,0,-49799,0,0,0,0,9994
2021-07-16,20221,57148,-53956,0,0,-53956,0,0,0,0,-19332
2021-07-15,-43174,-131961,131628,0,0,134628,0,0,0,-3000,44327
2021-07-14,182159,-126782,-69538,0,0,-69538,0,0,0,0,-7174
2021-07-13,-270930,246724,66178,0,0,74178,0,0,0,-8000,-43819
2021-07-12,30590,-39649,0,0,0,0,0,0,0,0,9222
2021-07-09,-140828,141093,0,0,0,0,0,0,0,0,0
2021-07-08,2339,-830,1,1,0,0,0,0,0,0,-2
2021-07-07,99002,-102079,0,0,0,0,0,0,0,0,0
2021-07-06,7060,-4826,0,0,0,0,0,0,0,0,-2710
2021-07-05,108063,-120018,0,0,0,0,0,0,0,0,9992
2021-07-02,164061,-110317,0,0,0,0,0,0,0,0,-993
2021-07-01,-84449,61388,0,0,0,0,0,0,0,0,1795
2021-06-30,-164389,138889,-11000,0,0,-5000,0,0,0,-6000,21699
2021-06-29,51866,-52817,0,0,0,0,0,0,0,0,106
2021-06-28,399,18150,0,0,0,0,0,0,0,0,-15000
2021-06-25,41397,-42219,0,0,0,0,0,0,0,0,5
2021-06-24,163603,-164453,0,0,0,0,0,0,0,0,-222
2021-06-23,287485,-272312,0,0,0,0,0,0,0,0,-18296
2021-06-22,-28347,11854,-2000,0,0,0,0,0,0,-2000,11722
2021-06-21,-87989,148851,0,0,0,0,0,0,0,0,-61300
2021-06-18,-53977,65352,0,0,0,0,0,0,0,0,-9737
2021-06-17,-15574,15419,0,0,0,0,0,0,0,0,3
2021-06-16,53303,138492,0,0,0,0,0,0,0,0,-193093
2021-06-15,-31631,33439,0,0,0,0,0,0,0,0,-2148
2021-06-14,33163,-32284,0,0,0,0,0,0,0,0,-1268
2021-06-11,199558,-199504,0,0,0,0,0,0,0,0,1
2021-06-10,-147619,177032,0,0,0,0,0,0,0,0,-29627
2021-06-09,-25354,14423,0,0,0,0,0,0,0,0,15000
2021-06-08,-22585,114091,0,0,0,0,0,0,0,0,-92553
2021-06-07,-368650,108421,0,0,0,0,0,0,0,0,256229
2021-06-04,131715,-119584,0,0,0,0,0,0,0,0,-10686
2021-06-03,-17341,16541,0,0,0,0,0,0,0,0,0
2021-06-02,41945,-31432,0,0,0,0,0,0,0,0,-10013
2021-06-01,13355,-5915,0,0,0,0,0,0,0,0,-7440
2021-05-31,-2301,3301,0,0,0,0,0,0,0,0,0
2021-05-28,825,-1825,0,0,0,0,0,0,0,0,0
2021-05-27,8222,-11222,0,0,0,0,0,0,0,0,3000
2021-05-26,-4216,-4179,0,0,0,0,0,0,0,0,8395
2021-05-25,-19522,18606,0,0,0,0,0,0,0,0,916
2021-05-24,1695,-1095,0,0,0,0,0,0,0,0,-600
2021-05-21,16352,-13020,0,0,0,0,0,0,0,0,-3332
2021-05-20,-5599,5389,0,0,0,0,0,0,0,0,0
2021-05-18,-67221,67201,0,0,0,0,0,0,0,0,0
2021-05-17,1759,-1830,0,0,0,0,0,0,0,0,0
2021-05-14,-33394,33754,0,0,0,0,0,0,0,0,0
2021-05-13,16199,-9014,-36,-36,0,0,0,0,0,0,-6698
2021-05-12,-61439,59350,-4099,-99,0,0,0,0,0,-4000,6030
2021-05-11,-33906,9036,0,0,0,0,0,0,0,0,24870
2021-05-10,85722,-3736,0,0,0,0,0,0,0,0,-82399
2021-05-07,-9489,11572,0,0,0,0,0,0,0,0,-2511
2021-05-06,2893,-2903,0,0,0,0,0,0,0,0,0
2021-05-04,20902,-20572,2,2,0,0,0,0,0,0,0
2021-05-03,6805,-6805,0,0,0,0,0,0,0,0,0
2021-04-30,41,-344,8,8,0,0,0,0,0,0,295
2021-04-29,-8403,8911,10,10,0,0,0,0,0,0,-528
2021-04-28,7620,-8120,0,0,0,0,0,0,0,0,500
2021-04-27,10749,-12039,7,7,0,0,0,0,0,0,1283
2021-04-26,-40179,-1665,10,10,0,0,0,0,0,0,41824
2021-04-23,16732,-16752,20,20,0,0,0,0,0,0,0
2021-04-22,17013,-17013,0,0,0,0,0,0,0,0,0
2021-04-21,-31652,31301,78,78,0,0,0,0,0,0,273
2021-04-20,6590,-5740,0,0,0,0,0,0,0,0,0
2021-04-19,1271,-1731,0,0,0,0,0,0,0,0,260
2021-04-16,21221,-22232,0,0,0,0,0,0,0,0,-839
2021-04-15,-3613,3447,0,0,0,0,0,0,0,0,0
2021-04-14,32324,-33526,0,0,0,0,0,0,0,0,0
2021-04-13,-51039,52731,-60,-60,0,0,0,0,0,0,-1632
2021-04-12,-11537,12671,0,0,0,0,0,0,0,0,0
2021-04-09,-43995,43995,0,0,0,0,0,0,0,0,0
2021-04-08,-76657,76597,60,60,0,0,0,0,0,0,0
2021-04-07,9753,2688,0,0,0,0,0,0,0,0,-12575
2021-04-06,94676,-134266,0,0,0,0,0,0,0,0,39590
2021-04-05,-25866,25604,0,0,0,0,0,0,0,0,262
2021-04-02,-27026,-56772,0,0,0,0,0,0,0,0,84348
2021-04-01,-61749,68384,0,0,0,0,0,0,0,0,-5835
2021-03-31,10295,-9733,0,0,0,0,0,0,0,0,0
2021-03-30,-38878,34801,0,0,0,0,0,0,0,0,4000
2021-03-29,19111,-19389,0,0,0,0,0,0,0,0,278
2021-03-26,-67055,-13315,0,0,0,0,0,0,0,0,80051
2021-03-25,-269604,209958,0,0,0,0,0,0,0,0,59646
2021-03-24,-31460,18374,0,0,0,0,0,0,0,0,13176
2021-03-23,-4222,3928,0,0,0,0,0,0,0,0,294
2021-03-22,-15431,15431,0,0,0,0,0,0,0,0,0
2021-03-19,-3783,3721,0,0,0,0,0,0,0,0,0
2021-03-18,-12354,14001,0,0,0,0,0,0,0,0,-1709
2021-03-17,-5990,7713,0,0,0,0,0,0,0,0,277
2021-03-16,-24749,25302,0,0,0,0,0,0,0,0,2447
2021-03-15,-77010,99831,0,0,0,0,0,0,0,0,-9321
2021-03-12,32917,-3417,0,0,0,0,0,0,0,0,-10000
2021-03-11,-21687,20395,0,0,0,0,0,0,0,0,1500
2021-03-10,6892,-11182,0,0,0,0,0,0,0,0,290
2021-03-09,22601,-22526,0,0,0,0,0,0,0,0,-4283
2021-03-08,-32500,2212,0,0,0,0,0,0,0,0,288
2021-03-05,8469,-8469,0,0,0,0,0,0,0,0,0
2021-03-04,-4876,4876,0,0,0,0,0,0,0,0,0
2021-03-03,4110,-4110,0,0,0,0,0,0,0,0,0
2021-03-02,10671,-10964,0,0,0,0,0,0,0,0,293
2021-02-26,65321,-37398,0,0,0,0,0,0,0,0,-19710
2021-02-25,2886,-3171,0,0,0,0,0,0,0,0,285
2021-02-24,96900,-97700,0,0,0,0,0,0,0,0,0
2021-02-23,22481,12498,0,0,0,0,0,0,0,0,-34959
2021-02-22,-48849,52182,0,0,0,0,0,0,0,0,-3333
2021-02-19,67667,-67667,0,0,0,0,0,0,0,0,0
2021-02-18,-112091,83878,0,0,0,0,0,0,0,0,20000
2021-02-17,-10787,16151,0,0,0,0,0,0,0,0,-5364
2021-02-16,38746,-38646,0,0,0,0,0,0,0,0,0
2021-02-15,-40932,39850,0,0,0,0,0,0,0,0,1082
2021-02-10,-54467,50467,0,0,0,0,0,0,0,0,4000
2021-02-09,11745,-12745,0,0,0,0,0,0,0,0,1000
2021-02-08,-16824,11740,0,0,0,0,0,0,0,0,5084
2021-02-05,-992,-13048,2040,0,0,0,0,0,0,2040,12000
2021-02-04,83892,-92479,2106,0,0,0,0,0,0,2106,6531
2021-02-03,-17956,9519,8437,0,0,0,0,0,0,8437,0
2021-02-02,-24518,55209,4309,0,0,0,0,0,0,4309,-35000
2021-02-01,-13569,9202,4365,0,0,0,0,0,0,4365,0
2021-01-29,37742,-45181,2057,0,0,0,0,0,0,2057,5382
2021-01-28,54486,-65163,10637,0,0,0,0,0,0,10637,0
2021-01-27,-35173,27431,4309,0,0,0,0,0,0,4309,3283
2021-01-26,22152,-28307,2155,0,0,0,0,0,0,2155,4000
2021-01-25,-35286,33594,2192,0,0,0,0,0,0,2192,-1000
2021-01-22,-28424,30024,0,0,0,0,0,0,0,0,0
2021-01-21,-26720,46720,0,0,0,0,0,0,0,0,-20000
2021-01-20,-37454,38154,0,0,0,0,0,0,0,0,-700
2021-01-19,-22396,22396,0,0,0,0,0,0,0,0,0
2021-01-18,35023,-35023,0,0,0,0,0,0,0,0,0
2021-01-15,-13037,13037,0,0,0,0,0,0,0,0,0
2021-01-14,-21146,21146,0,0,0,0,0,0,0,0,0
2021-01-13,-24577,26577,0,0,0,0,0,0,0,0,-2000
2021-01-12,9061,-9061,0,0,0,0,0,0,0,0,0
2021-01-11,82156,-75556,0,0,0,0,0,0,0,0,-6600
2021-01-08,35245,-40445,0,0,0,0,0,0,0,0,5200
2021-01-07,-9888,9888,0,0,0,0,0,0,0,0,0
2021-01-06,-12248,15248,0,0,0,0,0,0,0,0,-3000
2021-01-05,13315,-13315,0,0,0,0,0,0,0,0,0
2021-01-04,4525,-4525,0,0,0,0,0,0,0,0,0
2020-12-30,-51550,51550,0,0,0,0,0,0,0,0,0
2020-12-29,-5756,7946,0,0,0,0,0,0,0,0,-2200
2020-12-28,87152,-81221,0,0,0,0,0,0,0,0,-5900
2020-12-24,18239,-18248,0,0,0,0,0,0,0,0,0
2020-12-23,1485,-1485,0,0,0,0,0,0,0,0,0
2020-12-22,33731,-36161,0,0,0,0,0,0,0,0,2700
2020-12-21,96092,-96092,0,0,0,0,0,0,0,0,0
2020-12-18,-18834,21597,0,0,0,0,0,0,0,0,-500
2020-12-17,-65450,48764,0,0,0,0,0,0,0,0,17200
2020-12-16,1317,-1217,0,0,0,0,0,0,0,0,0
2020-12-15,44480,-44275,0,0,0,0,0,0,0,0,0
2020-12-14,37063,-35406,0,0,0,0,0,0,0,0,0
2020-12-11,-9456,-144,0,0,0,0,0,0,0,0,10000
2020-12-10,42719,-42981,0,0,0,0,0,0,0,0,0
2020-12-09,-31890,32062,0,0,0,0,0,0,0,0,0
2020-12-08,-47524,46295,0,0,0,0,0,0,0,0,0
2020-12-07,24568,-28421,0,0,0,0,0,0,0,0,0
2020-12-04,34214,-34214,0,0,0,0,0,0,0,0,0
2020-12-03,656,-3606,0,0,0,0,0,0,0,0,3000
2020-12-02,11082,-11082,0,0,0,0,0,0,0,0,0
2020-12-01,29008,-29060,0,0,0,0,0,0,0,0,0
2020-11-30,-37897,35872,0,0,0,0,0,0,0,0,2000
2020-11-27,9960,-9960,0,0,0,0,0,0,0,0,0
2020-11-26,44844,-44844,0,0,0,0,0,0,0,0,0
2020-11-25,-17085,18085,0,0,0,0,0,0,0,0,-1000
2020-11-24,-66297,65497,0,0,0,0,0,0,0,0,800
2020-11-23,34346,-38939,0,0,0,0,0,0,0,0,4594
2020-11-20,-8394,7322,0,0,0,0,0,0,0,0,1000
2020-11-19,-50895,54313,0,0,0,0,0,0,0,0,0
2020-11-18,-23811,25493,0,0,0,0,0,0,0,0,0
2020-11-17,-6801,6674,0,0,0,0,0,0,0,0,0
2020-11-16,-32875,26875,0,0,0,0,0,0,0,0,6000
2020-11-13,-4459,4460,0,0,0,0,0,0,0,0,0
2020-11-12,-42227,42227,0,0,0,0,0,0,0,0,0
2020-11-11,-28854,25062,0,0,0,0,0,0,0,0,3800
2020-11-10,-43826,41826,0,0,0,0,0,0,0,0,2000
2020-11-09,18546,-18446,0,0,0,0,0,0,0,0,-100
2020-11-06,-52355,53345,0,0,0,0,0,0,0,0,-1000
2020-11-05,-13769,13349,0,0,0,0,0,0,0,0,2000
2020-11-04,-32534,32734,0,0,0,0,0,0,0,0,0
2020-11-03,-19121,19127,0,0,0,0,0,0,0,0,0
2020-11-02,-5144,3906,0,0,0,0,0,0,0,0,0
2020-10-30,2475,-2499,0,0,0,0,0,0,0,0,0
2020-10-29,16879,-19908,0,0,0,0,0,0,0,0,0
2020-10-28,-21329,21326,0,0,0,0,0,0,0,0,0
2020-10-27,14268,-13990,0,0,0,0,0,0,0,0,-300
2020-10-26,48996,-49296,0,0,0,0,0,0,0,0,0
2020-10-23,21453,-22012,0,0,0,0,0,0,0,0,500
2020-10-22,37613,-38613,0,0,0,0,0,0,0,0,1000
2020-10-21,4890,-4690,0,0,0,0,0,0,0,0,-200
2020-10-20,42656,-41695,0,0,0,0,0,0,0,0,0
2020-10-19,22126,-21583,0,0,0,0,0,0,0,0,1500
2020-10-16,49601,-54187,0,0,0,0,0,0,0,0,4500
2020-10-15,42737,-47960,0,0,0,0,0,0,0,0,4800
2020-10-14,8977,-2396,0,0,0,0,0,0,0,0,-5900
2020-10-13,332457,-318412,0,0,0,0,0,0,0,0,-18400
2020-10-12,16415,-15615,0,0,0,0,0,0,0,0,-500
2020-10-08,4606,-4709,0,0,0,0,0,0,0,0,500
2020-10-07,28824,-29424,0,0,0,0,0,0,0,0,1000
2020-10-06,-60055,64555,0,0,0,0,0,0,0,0,-7000
2020-10-05,12417,-10027,0,0,0,0,0,0,0,0,-1840
2020-09-29,-5940,5940,0,0,0,0,0,0,0,0,0
2020-09-28,-31568,35568,0,0,0,0,0,0,0,0,-4000
2020-09-25,-11125,11825,0,0,0,0,0,0,0,0,-700
2020-09-24,89866,-88866,0,0,0,0,0,0,0,0,-1000
2020-09-23,-16390,9191,0,0,0,0,0,0,0,0,6999
2020-09-22,9936,-12456,0,0,0,0,0,0,0,0,2500
2020-09-21,7414,-7464,0,0,0,0,0,0,0,0,0
2020-09-18,16249,-16349,0,0,0,0,0,0,0,0,0
2020-09-17,12832,-12832,0,0,0,0,0,0,0,0,0
2020-09-16,-18967,18817,0,0,0,0,0,0,0,0,500
2020-09-15,29623,-29623,0,0,0,0,0,0,0,0,0
2020-09-14,201,-706,0,0,0,0,0,0,0,0,0
2020-09-11,-22894,22994,0,0,0,0,0,0,0,0,0
2020-09-10,53995,-52994,-1,-1,0,0,0,0,0,0,-1000
2020-09-09,-18475,28762,-1,-1,0,0,0,0,0,0,-9800
2020-09-08,-7175,8176,-1,-1,0,0,0,0,0,0,-1000
2020-09-07,-25497,17998,-1,-1,0,0,0,0,0,0,7500
2020-09-04,6056,-9406,0,0,0,0,0,0,0,0,3000
2020-09-03,-19567,19567,0,0,0,0,0,0,0,0,0
2020-09-02,-39173,40132,0,0,0,0,0,0,0,0,-1009
2020-09-01,4406,-4405,-1,-1,0,0,0,0,0,0,0
2020-08-31,-42406,42396,0,0,0,0,0,0,0,0,10
2020-08-28,-93228,94228,0,0,0,0,0,0,0,0,-1000
2020-08-27,14053,-14053,0,0,0,0,0,0,0,0,0
2020-08-26,68010,-68011,0,0,0,0,0,0,0,0,0
2020-08-25,-30859,31859,0,0,0,0,0,0,0,0,-1000
2020-08-24,-116649,119951,0,0,0,0,0,0,0,0,-3302
2020-08-21,-23485,23485,0,0,0,0,0,0,0,0,0
2020-08-20,71218,-75218,0,0,0,0,0,0,0,0,4000
2020-08-19,-75812,75812,0,0,0,0,0,0,0,0,0
2020-08-18,82361,-88361,0,0,0,0,0,0,0,0,6000
2020-08-14,38563,-38563,0,0,0,0,0,0,0,0,0
2020-08-13,-86285,87586,0,0,0,0,0,0,0,0,-1301
2020-08-12,62302,-63852,0,0,0,0,0,0,0,0,1550
2020-08-11,-7445,7623,0,0,0,0,0,0,0,0,2000
2020-08-10,9803,-10803,0,0,0,0,0,0,0,0,1000
2020-08-07,29001,-27956,0,0,0,0,0,0,0,0,-450
2020-08-06,-14892,14892,0,0,0,0,0,0,0,0,0
2020-08-05,-38345,34843,0,0,0,0,0,0,0,0,3502
2020-08-04,-26531,26581,0,0,0,0,0,0,0,0,0
2020-08-03,-10941,10941,0,0,0,0,0,0,0,0,0
2020-07-31,-6709,7709,0,0,0,0,0,0,0,0,-1000
2020-07-30,-18868,18858,0,0,0,0,0,0,0,0,0
2020-07-29,-40599,40599,0,0,0,0,0,0,0,0,0
2020-07-28,36546,-36546,0,0,0,0,0,0,0,0,0
2020-07-27,-7413,7393,0,0,0,0,0,0,0,0,0
2020-07-24,-10732,5022,0,0,0,0,0,0,0,0,6000
2020-07-23,45736,-45736,0,0,0,0,0,0,0,0,0
2020-07-22,-19105,17605,0,0,0,0,0,0,0,0,2000
2020-07-21,-31560,31560,0,0,0,0,0,0,0,0,0
2020-07-20,11867,-15367,0,0,0,0,0,0,0,0,3000
2020-07-17,-20794,20794,0,0,0,0,0,0,0,0,0
2020-07-16,-38559,38559,0,0,0,0,0,0,0,0,0
2020-07-15,-40274,40524,0,0,0,0,0,0,0,0,0
2020-07-14,-20487,20387,0,0,0,0,0,0,0,0,0
2020-07-13,149873,-83528,0,0,0,0,0,0,0,0,-66500
2020-07-10,71898,-72303,0,0,0,0,0,0,0,0,0
2020-07-09,-23200,17272,0,0,0,0,0,0,0,0,6000
2020-07-08,-35760,35716,0,0,0,0,0,0,0,0,0
2020-07-07,21948,-21976,0,0,0,0,0,0,0,0,0
2020-07-06,-11646,11646,0,0,0,0,0,0,0,0,0
2020-07-03,-33189,33189,0,0,0,0,0,0,0,0,0
2020-07-02,-55102,55357,0,0,0,0,0,0,0,0,0
2020-07-01,-6747,6547,0,0,0,0,0,0,0,0,0
2020-06-30,-94207,94207,0,0,0,0,0,0,0,0,0
2020-06-29,-106024,108549,0,0,0,0,0,0,0,0,1000
2020-06-26,2837,-84,0,0,0,0,0,0,0,0,-3010
2020-06-25,-12299,12499,0,0,0,0,0,0,0,0,0
2020-06-24,-63446,60446,0,0,0,0,0,0,0,0,2998
2020-06-23,13863,-12080,-783,0,0,-783,0,0,0,0,0
2020-06-22,15159,-11259,-3900,0,0,-3900,0,0,0,0,0
2020-06-19,-20962,22402,-1492,0,0,-1492,0,0,0,0,2
2020-06-18,-17806,17806,0,0,0,0,0,0,0,0,0
2020-06-17,-41387,36610,0,0,0,0,0,0,0,0,4000
2020-06-16,-15102,41629,0,0,0,0,0,0,0,0,-26527
2020-06-15,100209,-100804,0,0,0,0,0,0,0,0,400
2020-06-12,50006,-51395,0,0,0,0,0,0,0,0,0
2020-06-11,-10585,21149,0,0,0,0,0,0,0,0,0
2020-06-10,46379,-45498,0,0,0,0,0,0,0,0,0
2020-06-09,-15116,10657,0,0,0,0,0,0,0,0,2965
2020-06-08,41574,-51574,0,0,0,0,0,0,0,0,0
2020-06-05,-43028,41648,1380,-1,0,1381,0,0,0,0,0
2020-06-04,-39352,37147,1385,0,0,1385,0,0,0,0,1000
2020-06-03,112655,-108395,2040,0,0,2040,0,0,0,0,-6500
2020-06-02,-62636,61924,682,0,0,682,0,0,0,0,0
2020-06-01,-91424,90637,687,0,0,687,0,0,0,0,0
2020-05-29,124691,-125691,0,0,0,0,0,0,0,0,0
2020-05-28,31108,-55997,0,0,0,0,0,0,0,0,22053
2020-05-27,-53569,54417,0,0,0,0,0,0,0,0,0
2020-05-26,-49178,48390,0,0,0,0,0,0,0,0,0
2020-05-25,-27600,28483,0,0,0,0,0,0,0,0,0
2020-05-22,76617,-80896,0,0,0,0,0,0,0,0,0
2020-05-21,61240,-74240,0,0,0,0,0,0,0,0,0
2020-05-20,-102200,99189,0,0,0,0,0,0,0,0,3010
2020-05-19,-27029,27029,0,0,0,0,0,0,0,0,0
2020-05-18,-2573,2367,0,0,0,0,0,0,0,0,1
2020-05-15,-132730,132830,0,0,0,0,0,0,0,0,0
2020-05-14,-118980,119645,0,0,0,0,0,0,0,0,0
2020-05-13,233019,-234806,0,0,0,0,0,0,0,0,1102
2020-05-12,31017,-30946,0,0,0,0,0,0,0,0,-5
2020-05-11,32365,-31470,0,0,0,0,0,0,0,0,5
2020-05-08,-81547,81547,0,0,0,0,0,0,0,0,0
2020-05-07,72042,-72149,0,0,0,0,0,0,0,0,7
2020-05-06,37503,-22415,0,0,0,0,0,0,0,0,-4365
2020-05-04,-120069,117790,0,0,0,0,0,0,0,0,4365
2020-04-29,-82799,83630,0,0,0,0,0,0,0,0,1500
2020-04-28,-21080,21006,-1,-1,0,0,0,0,0,0,0
2020-04-27,-182801,181440,0,0,0,0,0,0,0,0,0
2020-04-24,121228,-121660,0,0,0,0,0,0,0,0,0
2020-04-23,-112099,110899,0,0,0,0,0,0,0,0,0
2020-04-22,61895,-72930,0,0,0,0,0,0,0,0,0
2020-04-21,-122877,129158,0,0,0,0,0,0,0,0,0
2020-04-20,84030,-72494,0,0,0,0,0,0,0,0,-8110
2020-04-17,-105898,120358,0,0,0,0,0,0,0,0,-15665
2020-04-16,115074,-113077,0,0,0,0,0,0,0,0,1989
2020-04-14,-125771,117133,0,0,0,0,0,0,0,0,6802
2020-04-13,-101855,94496,0,0,0,0,0,0,0,0,4833
2020-04-10,-7637,-14191,0,0,0,0,0,0,0,0,21000
2020-04-09,34156,-48732,0,0,0,0,0,0,0,0,13552
2020-04-08,194752,-196232,0,0,0,0,0,0,0,0,-254
2020-04-07,246708,-244340,0,0,0,0,0,0,0,0,-4047
2020-04-06,-119746,143469,0,0,0,0,0,0,0,0,-24282
2020-04-03,267652,-279454,0,0,0,0,0,0,0,0,11100
2020-04-02,-302306,289251,0,0,0,0,0,0,0,0,20000
2020-04-01,10985,-4598,0,0,0,0,0,0,0,0,-6198
2020-03-31,-170866,169955,0,0,0,0,0,0,0,0,8000
2020-03-30,9279,-8744,0,0,0,0,0,0,0,0,282
2020-03-27,25659,-64739,0,0,0,0,0,0,0,0,29750
2020-03-26,-125774,170872,0,0,0,0,0,0,0,0,-27462
2020-03-25,-29868,74533,0,0,0,0,0,0,0,0,-49762
2020-03-24,43309,-46901,0,0,0,0,0,0,0,0,1000
2020-03-23,-38482,29905,0,0,0,0,0,0,0,0,-1161
2020-03-20,-28350,27100,0,0,0,0,0,0,0,0,-25
2020-03-19,-65975,11415,0,0,0,0,0,0,0,0,50963
2020-03-18,-6520,13176,-52,-52,0,0,0,0,0,0,-6745
2020-03-17,-12535,4964,0,0,0,0,0,0,0,0,8145
2020-03-16,-797,10120,-4999,-4999,0,0,0,0,0,0,-4341
2020-03-13,-6376,-10404,0,0,0,0,0,0,0,0,16880
2020-03-12,110857,-69238,0,0,0,0,0,0,0,0,1062
2020-03-11,125381,-97548,0,0,0,0,0,0,0,0,-58244
2020-03-10,59666,-67795,0,0,0,0,0,0,0,0,7611
2020-03-09,-13842,7825,0,0,0,0,0,0,0,0,1964
2020-03-06,502,2897,0,0,0,0,0,0,0,0,4000
2020-03-05,-8713,-1423,0,0,0,0,0,0,0,0,10036
2020-03-04,345884,-293574,0,0,0,0,0,0,0,0,-64830
2020-03-03,-184204,124824,0,0,0,0,0,0,0,0,59330
2020-03-02,-108785,106892,0,0,0,0,0,0,0,0,1893
2020-02-28,-27394,27394,0,0,0,0,0,0,0,0,0
2020-02-27,-6730,23177,-2,-2,0,0,0,0,0,0,-16445
2020-02-26,-99866,99224,0,0,0,0,0,0,0,0,642
2020-02-25,-125424,69451,0,0,0,0,0,0,0,0,55973
2020-02-24,-24775,22089,0,0,0,0,0,0,0,0,3430
2020-02-21,10269,-82170,0,0,0,0,0,0,0,0,71901
2020-02-20,27498,-29190,5052,5052,0,0,0,0,0,0,-1560
2020-02-19,13860,-26237,0,0,0,0,0,0,0,0,12692
2020-02-18,364713,-370536,931,931,0,0,0,0,0,0,-5212
2020-02-17,248790,-249242,0,0,0,0,0,0,0,0,313
2020-02-14,94862,-77402,-15528,-15528,0,0,0,0,0,0,-2500
2020-02-13,-25645,25645,0,0,0,0,0,0,0,0,0
2020-02-12,-11516,11546,0,0,0,0,0,0,0,0,0
2020-02-11,-43607,38707,0,0,0,0,0,0,0,0,0
2020-02-10,28272,-25760,0,0,0,0,0,0,0,0,-3000
2020-02-07,-6008,6008,0,0,0,0,0,0,0,0,0
2020-02-06,-3651,4651,0,0,0,0,0,0,0,0,-1000
2020-02-05,1776,-1776,0,0,0,0,0,0,0,0,0
2020-02-04,-18255,18255,0,0,0,0,0,0,0,0,0
2020-02-03,-30455,31955,0,0,0,0,0,0,0,0,0
2020-01-31,20756,-21881,0,0,0,0,0,0,0,0,2000
2020-01-30,44409,-46759,0,0,0,0,0,0,0,0,2000
2020-01-29,-5224,2224,0,0,0,0,0,0,0,0,3000
2020-01-28,-8882,5872,0,0,0,0,0,0,0,0,3000
2020-01-23,31021,-29598,0,0,0,0,0,0,0,0,-1100
2020-01-22,48527,-48507,0,0,0,0,0,0,0,0,0
2020-01-21,-56165,50475,0,0,0,0,0,0,0,0,5611
2020-01-20,19283,-36788,15528,15528,0,0,0,0,0,0,0
2020-01-17,220953,-220932,-20,0,0,-20,0,0,0,0,0
2020-01-16,18124,-18113,0,0,0,0,0,0,0,0,0
2020-01-15,-9890,9890,0,0,0,0,0,0,0,0,0
2020-01-14,85082,-85072,0,0,0,0,0,0,0,0,389
2020-01-13,24864,-23685,20,0,0,20,0,0,0,0,-1600
2020-01-10,938,-938,0,0,0,0,0,0,0,0,0
2020-01-09,-41187,41187,0,0,0,0,0,0,0,0,0
2020-01-08,-67623,67623,0,0,0,0,0,0,0,0,0
2020-01-07,-30185,30185,0,0,0,0,0,0,0,0,0
2020-01-06,-20009,20008,0,0,0,0,0,0,0,0,0
2020-01-03,2824,-2824,0,0,0,0,0,0,0,0,0
2020-01-02,-51199,51172,0,0,0,0,0,0,0,0,0
2019-12-30,-11681,11678,0,0,0,0,0,0,0,0,0
2019-12-27,-45424,45408,0,0,0,0,0,0,0,0,0
2019-12-26,-27855,27855,0,0,0,0,0,0,0,0,0
2019-12-24,-14064,14066,0,0,0,0,0,0,0,0,0
2019-12-23,95729,-95730,0,0,0,0,0,0,0,0,0
2019-12-20,216226,-216221,0,0,0,0,0,0,0,0,-7
2019-12-19,-4370,4370,0,0,0,0,0,0,0,0,0
2019-12-18,6964,-6976,0,0,0,0,0,0,0,0,0
2019-12-17,1630,-1629,0,0,0,0,0,0,0,0,-1
2019-12-16,454,-454,0,0,0,0,0,0,0,0,0
2019-12-13,-5081,5081,0,0,0,0,0,0,0,0,0
2019-12-12,-20052,20049,2,2,0,0,0,0,0,0,1
2019-12-11,-17890,17890,0,0,0,0,0,0,0,0,0
2019-12-10,3917,-3867,0,0,0,0,0,0,0,0,0
2019-12-09,-3038,2988,0,0,0,0,0,0,0,0,0
2019-12-06,-58655,58625,0,0,0,0,0,0,0,0,0
2019-12-05,-87299,87299,0,0,0,0,0,0,0,0,0
2019-12-04,-92378,92378,0,0,0,0,0,0,0,0,0
2019-12-03,4331,-4346,0,0,0,0,0,0,0,0,5
2019-12-02,13861,-13861,0,0,0,0,0,0,0,0,0
2019-11-29,-6912,6912,0,0,0,0,0,0,0,0,0
2019-11-28,14699,-14699,0,0,0,0,0,0,0,0,0
2019-11-27,11082,-11083,0,0,0,0,0,0,0,0,0
2019-11-26,26660,-26680,0,0,0,0,0,0,0,0,0
2019-11-25,50384,-50383,-1,-1,0,0,0,0,0,0,0
2019-11-22,-70356,70404,-68,-68,0,0,0,0,0,0,0
2019-11-21,-110150,110237,-137,0,0,0,0,0,0,-137,0
2019-11-20,-154462,154648,-286,0,0,0,0,0,0,-286,0
2019-11-19,163366,-159882,-3534,-503,0,0,0,0,0,-3031,0
2019-11-18,-135032,163017,-25786,-3439,0,0,0,0,0,-22347,-1759
2019-11-15,-96397,86596,0,0,0,0,0,0,0,0,8001
2019-11-14,-21175,20875,0,0,0,0,0,0,0,0,0
2019-11-13,-76902,76902,0,0,0,0,0,0,0,0,0
2019-11-12,-164093,175578,0,0,0,0,0,0,0,0,-5000
2019-11-11,87229,-88993,0,0,0,0,0,0,0,0,1760
2019-11-08,-32523,41523,0,0,0,0,0,0,0,0,0
2019-11-07,-157828,157828,0,0,0,0,0,0,0,0,0
2019-11-06,38344,-37244,0,0,0,0,0,0,0,0,0
2019-11-05,167666,-159342,0,0,0,0,0,0,0,0,-3155
2019-11-04,-40339,21929,0,0,0,0,0,0,0,0,6900
2019-11-01,-43275,43275,0,0,0,0,0,0,0,0,0
2019-10-31,-256,256,0,0,0,0,0,0,0,0,0
2019-10-30,30770,-24742,0,0,0,0,0,0,0,0,-6028
2019-10-29,-198479,185111,0,0,0,0,0,0,0,0,6028
2019-10-28,-14535,11635,0,0,0,0,0,0,0,0,0
2019-10-25,17326,-17326,0,0,0,0,0,0,0,0,0
2019-10-24,-18453,18453,0,0,0,0,0,0,0,0,0
2019-10-23,8966,-8966,0,0,0,0,0,0,0,0,0
2019-10-22,-70729,70729,0,0,0,0,0,0,0,0,0
2019-10-21,87433,-71201,0,0,0,0,0,0,0,0,-16232
2019-10-18,-9968,-6264,0,0,0,0,0,0,0,0,16232
2019-10-17,-62368,62368,0,0,0,0,0,0,0,0,0
2019-10-16,-53495,53495,0,0,0,0,0,0,0,0,0
2019-10-15,6398,-6398,0,0,0,0,0,0,0,0,0
2019-10-14,-911,911,0,0,0,0,0,0,0,0,0
2019-10-11,-12343,12343,0,0,0,0,0,0,0,0,0
2019-10-10,-2337,2337,0,0,0,0,0,0,0,0,0
2019-10-08,-16602,22886,0,0,0,0,0,0,0,0,0
2019-10-07,7983,-7983,0,0,0,0,0,0,0,0,0
2019-10-04,-7728,7728,0,0,0,0,0,0,0,0,0
2019-10-02,13632,-17320,-2596,0,0,0,0,0,0,-2596,0
2019-10-01,-5868,5868,0,0,0,0,0,0,0,0,0
2019-09-30,26887,-10037,-5,-5,0,0,0,0,0,0,-16845
2019-09-27,-11543,-5302,0,0,0,0,0,0,0,0,16845
2019-09-26,-99324,99324,0,0,0,0,0,0,0,0,0
2019-09-25,15441,-11616,-2,-2,0,0,0,0,0,0,-3823
2019-09-24,-7987,4162,2,2,0,0,0,0,0,0,3823
2019-09-23,24263,-24263,0,0,0,0,0,0,0,0,0
2019-09-20,885,-885,0,0,0,0,0,0,0,0,0
2019-09-19,126158,-126158,0,0,0,0,0,0,0,0,0
2019-09-18,5481,-5481,0,0,0,0,0,0,0,0,0
2019-09-17,-57053,57053,0,0,0,0,0,0,0,0,0
2019-09-16,-30819,30819,0,0,0,0,0,0,0,0,0
2019-09-11,-3571,3562,0,0,0,0,0,0,0,0,0
2019-09-10,-52963,52963,0,0,0,0,0,0,0,0,0
2019-09-09,-635,635,0,0,0,0,0,0,0,0,0
2019-09-06,2259,-2259,0,0,0,0,0,0,0,0,0
2019-09-05,3621,-3621,0,0,0,0,0,0,0,0,0
2019-09-04,-9479,9479,0,0,0,0,0,0,0,0,0
2019-09-03,8871,-8841,0,0,0,0,0,0,0,0,0
2019-09-02,-7232,7232,0,0,0,0,0,0,0,0,0
2019-08-30,6269,21646,0,0,0,0,0,0,0,0,-27915
2019-08-29,552,7559,0,0,0,0,0,0,0,0,-8111
2019-08-28,45058,-50169,0,0,0,0,0,0,0,0,8111
2019-08-27,41024,-41024,0,0,0,0,0,0,0,0,0
2019-08-26,-16951,16951,0,0,0,0,0,0,0,0,0
2019-08-23,16816,-16816,0,0,0,0,0,0,0,0,0
2019-08-22,38281,-27297,-5,-5,0,0,0,0,0,0,-10854
2019-08-21,-732,-5577,-4106,-4106,0,0,0,0,0,0,10854
2019-08-20,15291,2705,-2870,-2870,0,0,0,0,0,0,-15126
2019-08-19,77842,-27671,-65736,-65736,0,0,0,0,0,0,15126
2019-08-16,10405,-10405,0,0,0,0,0,0,0,0,0
2019-08-14,-959,959,0,0,0,0,0,0,0,0,0
2019-08-13,1954,-1954,0,0,0,0,0,0,0,0,0
2019-08-12,-1227,1227,0,0,0,0,0,0,0,0,0
2019-08-09,3485,-3486,1,1,0,0,0,0,0,0,0
2019-08-08,-4774,4773,1,1,0,0,0,0,0,0,0
2019-08-07,497,-499,2,2,0,0,0,0,0,0,0
2019-08-06,1640,-1642,2,2,0,0,0,0,0,0,0
2019-08-05,8475,-8476,1,1,0,0,0,0,0,0,0
2019-08-02,3642,-3642,0,0,0,0,0,0,0,0,0
2019-08-01,3728,-3728,0,0,0,0,0,0,0,0,0
2019-07-31,5579,-5580,1,0,0,0,1,0,0,0,0
2019-07-30,-672,668,4,4,0,0,0,0,0,0,0
2019-07-29,15987,-15539,-448,0,0,0,0,0,0,-448,0
2019-07-26,16586,-16586,0,0,0,0,0,0,0,0,0
2019-07-25,5083,-5083,0,0,0,0,0,0,0,0,0
2019-07-24,1558,-1558,0,0,0,0,0,0,0,0,0
2019-07-23,6222,-6222,0,0,0,0,0,0,0,0,0
2019-07-22,15537,-15537,0,0,0,0,0,0,0,0,0
2019-07-19,411,-411,0,0,0,0,0,0,0,0,0
2019-07-18,2830,-2830,0,0,0,0,0,0,0,0,0
2019-07-17,4442,-3899,-543,0,0,0,0,0,0,-543,0
2019-07-16,2168,-2168,0,0,0,0,0,0,0,0,0
2019-07-15,3584,-3584,0,0,0,0,0,0,0,0,0
2019-07-12,1077,-1077,0,0,0,0,0,0,0,0,0
2019-07-11,-210,210,0,0,0,0,0,0,0,0,0
2019-07-10,9468,-9468,0,0,0,0,0,0,0,0,0
2019-07-09,5270,-5270,0,0,0,0,0,0,0,0,0
2019-07-08,8840,-8840,0,0,0,0,0,0,0,0,0
2019-07-05,2,-2,0,0,0,0,0,0,0,0,0
2019-07-04,5000,-3038,0,0,0,0,0,0,0,0,0
2019-07-03,3817,-3817,0,0,0,0,0,0,0,0,0
2019-07-02,923,-923,0,0,0,0,0,0,0,0,0
2019-07-01,-1915,1915,0,0,0,0,0,0,0,0,0
2019-06-28,3212,-2619,-593,0,0,0,0,0,0,-593,0
2019-06-27,3846,-3846,0,0,0,0,0,0,0,0,0
2019-06-26,1878,-1479,-399,0,0,0,0,0,0,-399,0
2019-06-25,7850,-7850,0,0,0,0,0,0,0,0,0
2019-06-24,3557,-3857,0,0,0,0,0,0,0,0,0
2019-06-21,766,-766,0,0,0,0,0,0,0,0,0
2019-06-20,3000,-567,0,0,0,0,0,0,0,0,-2433
2019-06-19,-9220,8921,299,299,0,0,0,0,0,0,0
2019-06-18,1340,-1340,0,0,0,0,0,0,0,0,0
2019-06-17,263,-198,0,0,0,0,0,0,0,0,-65
2019-06-14,-4281,4281,0,0,0,0,0,0,0,0,0
2019-06-13,4981,-4981,0,0,0,0,0,0,0,0,0
2019-06-12,12540,-12540,0,0,0,0,0,0,0,0,0
2019-06-11,3948,-3879,0,0,0,0,0,0,0,0,-69
2019-06-10,7710,-7711,0,0,0,0,0,0,0,0,1
2019-06-07,11496,-1002,-10495,-2652,0,0,0,0,0,-7843,1
2019-06-05,3430,-3486,0,0,0,0,0,0,0,0,1
2019-06-04,689,-604,0,0,0,0,0,0,0,0,-85
2019-06-03,30274,-30139,0,0,0,0,0,0,0,0,-135
2019-05-31,8172,-8246,0,0,0,0,0,0,0,0,74
2019-05-30,817,-901,0,0,0,0,0,0,0,0,84
2019-05-29,12188,-11384,-804,0,0,0,0,0,0,-804,0
2019-05-28,4369,-4369,0,0,0,0,0,0,0,0,0
2019-05-27,-4233,4177,0,0,0,0,0,0,0,0,57
2019-05-24,-12181,12181,0,0,0,0,0,0,0,0,0
2019-05-23,8008,-8008,0,0,0,0,0,0,0,0,0
2019-05-22,6954,-6854,0,0,0,0,0,0,0,0,0
2019-05-21,4302,-4302,0,0,0,0,0,0,0,0,0
2019-05-20,17982,-17982,0,0,0,0,0,0,0,0,0
2019-05-17,5920,-5920,0,0,0,0,0,0,0,0,0
2019-05-16,23924,-23924,0,0,0,0,0,0,0,0,0
2019-05-15,-954,854,0,0,0,0,0,0,0,0,0
2019-05-14,-2014,1952,0,0,0,0,0,0,0,0,62
2019-05-13,-3154,3154,0,0,0,0,0,0,0,0,0
2019-05-10,3169,-3169,0,0,0,0,0,0,0,0,0
2019-05-09,41464,-41569,0,0,0,0,0,0,0,0,105
2019-05-08,-6371,6371,0,0,0,0,0,0,0,0,0
2019-05-07,13772,-13772,0,0,0,0,0,0,0,0,0
2019-05-03,2746,-2746,0,0,0,0,0,0,0,0,0
2019-05-02,-1080,1080,0,0,0,0,0,0,0,0,0
2019-04-30,-8448,6482,1725,0,0,0,0,0,0,1725,241
2019-04-29,3614,-6604,2990,0,0,0,0,0,0,2990,0
2019-04-26,288,-621,210,0,0,0,0,0,0,210,123
2019-04-25,5088,-5282,194,0,0,0,0,0,0,194,0
2019-04-24,-26722,18784,7938,0,0,0,0,0,0,7938,0
2019-04-23,-42043,21897,20146,0,0,0,0,0,0,20146,0
2019-04-22,-18066,12242,5824,0,0,0,0,0,0,5824,0
2019-04-19,-11900,11900,0,0,0,0,0,0,0,0,0
2019-04-18,15091,-14843,-248,-248,0,0,0,0,0,0,0
2019-04-17,-31547,31706,0,0,0,0,0,0,0,0,-159
2019-04-16,27622,-27622,0,0,0,0,0,0,0,0,0
2019-04-15,-34403,34553,0,0,0,0,0,0,0,0,-144
2019-04-12,-28091,28091,0,0,0,0,0,0,0,0,0
2019-04-11,-19214,19214,0,0,0,0,0,0,0,0,0
2019-04-10,-4788,4782,0,0,0,0,0,0,0,0,0
2019-04-09,-10887,10887,0,0,0,0,0,0,0,0,0
2019-04-08,17709,-17709,0,0,0,0,0,0,0,0,0
2019-04-05,616,10730,0,0,0,0,0,0,0,0,0
2019-04-04,-28413,17068,0,0,0,0,0,0,0,0,-1
2019-04-03,-1719,2051,0,0,0,0,0,0,0,0,156
2019-04-02,92833,-91122,0,0,0,0,0,0,0,0,-173
2019-04-01,14280,-8729,-5551,-1760,0,0,0,0,0,-3791,0
2019-03-29,10584,-10584,0,0,0,0,0,0,0,0,0
2019-03-28,9707,-9707,0,0,0,0,0,0,0,0,0
2019-03-27,10608,-10608,0,0,0,0,0,0,0,0,0
2019-03-26,12753,-11671,-1082,-1082,0,0,0,0,0,0,0
2019-03-25,2904,-2904,0,0,0,0,0,0,0,0,0
2019-03-22,5233,-5233,0,0,0,0,0,0,0,0,0
2019-03-21,7258,-7258,0,0,0,0,0,0,0,0,0
2019-03-20,23467,-21422,0,0,0,0,0,0,0,0,102
2019-03-19,8768,-8768,0,0,0,0,0,0,0,0,0
2019-03-18,1159,-1159,0,0,0,0,0,0,0,0,0
2019-03-15,9802,-9802,0,0,0,0,0,0,0,0,0
2019-03-14,7996,-7996,0,0,0,0,0,0,0,0,0
2019-03-13,8441,-8441,0,0,0,0,0,0,0,0,0
2019-03-12,3463,-3463,0,0,0,0,0,0,0,0,0
2019-03-11,5165,-5165,0,0,0,0,0,0,0,0,0
2019-03-08,4538,-4538,0,0,0,0,0,0,0,0,0
2019-03-07,2834,-2834,0,0,0,0,0,0,0,0,0
2019-03-06,-2716,2716,0,0,0,0,0,0,0,0,0
2019-03-05,-5206,5206,0,0,0,0,0,0,0,0,0
2019-03-04,-21419,21323,0,0,0,0,0,0,0,0,96
2019-02-28,39121,-39121,0,0,0,0,0,0,0,0,0
2019-02-27,-13415,13415,0,0,0,0,0,0,0,0,0
2019-02-26,-7400,7400,0,0,0,0,0,0,0,0,0
2019-02-25,-15069,15069,0,0,0,0,0,0,0,0,0
2019-02-22,7127,-6774,0,0,0,0,0,0,0,0,0
2019-02-21,2446,-2446,0,0,0,0,0,0,0,0,0
2019-02-20,4036,-4036,0,0,0,0,0,0,0,0,0
2019-02-19,6913,-4977,0,0,0,0,0,0,0,0,0
2019-02-18,-12625,13879,0,0,0,0,0,0,0,0,0
2019-02-15,5032,-5032,0,0,0,0,0,0,0,0,0
2019-02-14,9438,-8741,-697,-697,0,0,0,0,0,0,0
2019-02-13,-5538,5538,0,0,0,0,0,0,0,0,0
2019-02-12,-2993,2993,0,0,0,0,0,0,0,0,0
2019-02-11,11622,-11723,0,0,0,0,0,0,0,0,0
2019-02-08,-46545,46545,0,0,0,0,0,0,0,0,0
2019-02-07,-12719,13082,-363,-363,0,0,0,0,0,0,0
2019-02-01,-7003,7003,0,0,0,0,0,0,0,0,0
2019-01-31,9129,-9129,0,0,0,0,0,0,0,0,0
2019-01-30,-6522,5881,53,53,0,0,0,0,0,0,0
2019-01-29,-5399,4733,0,0,0,0,0,0,0,0,0
2019-01-28,12392,-12392,0,0,0,0,0,0,0,0,0
2019-01-25,-9275,9275,0,0,0,0,0,0,0,0,0
2019-01-24,-1658,1658,0,0,0,0,0,0,0,0,0
2019-01-23,-7188,7135,53,53,0,0,0,0,0,0,0
2019-01-22,20549,-15967,52,52,0,0,0,0,0,0,97
2019-01-21,-21583,21534,54,54,0,0,0,0,0,0,0
2019-01-18,-31146,31092,54,54,0,0,0,0,0,0,0
2019-01-17,596,24781,-1,-1,0,0,0,0,0,0,-30461
2019-01-16,33699,10945,-1,-1,0,0,0,0,0,0,-48499
2019-01-15,-30131,29084,54,54,0,0,0,0,0,0,983
2019-01-14,-15491,15436,55,55,0,0,0,0,0,0,0
2019-01-11,-5247,5081,54,54,0,0,0,0,0,0,112
2019-01-10,-5385,137,0,0,0,0,0,0,0,0,0
2019-01-09,-7467,7414,53,53,0,0,0,0,0,0,0
2019-01-08,-1277,1224,53,53,0,0,0,0,0,0,0
2019-01-07,-5886,5886,0,0,0,0,0,0,0,0,0
2019-01-04,-42578,-16799,965,965,0,0,0,0,0,0,58412
2019-01-03,-72569,-28688,3791,0,0,0,0,0,0,3791,97466
2019-01-02,-88976,-20951,0,0,0,0,0,0,0,0,109927
2018-12-28,-104688,4688,0,0,0,0,0,0,0,0,100000
2018-12-27,-30754,-19246,0,0,0,0,0,0,0,0,50000
2018-12-26,-6128,-30987,0,0,0,0,0,0,0,0,37115
2018-12-24,13820,-13820,0,0,0,0,0,0,0,0,0
2018-12-21,10715,-10665,-50,-50,0,0,0,0,0,0,0
2018-12-20,23054,-20813,5,5,0,0,0,0,0,0,0
2018-12-19,24861,-27298,6,6,0,0,0,0,0,0,185
2018-12-18,-32600,32649,-49,-49,0,0,0,0,0,0,0
2018-12-17,7794,-7745,-49,-49,0,0,0,0,0,0,0
2018-12-14,-33254,14077,18926,18926,0,0,0,0,0,0,251
2018-12-13,-27454,27454,0,0,0,0,0,0,0,0,0
2018-12-12,15370,-15370,0,0,0,0,0,0,0,0,0
2018-12-11,-24855,25008,0,0,0,0,0,0,0,0,-153
2018-12-10,110197,-110250,53,53,0,0,0,0,0,0,0
2018-12-07,-5916,5848,0,0,0,0,0,0,0,0,68
2018-12-06,37727,-37843,0,0,0,0,0,0,0,0,116
2018-12-05,26959,-27086,0,0,0,0,0,0,0,0,127
2018-12-04,-29419,29372,0,0,0,0,0,0,0,0,47
2018-12-03,-16413,-11457,938,938,0,0,0,0,0,0,26932
2018-11-30,-17394,17292,0,0,0,0,0,0,0,0,102
2018-11-29,-1086,981,0,0,0,0,0,0,0,0,105
2018-11-28,13801,-3715,-233,-233,0,0,0,0,0,0,-9853
2018-11-27,6215,-3087,-3175,-3175,0,0,0,0,0,0,47
2018-11-26,-2251,4183,-1932,-1932,0,0,0,0,0,0,0
2018-11-23,1977,-1928,-349,-349,0,0,0,0,0,0,300
2018-11-22,15405,-11788,-3617,-3617,0,0,0,0,0,0,0
2018-11-21,-2147,12363,-10240,-10240,0,0,0,0,0,0,24
2018-11-20,-3657,3539,4,4,0,0,0,0,0,0,114
2018-11-19,-25125,25077,48,48,0,0,0,0,0,0,0
2018-11-16,-11333,11291,0,0,0,0,0,0,0,0,42
2018-11-15,7321,-7321,0,0,0,0,0,0,0,0,0
2018-11-14,-4705,4705,0,0,0,0,0,0,0,0,0
2018-11-13,-6189,6112,0,0,0,0,0,0,0,0,77
2018-11-12,12279,-12581,-41,-41,0,0,0,0,0,0,343
2018-11-09,21532,-21492,-40,-40,0,0,0,0,0,0,0
2018-11-08,-7020,7061,-41,-41,0,0,0,0,0,0,0
2018-11-07,33354,-33311,-43,-43,0,0,0,0,0,0,0
2018-11-06,1670,-1610,-38,-38,0,0,0,0,0,0,-22
2018-11-05,14971,-14955,-38,-38,0,0,0,0,0,0,22
2018-11-02,-43091,43091,0,0,0,0,0,0,0,0,0
2018-11-01,-62586,62799,-38,-38,0,0,0,0,0,0,-175
2018-10-31,-30252,30289,-37,-37,0,0,0,0,0,0,0
2018-10-30,-31219,29501,1543,1543,0,0,0,0,0,0,175
2018-10-29,-59576,59613,-37,-37,0,0,0,0,0,0,0
2018-10-26,7504,-7454,0,0,0,0,0,0,0,0,0
2018-10-25,-52526,52565,-39,-39,0,0,0,0,0,0,0
2018-10-24,1198,-16231,45,45,0,0,0,0,0,0,14988
2018-10-23,35131,-35143,0,0,0,0,0,0,0,0,12
2018-10-22,-63224,63305,-37,-37,0,0,0,0,0,0,-44
2018-10-19,-38080,38210,-107,-107,0,0,0,0,0,0,-23
2018-10-18,-17852,17852,0,0,0,0,0,0,0,0,0
2018-10-17,-19616,19649,0,0,0,0,0,0,0,0,-33
2018-10-16,-13313,13308,5,5,0,0,0,0,0,0,0
2018-10-15,4273,-4275,2,2,0,0,0,0,0,0,0
2018-10-12,16483,-16448,-35,-35,0,0,0,0,0,0,0
2018-10-11,-64718,64809,4,4,0,0,0,0,0,0,-95
2018-10-10,-6762,7968,2,2,0,0,0,0,0,0,0
2018-10-08,-25465,25456,38,38,0,0,0,0,0,0,-29
2018-10-05,-5861,5900,-39,-39,0,0,0,0,0,0,0
2018-10-04,-7042,7004,38,38,0,0,0,0,0,0,0
2018-10-02,7314,-7334,9,9,0,0,0,0,0,0,11
2018-10-01,-19912,19909,36,36,0,0,0,0,0,0,-33
2018-09-28,10408,-10394,0,0,0,0,0,0,0,0,-14
2018-09-27,1963,-1892,-37,-37,0,0,0,0,0,0,-34
2018-09-21,-34871,34896,-1,-1,0,0,0,0,0,0,-24
2018-09-20,7500,-7447,-39,-39,0,0,0,0,0,0,-14
2018-09-19,56689,-56622,-41,-41,0,0,0,0,0,0,-26
2018-09-18,6847,-6843,-4,-4,0,0,0,0,0,0,0
2018-09-17,-10142,19724,-8440,-8440,0,0,0,0,0,0,-1142
2018-09-14,33504,-33440,-64,-9,0,0,0,0,0,-55,0
2018-09-13,50065,-49930,-5,-5,0,0,0,0,0,0,-130
2018-09-12,25948,-23865,-9,-7,0,0,0,0,0,-2,-74
2018-09-11,6292,-4842,31,35,0,0,0,0,0,-4,-89
2018-09-10,-57837,46413,-119,-2,0,0,0,0,0,-117,6943
2018-09-07,-77816,70925,-1,-1,0,0,0,0,0,0,6892
2018-09-06,27779,-24249,-2387,-9,0,0,0,0,0,-2378,-143
2018-09-05,67250,-67104,-46,-46,0,0,0,0,0,0,0
2018-09-04,44566,-4586,-40040,-8,0,0,0,0,0,-40032,-40
2018-09-03,-36416,35389,-32,-32,0,0,0,0,0,0,59
2018-08-31,-48001,48110,-32,-32,0,0,0,0,0,0,-77
2018-08-30,-90327,90327,0,0,0,0,0,0,0,0,0
2018-08-29,-2312,2324,-12,-12,0,0,0,0,0,0,0
2018-08-28,25014,-25610,-12,-12,0,0,0,0,0,0,608
2018-08-27,-28314,28411,-9,-9,0,0,0,0,0,0,-74
2018-08-24,28139,-24783,-12,-12,0,0,0,0,0,0,0
2018-08-23,-3387,3421,-11,-11,0,0,0,0,0,0,-23
2018-08-22,46170,-36751,-9419,-14,0,0,0,0,0,-9405,0
2018-08-21,-24289,24301,-12,-12,0,0,0,0,0,0,0
2018-08-20,-34568,36792,-9,-9,0,0,0,0,0,0,-2215
2018-08-17,-59656,59668,-12,-12,0,0,0,0,0,0,0
2018-08-16,-7556,7614,-8,-8,0,0,0,0,0,0,0
2018-08-14,45944,-46659,-11,-11,0,0,0,0,0,0,676
2018-08-13,-13295,13307,-12,-12,0,0,0,0,0,0,0
2018-08-10,12140,13966,-12,-12,0,0,0,0,0,0,-26093
2018-08-09,71919,-75285,-9,-9,0,0,0,0,0,0,16
2018-08-08,9165,-3898,-5267,-5267,0,0,0,0,0,0,0
2018-08-07,-10699,5064,5635,5635,0,0,0,0,0,0,0
2018-08-06,-1466,1476,-10,-10,0,0,0,0,0,0,0
2018-08-03,-10173,10239,-66,-66,0,0,0,0,0,0,0
2018-08-02,14935,-15410,0,0,0,0,0,0,0,0,475
2018-08-01,-10332,-9660,-8,-8,0,0,0,0,0,0,20000
2018-07-31,4130,-4077,-53,-53,0,0,0,0,0,0,0
2018-07-30,3348,-3342,-6,-6,0,0,0,0,0,0,0
2018-07-27,-30426,430,-4,-4,0,0,0,0,0,0,30000
2018-07-26,-8,10,-2,-2,0,0,0,0,0,0,0
2018-07-25,4704,-4707,3,3,0,0,0,0,0,0,0
2018-07-24,399,-381,1,1,0,0,0,0,0,0,-19
2018-07-23,8653,-8766,1,1,0,0,0,0,0,0,112
2018-07-20,4135,-4134,-1,-1,0,0,0,0,0,0,0
2018-07-19,2089,-2087,-2,-2,0,0,0,0,0,0,0
2018-07-18,4522,-3687,-1,-1,0,0,0,0,0,0,-834
2018-07-17,2612,-2609,-2,-2,0,0,0,0,0,0,0
2018-07-16,3639,-2177,-1463,-1463,0,0,0,0,0,0,0
2018-07-13,1770,-1678,-92,-92,0,0,0,0,0,0,0
2018-07-12,-4743,-3437,8180,8180,0,0,0,0,0,0,0
2018-07-11,-3218,-524,3742,3742,0,0,0,0,0,0,0
2018-07-10,-4559,-2304,7819,7819,0,0,0,0,0,0,-956
2018-07-09,110,-166,56,56,0,0,0,0,0,0,0
2018-07-06,446,-454,8,8,0,0,0,0,0,0,0
2018-07-05,1074,-1130,56,56,0,0,0,0,0,0,0
2018-07-04,168,-178,10,10,0,0,0,0,0,0,0
2018-07-03,-8129,8745,-616,7,0,0,0,0,0,-623,0
2018-07-02,6256,-4264,8,8,0,0,0,0,0,0,0
2018-06-29,1958,-1963,5,5,0,0,0,0,0,0,0
2018-06-28,6633,-6637,4,4,0,0,0,0,0,0,0
2018-06-27,3928,-3931,3,3,0,0,0,0,0,0,0
2018-06-26,2773,-2776,3,3,0,0,0,0,0,0,0
2018-06-25,-4467,4461,6,6,0,0,0,0,0,0,0
2018-06-22,4465,-4568,6,6,0,0,0,0,0,0,97
2018-06-21,-151,145,6,6,0,0,0,0,0,0,0
2018-06-20,86,-93,7,7,0,0,0,0,0,0,0
2018-06-19,-12017,12015,2,2,0,0,0,0,0,0,0
2018-06-18,4094,-2159,0,0,0,0,0,0,0,0,0
2018-06-15,556,-556,0,0,0,0,0,0,0,0,0
2018-06-14,1681,-1681,0,0,0,0,0,0,0,0,0
2018-06-12,12145,-12098,-47,-47,0,0,0,0,0,0,0
2018-06-11,5657,-5657,0,0,0,0,0,0,0,0,0
2018-06-08,3219,-3218,-1,-1,0,0,0,0,0,0,0
2018-06-07,4126,-4124,-2,-2,0,0,0,0,0,0,0
2018-06-05,1405,-3386,46,46,0,0,0,0,0,0,0
2018-06-04,-4211,4106,-3,-3,0,0,0,0,0,0,108
2018-06-01,-8308,8275,33,33,0,0,0,0,0,0,0
2018-05-31,-6237,8188,49,49,0,0,0,0,0,0,0
2018-05-30,3178,-3227,49,49,0,0,0,0,0,0,0
2018-05-29,2547,-2596,49,49,0,0,0,0,0,0,0
2018-05-28,-7567,7518,49,49,0,0,0,0,0,0,0
2018-05-25,847,-2920,48,48,0,0,0,0,0,0,25
2018-05-24,5268,-5293,48,48,0,0,0,0,0,0,-23
2018-05-23,6242,-6289,47,47,0,0,0,0,0,0,0
2018-05-21,27638,-28578,47,47,0,0,0,0,0,0,893
2018-05-18,-9170,9134,50,50,0,0,0,0,0,0,-14
2018-05-17,-2362,2314,48,48,0,0,0,0,0,0,0
2018-05-16,-17023,16906,50,50,0,0,0,0,0,0,67
2018-05-15,-7369,7350,19,19,0,0,0,0,0,0,0
2018-05-14,-1829,-189,18,18,0,0,0,0,0,0,0
2018-05-11,-5883,5863,20,20,0,0,0,0,0,0,0
2018-05-10,11836,-11915,49,49,0,0,0,0,0,0,30
2018-05-09,13879,-13828,49,49,0,0,0,0,0,0,-100
2018-05-08,-83,127,-27,-27,0,0,0,0,0,0,-17
2018-05-04,-4766,4715,51,51,0,0,0,0,0,0,0
2018-05-03,2047,-2062,15,15,0,0,0,0,0,0,0
2018-05-02,-5688,5625,0,0,0,0,0,0,0,0,63
2018-04-30,-104,-117,0,0,0,0,0,0,0,0,221
2018-04-27,3173,-3173,0,0,0,0,0,0,0,0,0
2018-04-26,6792,-5148,-1635,0,0,0,0,0,0,-1635,-9
2018-04-25,21953,-21740,-199,0,0,0,0,0,0,-199,-14
2018-04-24,13461,-13447,0,0,0,0,0,0,0,0,-14
2018-04-23,1870,-1870,0,0,0,0,0,0,0,0,0
2018-04-20,8735,-8650,0,0,0,0,0,0,0,0,-85
2018-04-19,-4357,4827,-459,0,0,0,0,0,0,-459,-11
2018-04-18,-9486,9486,0,0,0,0,0,0,0,0,0
2018-04-17,-325,325,0,0,0,0,0,0,0,0,0
2018-04-16,68,-132,28,28,0,0,0,0,0,0,36
2018-04-13,-48741,48682,29,29,0,0,0,0,0,0,30
2018-04-12,2410,-1759,-651,-651,0,0,0,0,0,0,0
2018-04-11,966,-966,0,0,0,0,0,0,0,0,0
2018-04-10,-3768,3751,0,0,0,0,0,0,0,0,17
2018-04-09,2588,-2615,27,27,0,0,0,0,0,0,0
2018-04-06,1928,-1990,0,0,0,0,0,0,0,0,62
2018-04-05,45,0,0,0,0,0,0,0,0,0,0
2018-04-04,5295,-5295,0,0,0,0,0,0,0,0,0
2018-04-03,759,-759,0,0,0,0,0,0,0,0,0
2018-04-02,286,1621,-952,-952,0,0,0,0,0,0,-1000
2018-03-30,-38,43,0,0,0,0,0,0,0,0,-5
2018-03-29,4945,-3390,-1555,0,0,0,0,0,0,-1555,0
2018-03-28,-2814,1813,1,1,0,0,0,0,0,0,1000
2018-03-27,-3283,3282,1,1,0,0,0,0,0,0,0
2018-03-26,2505,-2536,0,0,0,0,0,0,0,0,31
2018-03-23,34421,-34420,0,0,0,0,0,0,0,0,-1
2018-03-22,-7463,7463,0,0,0,0,0,0,0,0,0
2018-03-21,6752,-6752,0,0,0,0,0,0,0,0,0
2018-03-20,-26585,26600,-1,-1,0,0,0,0,0,0,-14
2018-03-19,-451,2634,-2183,0,0,0,0,0,0,-2183,0
2018-03-16,-4640,4641,-1,-1,0,0,0,0,0,0,0
2018-03-15,5155,-4272,-883,-1,0,0,0,0,0,-882,0
2018-03-14,-451,467,0,0,0,0,0,0,0,0,-16
2018-03-13,6430,-6788,0,0,0,0,0,0,0,0,358
2018-03-12,-15550,14719,0,0,0,0,0,0,0,0,831
2018-03-09,-9946,9947,-1,-1,0,0,0,0,0,0,0
2018-03-08,-32576,32577,-1,-1,0,0,0,0,0,0,0
2018-03-07,-461,381,-1,-1,0,0,0,0,0,0,81
2018-03-06,-8343,8689,-2,-2,0,0,0,0,0,0,-344
2018-03-05,-5143,4802,-3,-3,0,0,0,0,0,0,344
2018-03-02,-14241,15245,-1004,-4,0,0,0,0,0,-1000,0
2018-02-28,3049,-1344,-5,-5,0,0,0,0,0,0,-1700
2018-02-27,12789,-12392,-6,-6,0,0,0,0,0,0,-391
2018-02-26,-18386,18067,-9,-9,0,0,0,0,0,0,328
2018-02-23,31258,-29617,-12,-12,0,0,0,0,0,0,-25
2018-02-22,-14788,15242,-15,-15,0,0,0,0,0,0,-439
2018-02-21,-13530,14603,-20,-20,0,0,0,0,0,0,177
2018-02-20,-217,-87,-27,-27,0,0,0,0,0,0,331
2018-02-19,11162,-8214,-36,-36,0,0,0,0,0,0,-3372
2018-02-14,-1613,1667,-54,-54,0,0,0,0,0,0,0
2018-02-13,56666,-38967,3,3,0,0,0,0,0,0,-20076
2018-02-12,-639,59,4,4,0,0,0,0,0,0,576
2018-02-09,-2257,-364,6,6,0,0,0,0,0,0,2615
2018-02-08,-8589,8048,1,1,0,0,0,0,0,0,540
2018-02-07,-1026,1128,1,1,0,0,0,0,0,0,-103
2018-02-06,-1372,-2880,0,0,0,0,0,0,0,0,4252
2018-02-05,7621,-7272,-1,-1,0,0,0,0,0,0,-348
2018-02-02,1762,-2505,0,0,0,0,0,0,0,0,743
2018-02-01,993,-964,0,0,0,0,0,0,0,0,-29
2018-01-31,-618,389,0,0,0,0,0,0,0,0,229
2018-01-30,-1894,2621,1,1,0,0,0,0,0,0,-728
2018-01-29,-5433,2334,-640,1,0,0,0,0,0,-641,4739
2018-01-26,-1004,-152,-3,-3,0,0,0,0,0,0,1159
2018-01-25,-1600,1599,1,1,0,0,0,0,0,0,0
2018-01-24,-3001,1919,-1,-1,0,0,0,0,0,0,1083
2018-01-23,-4297,-232,-1,-1,0,0,0,0,0,0,4530
2018-01-22,-2134,2134,0,0,0,0,0,0,0,0,0
2018-01-19,1267,-1267,0,0,0,0,0,0,0,0,0
2018-01-18,-1465,1558,1,1,0,0,0,0,0,0,-94
2018-01-17,1098,-1111,0,0,0,0,0,0,0,0,13
2018-01-16,-3786,-1372,-1,-1,0,0,0,0,0,0,5159
2018-01-15,-1405,1888,8,8,0,0,0,0,0,0,-491
2018-01-12,6042,-5334,-952,-952,0,0,0,0,0,0,244
2018-01-11,5642,-5432,2,2,0,0,0,0,0,0,-212
2018-01-10,-664,451,0,0,0,0,0,0,0,0,213
2018-01-09,1740,-4658,0,0,0,0,0,0,0,0,1918
2018-01-08,4055,-4183,0,0,0,0,0,0,0,0,128
2018-01-05,-2912,3356,0,0,0,0,0,0,0,0,-444
2018-01-04,832,-814,-1,-1,0,0,0,0,0,0,-30
2018-01-03,-38,-566,0,0,0,0,0,0,0,0,604
2018-01-02,722,-669,0,0,0,0,0,0,0,0,-91
2017-12-28,2822,-2822,0,0,0,0,0,0,0,0,0
2017-12-27,496,-1398,0,0,0,0,0,0,0,0,902
2017-12-26,-7201,5655,678,678,0,0,0,0,0,0,868
2017-12-22,-341,341,0,0,0,0,0,0,0,0,0
2017-12-21,-7248,7965,-717,-717,0,0,0,0,0,0,0
2017-12-20,-9120,9120,0,0,0,0,0,0,0,0,0
2017-12-19,904,-502,1,1,0,0,0,0,0,0,-403
2017-12-18,-17346,17181,1,1,0,0,0,0,0,0,164
2017-12-15,-11822,11821,1,1,0,0,0,0,0,0,0
2017-12-14,-10825,6141,4684,4684,0,0,0,0,0,0,0
2017-12-13,-6265,6263,2,2,0,0,0,0,0,0,0
2017-12-12,-16309,-30,16339,16339,0,0,0,0,0,0,0
2017-12-11,-5309,5305,4,4,0,0,0,0,0,0,0
2017-12-08,-7424,7325,5,5,0,0,0,0,0,0,94
2017-12-07,15893,-12943,7,7,0,0,0,0,0,0,145
2017-12-06,-5404,2292,10,10,0,0,0,0,0,0,0
2017-12-05,-23897,8261,15636,-2151,0,0,0,0,0,17787,0
2017-12-04,-4659,-262,4921,-1201,0,0,0,0,0,6122,0
2017-12-01,-453,389,64,64,0,0,0,0,0,0,0
2017-11-30,-5609,-1691,7300,125,0,0,0,0,0,7175,0
2017-11-29,-3817,685,3132,4203,0,0,0,0,0,-1071,0
2017-11-28,1181,-1210,29,29,0,0,0,0,0,0,0
2017-11-27,-2899,2001,898,898,0,0,0,0,0,0,0
2017-11-24,-3132,3132,0,0,0,0,0,0,0,0,0
2017-11-23,-4163,4163,0,0,0,0,0,0,0,0,0
2017-11-22,6940,-4877,-2063,0,0,0,0,0,0,-2063,0
2017-11-21,-7909,-648,8557,0,0,0,0,0,0,8557,0
2017-11-20,-13464,6243,7261,0,0,0,0,0,0,7261,0
2017-11-17,-5025,4856,169,0,0,0,0,0,0,169,0
2017-11-16,541,-541,0,0,0,0,0,0,0,0,0
2017-11-15,-218,224,-6,-6,0,0,0,0,0,0,0
2017-11-14,3311,-3318,7,7,0,0,0,0,0,0,0
2017-11-13,-7023,7023,0,0,0,0,0,0,0,0,0
2017-11-10,-2552,2552,0,0,0,0,0,0,0,0,0
2017-11-09,25954,-25954,0,0,0,0,0,0,0,0,0
2017-11-08,-2222,2222,0,0,0,0,0,0,0,0,0
2017-11-07,498,-498,0,0,0,0,0,0,0,0,0
2017-11-06,1275,-1275,0,0,0,0,0,0,0,0,0
2017-11-03,69,-69,0,0,0,0,0,0,0,0,0
2017-11-02,4173,-4173,0,0,0,0,0,0,0,0,0
2017-11-01,2120,-2120,0,0,0,0,0,0,0,0,0
2017-10-31,2253,-2253,0,0,0,0,0,0,0,0,0
2017-10-30,-827,827,0,0,0,0,0,0,0,0,0
2017-10-27,-5259,5259,0,0,0,0,0,0,0,0,0
2017-10-26,-4070,4070,0,0,0,0,0,0,0,0,0
2017-10-25,-6919,6983,0,0,0,0,0,0,0,0,0
2017-10-24,-5338,5338,0,0,0,0,0,0,0,0,0
2017-10-23,-11901,11901,0,0,0,0,0,0,0,0,0
2017-10-20,-6106,6042,0,0,0,0,0,0,0,0,0
2017-10-19,-11467,11467,0,0,0,0,0,0,0,0,0
2017-10-18,27339,-11885,-15454,0,0,0,0,0,0,-15454,0
2017-10-17,4705,4816,-9521,-9521,0,0,0,0,0,0,0
2017-10-16,3035,-2331,-704,-704,0,0,0,0,0,0,0
2017-10-13,22403,-15226,-7177,-594,0,0,0,0,0,-6583,0
2017-10-12,7108,-3167,-3941,-3941,0,0,0,0,0,0,0
2017-10-11,672,-581,0,0,0,0,0,0,0,0,-91
2017-10-10,10633,-9805,-828,0,0,0,0,0,0,-828,0
2017-09-29,8157,490,-8647,-8647,0,0,0,0,0,0,0
2017-09-28,326,-417,0,0,0,0,0,0,0,0,91
2017-09-27,-5631,6930,-1299,-1299,0,0,0,0,0,0,0
2017-09-26,-1705,2016,-311,-311,0,0,0,0,0,0,0
2017-09-25,350,-350,0,0,0,0,0,0,0,0,0
2017-09-22,4192,-4192,0,0,0,0,0,0,0,0,0
2017-09-21,20826,-20826,0,0,0,0,0,0,0,0,0
2017-09-20,8764,-8764,0,0,0,0,0,0,0,0,0
2017-09-19,4971,-3647,-1324,0,0,0,0,0,0,-1324,0
2017-09-18,292,-292,0,0,0,0,0,0,0,0,0
2017-09-15,4801,-4801,0,0,0,0,0,0,0,0,0
2017-09-14,-780,780,0,0,0,0,0,0,0,0,0
2017-09-13,1782,-1782,0,0,0,0,0,0,0,0,0
2017-09-12,-1183,1183,0,0,0,0,0,0,0,0,0
2017-09-11,1386,-1386,0,0,0,0,0,0,0,0,0
2017-09-08,1027,-1028,0,0,0,0,0,0,0,0,1
2017-09-07,-4680,6256,0,0,0,0,0,0,0,0,-1576
2017-09-06,3810,-3810,0,0,0,0,0,0,0,0,0
2017-09-05,-22221,22221,0,0,0,0,0,0,0,0,0
2017-09-04,7814,-7814,0,0,0,0,0,0,0,0,0
2017-09-01,-8570,4775,3795,4878,0,0,0,0,0,-1083,0
2017-08-31,28912,-28912,0,0,0,0,0,0,0,0,0
2017-08-30,316,-316,0,0,0,0,0,0,0,0,0
2017-08-29,393,-393,0,0,0,0,0,0,0,0,0
2017-08-28,-4363,4363,0,0,0,0,0,0,0,0,0
2017-08-25,-690,690,0,0,0,0,0,0,0,0,0
2017-08-24,1715,-1715,0,0,0,0,0,0,0,0,0
2017-08-23,922,-922,0,0,0,0,0,0,0,0,0
2017-08-22,1737,-1847,0,0,0,0,0,0,0,0,110
2017-08-21,6147,-2109,-4038,0,0,0,0,0,0,-4038,0
2017-08-18,100,-100,0,0,0,0,0,0,0,0,0
2017-08-17,1942,-4942,0,0,0,0,0,0,0,0,3000
2017-08-16,-296,77,0,0,0,0,0,0,0,0,219
2017-08-14,10099,-12346,0,0,0,0,0,0,0,0,2247
2017-08-11,6277,-6277,0,0,0,0,0,0,0,0,0
2017-08-10,4906,-4906,0,0,0,0,0,0,0,0,0
2017-08-09,10747,-4209,-6538,0,0,0,0,0,0,-6538,0
2017-08-08,2588,804,-3392,0,0,0,0,0,0,-3392,0
2017-08-07,0,0,0,0,0,0,0,0,0,0,0
2017-08-04,14877,-13563,0,0,0,0,0,0,0,0,-1314
2017-08-03,13854,-1826,-12028,0,0,0,0,0,0,-12028,0
2017-08-02,1942,1088,-3030,0,0,0,0,0,0,-3030,0
2017-08-01,1295,-1295,0,0,0,0,0,0,0,0,0
2017-07-31,5258,-5258,0,0,0,0,0,0,0,0,0
2017-07-28,2031,-3296,0,0,0,0,0,0,0,0,1265
2017-07-27,1084,-1084,0,0,0,0,0,0,0,0,0
2017-07-26,4153,-4153,0,0,0,0,0,0,0,0,0
2017-07-25,-1768,1768,0,0,0,0,0,0,0,0,0
2017-07-24,474,-474,0,0,0,0,0,0,0,0,0
2017-07-21,-248,199,0,0,0,0,0,0,0,0,49
2017-07-20,-2810,2809,0,0,0,0,0,0,0,0,1
2017-07-19,-738,738,0,0,0,0,0,0,0,0,0
2017-07-18,3864,-2920,0,0,0,0,0,0,0,0,-944
2017-07-17,-515,515,0,0,0,0,0,0,0,0,0
2017-07-14,2846,-2846,0,0,0,0,0,0,0,0,0
2017-07-13,2692,-2692,0,0,0,0,0,0,0,0,0
2017-07-12,7040,-7040,0,0,0,0,0,0,0,0,0
2017-07-11,4493,-4493,0,0,0,0,0,0,0,0,0
2017-07-10,2775,-2775,0,0,0,0,0,0,0,0,0
2017-07-07,3823,-3823,0,0,0,0,0,0,0,0,0
2017-07-06,5848,-5848,0,0,0,0,0,0,0,0,0
2017-07-05,3082,-3082,0,0,0,0,0,0,0,0,0
2017-07-04,1543,-5849,5250,5250,0,0,0,0,0,0,-944
2017-07-03,7663,-7663,0,0,0,0,0,0,0,0,0
2017-06-30,5065,-5105,0,0,0,0,0,0,0,0,0
2017-06-29,656,-656,0,0,0,0,0,0,0,0,0
2017-06-28,-845,-8227,9072,9072,0,0,0,0,0,0,0
2017-06-27,-343,343,0,0,0,0,0,0,0,0,0
2017-06-26,4249,-12880,8631,8631,0,0,0,0,0,0,0
2017-06-23,90,-90,0,0,0,0,0,0,0,0,0
2017-06-22,-2752,-22,2774,0,0,0,0,0,0,2774,0
2017-06-21,7428,-7231,-197,-197,0,0,0,0,0,0,0
2017-06-20,507,-507,0,0,0,0,0,0,0,0,0
2017-06-19,-2745,2733,0,0,0,0,0,0,0,0,12
2017-06-16,-4924,4938,0,0,0,0,0,0,0,0,-14
2017-06-15,-6989,-1030,6129,6129,0,0,0,0,0,0,1890
2017-06-14,-6179,7615,0,0,0,0,0,0,0,0,-1436
2017-06-13,-10092,9477,0,0,0,0,0,0,0,0,615
2017-06-12,-1612,1612,0,0,0,0,0,0,0,0,0
2017-06-09,-2961,2961,0,0,0,0,0,0,0,0,0
2017-06-08,-5836,5836,0,0,0,0,0,0,0,0,0
2017-06-07,-7981,8081,0,0,0,0,0,0,0,0,-100
2017-06-05,-9496,9385,0,0,0,0,0,0,0,0,111
2017-06-02,-4686,4463,0,0,0,0,0,0,0,0,223
2017-06-01,-1381,794,0,0,0,0,0,0,0,0,587
2017-05-31,-3892,3892,0,0,0,0,0,0,0,0,0
2017-05-30,-8486,8486,0,0,0,0,0,0,0,0,0
2017-05-29,-3271,3271,0,0,0,0,0,0,0,0,0
2017-05-26,-5740,5740,0,0,0,0,0,0,0,0,0
2017-05-25,129,-129,0,0,0,0,0,0,0,0,0
2017-05-24,-1554,1654,0,0,0,0,0,0,0,0,0
2017-05-23,-6790,6790,0,0,0,0,0,0,0,0,0
2017-05-22,-738,738,0,0,0,0,0,0,0,0,0
2017-05-19,-10118,11524,-1406,-1406,0,0,0,0,0,0,0
2017-05-18,-8388,8388,0,0,0,0,0,0,0,0,0
2017-05-17,-1906,1906,0,0,0,0,0,0,0,0,0
2017-05-16,-1588,1588,0,0,0,0,0,0,0,0,0
2017-05-15,4973,-5073,0,0,0,0,0,0,0,0,0
2017-05-12,53329,-53329,0,0,0,0,0,0,0,0,0
2017-05-11,-272,272,0,0,0,0,0,0,0,0,0
2017-05-10,-6189,6189,0,0,0,0,0,0,0,0,0
2017-05-08,3776,-3776,0,0,0,0,0,0,0,0,0
2017-05-04,-1035,1035,0,0,0,0,0,0,0,0,0
2017-05-02,1383,-1383,0,0,0,0,0,0,0,0,0
2017-04-28,2671,-2671,0,0,0,0,0,0,0,0,0
2017-04-27,17142,-3246,0,0,0,0,0,0,0,0,-13896
2017-04-26,-5344,5344,0,0,0,0,0,0,0,0,0
2017-04-25,1013,-1013,0,0,0,0,0,0,0,0,0
2017-04-24,8611,-8611,0,0,0,0,0,0,0,0,0
2017-04-21,416,-417,1,1,0,0,0,0,0,0,0
2017-04-20,-539,539,0,0,0,0,0,0,0,0,0
2017-04-19,-1545,1545,0,0,0,0,0,0,0,0,0
2017-04-18,673,-673,0,0,0,0,0,0,0,0,0
2017-04-17,-7042,5589,1453,1453,0,0,0,0,0,0,0
2017-04-14,7252,-7252,0,0,0,0,0,0,0,0,0
2017-04-13,1688,-1688,0,0,0,0,0,0,0,0,0
2017-04-12,14744,-7073,0,0,0,0,0,0,0,0,-7671
2017-04-11,863,-863,0,0,0,0,0,0,0,0,0
2017-04-10,16514,-15014,0,0,0,0,0,0,0,0,-1500
2017-04-07,-8610,8609,1,1,0,0,0,0,0,0,0
2017-04-06,-2426,-3610,6036,6036,0,0,0,0,0,0,0
2017-04-05,-4633,4633,0,0,0,0,0,0,0,0,0
2017-04-04,6306,-4094,-2212,-2212,0,0,0,0,0,0,0
2017-04-03,-8929,9805,0,0,0,0,0,0,0,0,0
2017-03-31,-7106,7816,0,0,0,0,0,0,0,0,-710
2017-03-30,2100,-538,1,1,0,0,0,0,0,0,-1563
2017-03-29,1245,-1244,-1,-1,0,0,0,0,0,0,0
2017-03-28,-6641,14686,-8045,-8045,0,0,0,0,0,0,0
2017-03-27,3875,-5872,-2,-2,0,0,0,0,0,0,1999
2017-03-24,-4537,4537,0,0,0,0,0,0,0,0,0
2017-03-23,1617,-1617,0,0,0,0,0,0,0,0,0
2017-03-22,-5033,5033,0,0,0,0,0,0,0,0,0
2017-03-21,-9804,8303,1,1,0,0,0,0,0,0,1500
2017-03-20,-2051,-949,0,0,0,0,0,0,0,0,3000
2017-03-17,5223,-4964,0,0,0,0,0,0,0,0,-259
2017-03-16,-4492,4492,0,0,0,0,0,0,0,0,0
2017-03-15,9119,-6614,-2505,0,0,0,0,0,0,-2505,0
2017-03-14,1233,-1235,2,2,0,0,0,0,0,0,0
2017-03-13,-16371,13090,3281,3281,0,0,0,0,0,0,0
2017-03-10,2428,-2429,1,1,0,0,0,0,0,0,0
2017-03-09,-9843,9843,0,0,0,0,0,0,0,0,0
2017-03-08,1226,-1226,0,0,0,0,0,0,0,0,0
2017-03-07,-406,1326,-920,1,0,0,0,0,0,-921,0
2017-03-06,4903,-4903,0,0,0,0,0,0,0,0,0
2017-03-03,21140,-12399,0,0,0,0,0,0,0,0,-8741
2017-03-02,934,-1851,917,4,0,0,0,0,0,913,0
2017-02-28,13616,-10788,-2828,0,0,0,0,0,0,-2828,0
2017-02-27,-9008,2012,6996,6996,0,0,0,0,0,0,0
2017-02-24,5812,7195,-12369,-12369,0,0,0,0,0,0,0
2017-02-23,-8534,8534,0,0,0,0,0,0,0,0,0
2017-02-22,-7515,6935,0,0,0,0,0,0,0,0,0
2017-02-21,-26434,26434,0,0,0,0,0,0,0,0,0
2017-02-20,-31831,388,0,0,0,0,0,0,0,0,30567
2017-02-17,-5306,1392,3914,3914,0,0,0,0,0,0,0
2017-02-16,-1521,1521,0,0,0,0,0,0,0,0,0
2017-02-15,-11765,9002,2763,2763,0,0,0,0,0,0,0
2017-02-14,73536,-73536,0,0,0,0,0,0,0,0,0
2017-02-13,-25221,12315,12906,12906,0,0,0,0,0,0,0
2017-02-10,-6959,-945,7904,0,0,0,0,0,0,7904,0
2017-02-09,-8562,7436,1126,0,0,0,0,0,0,1126,0
2017-02-08,-1670,-9064,10734,0,0,0,0,0,0,10734,0
2017-02-07,3853,-3853,0,0,0,0,0,0,0,0,0
2017-02-06,3647,-3647,0,0,0,0,0,0,0,0,0
2017-02-03,3646,2902,0,0,0,0,0,0,0,0,-6548
2017-02-02,6668,-6668,0,0,0,0,0,0,0,0,0
2017-02-01,11023,-11023,0,0,0,0,0,0,0,0,0
2017-01-31,-2168,2571,0,0,0,0,0,0,0,0,-403
2017-01-26,7912,-8277,365,0,0,0,0,0,0,365,0
2017-01-25,193,-763,570,570,0,0,0,0,0,0,0
2017-01-24,1492,-1492,0,0,0,0,0,0,0,0,0
2017-01-23,2047,-708,-1339,0,0,0,0,0,0,-1339,0
2017-01-20,168,-168,0,0,0,0,0,0,0,0,0
2017-01-19,21855,-18855,0,0,0,0,0,0,0,0,0
2017-01-18,3525,-9704,6167,6167,0,0,0,0,0,0,0
2017-01-17,2144,-6604,4460,4460,0,0,0,0,0,0,0
2017-01-16,3972,-3972,0,0,0,0,0,0,0,0,0
2017-01-13,18709,-11010,-7699,-7699,0,0,0,0,0,0,0
2017-01-12,1531,-2543,0,0,0,0,0,0,0,0,0
2017-01-11,-6881,4869,0,0,0,0,0,0,0,0,0
2017-01-10,-6857,6846,0,0,0,0,0,0,0,0,0
2017-01-09,18648,-16426,-1522,-1522,0,0,0,0,0,0,0
2017-01-06,10526,-8113,-2424,0,0,0,0,0,0,-2424,0
2017-01-05,1274,726,0,0,0,0,0,0,0,0,0
2017-01-04,2396,-3096,0,0,0,0,0,0,0,0,0
2017-01-03,-9912,9912,0,0,0,0,0,0,0,0,0
2017-01-02,532,-532,0,0,0,0,0,0,0,0,0
2016-12-29,536,-536,0,0,0,0,0,0,0,0,0
2016-12-28,-11355,11355,0,0,0,0,0,0,0,0,0
2016-12-27,-3184,3184,0,0,0,0,0,0,0,0,0
2016-12-26,1719,-719,0,0,0,0,0,0,0,0,0
2016-12-23,-7752,7752,0,0,0,0,0,0,0,0,0
2016-12-22,-479,479,0,0,0,0,0,0,0,0,0
2016-12-21,-609,609,0,0,0,0,0,0,0,0,0
2016-12-20,-9106,9246,0,0,0,0,0,0,0,0,0
2016-12-19,-51705,48705,0,0,0,0,0,0,0,0,0
2016-12-16,17600,-17713,0,0,0,0,0,0,0,0,0
2016-12-15,-2092,2092,0,0,0,0,0,0,0,0,0
2016-12-14,4524,-4524,0,0,0,0,0,0,0,0,0
2016-12-13,3477,-3477,0,0,0,0,0,0,0,0,0
2016-12-12,-1654,1654,0,0,0,0,0,0,0,0,0
2016-12-09,1130,497,0,0,0,0,0,0,0,0,0
2016-12-08,-49,1549,0,0,0,0,0,0,0,0,0
2016-12-07,10597,-13724,0,0,0,0,0,0,0,0,0
2016-12-06,-11258,11258,0,0,0,0,0,0,0,0,0
2016-12-05,45605,-45605,0,0,0,0,0,0,0,0,0
2016-12-02,-4712,4712,0,0,0,0,0,0,0,0,0
2016-12-01,-8562,8562,0,0,0,0,0,0,0,0,0
2016-11-30,-3482,3482,0,0,0,0,0,0,0,0,0
2016-11-29,-18090,18090,0,0,0,0,0,0,0,0,0
2016-11-28,-4171,4171,0,0,0,0,0,0,0,0,0
2016-11-25,38056,2745,0,0,0,0,0,0,0,0,-40801
2016-11-24,-1518,1372,146,146,0,0,0,0,0,0,0
2016-11-23,-4461,4461,0,0,0,0,0,0,0,0,0
2016-11-22,-9838,9825,13,13,0,0,0,0,0,0,0
2016-11-21,-1713,1574,139,139,0,0,0,0,0,0,0
2016-11-18,-2627,799,963,963,0,0,0,0,0,0,865
2016-11-17,-2392,960,24,24,0,0,0,0,0,0,1408
2016-11-16,-6928,6463,465,465,0,0,0,0,0,0,0
2016-11-15,15248,-15248,0,0,0,0,0,0,0,0,0
2016-11-14,-2275,7275,0,0,0,0,0,0,0,0,-5000
2016-11-11,5025,-5022,-3,-3,0,0,0,0,0,0,0
2016-11-10,16122,-16122,0,0,0,0,0,0,0,0,0
2016-11-09,-1131,1131,0,0,0,0,0,0,0,0,0
2016-11-08,15227,-15227,0,0,0,0,0,0,0,0,0
2016-11-07,-1371,1371,0,0,0,0,0,0,0,0,0
2016-11-04,25866,-25866,0,0,0,0,0,0,0,0,0
2016-11-03,9386,-8386,0,0,0,0,0,0,0,0,-1000
2016-11-02,1876,-1877,1,1,0,0,0,0,0,0,0
2016-11-01,-28531,28529,2,2,0,0,0,0,0,0,0
2016-10-31,35284,-35284,0,0,0,0,0,0,0,0,0
2016-10-28,-26437,27238,0,0,0,0,0,0,0,0,0
2016-10-27,7430,-6929,-1,-1,0,0,0,0,0,0,0
2016-10-26,8022,-9323,0,0,0,0,0,0,0,0,0
2016-10-25,-4347,4417,1,1,0,0,0,0,0,0,0
2016-10-24,27498,-27497,0,0,0,0,0,0,0,0,0
2016-10-21,35714,-32714,0,0,0,0,0,0,0,0,0
2016-10-20,14975,-14975,0,0,0,0,0,0,0,0,0
2016-10-19,15896,-15967,0,0,0,0,0,0,0,0,0
2016-10-18,-10211,5211,0,0,0,0,0,0,0,0,6000
2016-10-17,-1984,1984,0,0,0,0,0,0,0,0,0
2016-10-14,-7391,6391,0,0,0,0,0,0,0,0,0
2016-10-13,11134,-10134,0,0,0,0,0,0,0,0,0
2016-10-12,-44344,-1457,0,0,0,0,0,0,0,0,45801
2016-10-11,104888,-103571,0,0,0,0,0,0,0,0,1811
2016-10-10,-68131,61063,0,0,0,0,0,0,0,0,-60
2016-10-07,4838,-4707,0,0,0,0,0,0,0,0,0
2016-10-06,-49597,49435,-38,-38,0,0,0,0,0,0,200
2016-10-05,-17287,17287,0,0,0,0,0,0,0,0,0
2016-10-04,14461,-14461,0,0,0,0,0,0,0,0,0
2016-09-30,-15108,15108,0,0,0,0,0,0,0,0,0
2016-09-29,14027,-12027,0,0,0,0,0,0,0,0,0
2016-09-28,-16803,16303,0,0,0,0,0,0,0,0,0
2016-09-27,41823,-42323,0,0,0,0,0,0,0,0,0
2016-09-26,-32514,34490,0,0,0,0,0,0,0,0,0
2016-09-23,57284,-60260,0,0,0,0,0,0,0,0,0
2016-09-22,5287,-5287,0,0,0,0,0,0,0,0,0
2016-09-21,-7014,7014,0,0,0,0,0,0,0,0,0
2016-09-20,215,-215,0,0,0,0,0,0,0,0,0
2016-09-19,-2931,2931,0,0,0,0,0,0,0,0,0
2016-09-13,-10036,10036,0,0,0,0,0,0,0,0,0
2016-09-12,-18099,18099,0,0,0,0,0,0,0,0,0
2016-09-09,-2194,8890,0,0,0,0,0,0,0,0,0
2016-09-08,432,-432,0,0,0,0,0,0,0,0,0
2016-09-07,4445,-4445,0,0,0,0,0,0,0,0,0
2016-09-06,-5447,5252,0,0,0,0,0,0,0,0,0
2016-09-05,9146,-9145,0,0,0,0,0,0,0,0,0
2016-09-02,-20153,13753,0,0,0,0,0,0,0,0,0
2016-09-01,7999,-7001,0,0,0,0,0,0,0,0,0
2016-08-31,8473,-8473,0,0,0,0,0,0,0,0,0
2016-08-30,-12337,12337,0,0,0,0,0,0,0,0,0
2016-08-29,-9430,9430,0,0,0,0,0,0,0,0,0
2016-08-26,2963,-2963,0,0,0,0,0,0,0,0,0
2016-08-25,1976,24,0,0,0,0,0,0,0,0,0
2016-08-24,-3758,3758,0,0,0,0,0,0,0,0,0
2016-08-23,8444,-8444,0,0,0,0,0,0,0,0,0
2016-08-22,10185,-10185,0,0,0,0,0,0,0,0,0
2016-08-19,-30421,32291,0,0,0,0,0,0,0,0,0
2016-08-18,10831,-10159,0,0,0,0,0,0,0,0,-672
2016-08-17,-12157,12165,0,0,0,0,0,0,0,0,0
2016-08-16,118774,-118532,0,0,0,0,0,0,0,0,-5352
2016-08-12,8518,-14542,0,0,0,0,0,0,0,0,6024
2016-08-11,4261,-4264,9,0,0,0,0,0,0,9,-6
2016-08-10,-6515,6194,320,0,0,0,0,0,0,320,6
2016-08-09,-12029,3017,9012,0,0,0,0,0,0,9012,0
2016-08-08,-2930,-1957,4887,0,0,0,0,0,0,4887,0
2016-08-05,-5104,5204,0,0,0,0,0,0,0,0,0
2016-08-04,-7212,7212,0,0,0,0,0,0,0,0,0
2016-08-03,-13851,13852,0,0,0,0,0,0,0,0,0
2016-08-02,18505,-18605,0,0,0,0,0,0,0,0,0
2016-08-01,13999,-13281,0,0,0,0,0,0,0,0,-718
2016-07-29,18749,-22621,3149,3149,0,0,0,0,0,0,718
2016-07-28,-33345,33344,0,0,0,0,0,0,0,0,0
2016-07-27,-18722,18722,0,0,0,0,0,0,0,0,0
2016-07-26,-6140,6140,0,0,0,0,0,0,0,0,0
2016-07-25,-6896,8896,0,0,0,0,0,0,0,0,-2000
2016-07-22,-9154,13154,0,0,0,0,0,0,0,0,-4000
2016-07-21,-20248,18248,0,0,0,0,0,0,0,0,2000
2016-07-20,-14229,14229,0,0,0,0,0,0,0,0,0
2016-07-19,-22440,26155,2285,2285,0,0,0,0,0,0,-6000
2016-07-18,-25294,25294,0,0,0,0,0,0,0,0,0
2016-07-15,-12799,12765,34,34,0,0,0,0,0,0,0
2016-07-14,11669,-11957,288,0,0,0,0,0,0,288,0
2016-07-13,-16348,8116,3232,3232,0,0,0,0,0,0,5000
2016-07-12,-9866,-5240,10106,0,0,0,0,0,0,10106,5000
2016-07-11,-25775,15308,10467,10467,0,0,0,0,0,0,0
2016-07-08,-11621,3503,8148,0,0,0,0,0,0,8148,0
2016-07-07,-20159,10064,10095,10095,0,0,0,0,0,0,0
2016-07-06,-10156,-2466,12592,9259,0,0,0,0,0,3333,0
2016-07-05,-15733,12043,3690,3690,0,0,0,0,0,0,0
2016-07-04,-8553,13553,0,0,0,0,0,0,0,0,-4500
2016-07-01,-13441,12941,0,0,0,0,0,0,0,0,0
2016-06-30,-29720,29720,0,0,0,0,0,0,0,0,0
2016-06-29,923,-1073,150,150,0,0,0,0,0,0,0
2016-06-28,30469,-30469,0,0,0,0,0,0,0,0,0
2016-06-27,1713,6438,0,0,0,0,0,0,0,0,-8001
2016-06-24,-44609,36608,0,0,0,0,0,0,0,0,8001
2016-06-23,31643,-31712,0,0,0,0,0,0,0,0,0
2016-06-22,-615,534,0,0,0,0,0,0,0,0,0
2016-06-21,12019,-12019,0,0,0,0,0,0,0,0,0
2016-06-20,24499,-24499,0,0,0,0,0,0,0,0,0
2016-06-17,-27140,27140,0,0,0,0,0,0,0,0,0
2016-06-16,54264,-28338,0,0,0,0,0,0,0,0,-25926
2016-06-15,-14885,14959,0,0,0,0,0,0,0,0,-74
2016-06-14,89958,-84958,0,0,0,0,0,0,0,0,-5000
2016-06-13,-10144,5144,0,0,0,0,0,0,0,0,5000
2016-06-10,-12350,-9650,0,0,0,0,0,0,0,0,25000
2016-06-09,52223,-7723,0,0,0,0,0,0,0,0,-44500
2016-06-08,-3881,3881,0,0,0,0,0,0,0,0,0
2016-06-07,-9085,9085,0,0,0,0,0,0,0,0,0
2016-06-03,-3358,3358,0,0,0,0,0,0,0,0,0
2016-06-02,523,-523,0,0,0,0,0,0,0,0,0
2016-06-01,-62032,19032,0,0,0,0,0,0,0,0,43000
2016-05-31,-7389,7389,0,0,0,0,0,0,0,0,0
2016-05-30,-11538,9845,1693,1693,0,0,0,0,0,0,0
2016-05-27,-15934,15934,0,0,0,0,0,0,0,0,0
2016-05-26,-4303,4303,0,0,0,0,0,0,0,0,0
2016-05-25,-7617,7617,0,0,0,0,0,0,0,0,0
2016-05-24,7985,-7685,0,0,0,0,0,0,0,0,0
2016-05-23,-2801,2801,0,0,0,0,0,0,0,0,0
2016-05-20,597,-597,0,0,0,0,0,0,0,0,0
2016-05-19,-10629,10629,0,0,0,0,0,0,0,0,0
2016-05-18,9262,-9762,0,0,0,0,0,0,0,0,500
2016-05-17,17426,-17426,0,0,0,0,0,0,0,0,0
2016-05-16,13764,-12764,0,0,0,0,0,0,0,0,0
2016-05-13,-1102,1102,0,0,0,0,0,0,0,0,0
2016-05-12,-5010,4010,0,0,0,0,0,0,0,0,0
2016-05-11,-880,-1120,0,0,0,0,0,0,0,0,2000
2016-05-10,-14214,14214,0,0,0,0,0,0,0,0,0
2016-05-09,4719,-4719,0,0,0,0,0,0,0,0,0
2016-05-04,6470,-6470,0,0,0,0,0,0,0,0,0
2016-05-03,-20705,20705,0,0,0,0,0,0,0,0,0
2016-05-02,-4001,4001,0,0,0,0,0,0,0,0,0
2016-04-29,2132,-2132,0,0,0,0,0,0,0,0,0
2016-04-28,-12342,12842,0,0,0,0,0,0,0,0,0
2016-04-27,-15066,11566,0,0,0,0,0,0,0,0,0
2016-04-26,1174,9025,0,0,0,0,0,0,0,0,0
2016-04-25,-4621,4621,0,0,0,0,0,0,0,0,0
2016-04-22,-16034,16034,0,0,0,0,0,0,0,0,0
2016-04-21,-3876,3876,0,0,0,0,0,0,0,0,0
2016-04-20,3324,-3324,0,0,0,0,0,0,0,0,0
2016-04-19,-14860,14860,0,0,0,0,0,0,0,0,0
2016-04-18,-27780,1784,0,0,0,0,0,0,0,0,25996
2016-04-15,9929,-9699,0,0,0,0,0,0,0,0,0
2016-04-14,-680,380,0,0,0,0,0,0,0,0,0
2016-04-12,7546,-7776,0,0,0,0,0,0,0,0,0
2016-04-11,-3850,3850,0,0,0,0,0,0,0,0,0
2016-04-08,4747,-4747,0,0,0,0,0,0,0,0,0
2016-04-07,-17051,17051,0,0,0,0,0,0,0,0,0
2016-04-06,-17282,17282,0,0,0,0,0,0,0,0,0
2016-04-05,-34534,34509,25,25,0,0,0,0,0,0,0
2016-04-04,-8259,8249,10,10,0,0,0,0,0,0,0
2016-04-01,-3031,1763,1268,1268,0,0,0,0,0,0,0
2016-03-31,-20685,20685,0,0,0,0,0,0,0,0,0
2016-03-30,-19588,19588,0,0,0,0,0,0,0,0,0
2016-03-29,-46550,46570,0,0,0,0,0,0,0,0,-20
2016-03-28,-5476,5476,0,0,0,0,0,0,0,0,0
2016-03-25,697,-697,0,0,0,0,0,0,0,0,0
2016-03-24,-11514,11514,0,0,0,0,0,0,0,0,0
2016-03-23,-14379,14379,0,0,0,0,0,0,0,0,0
2016-03-22,-14825,14825,0,0,0,0,0,0,0,0,0
2016-03-21,-6036,6036,0,0,0,0,0,0,0,0,0
2016-03-18,2410,-2410,0,0,0,0,0,0,0,0,0
2016-03-17,50817,-50637,0,0,0,0,0,0,0,0,20
2016-03-16,6391,-6391,0,0,0,0,0,0,0,0,0
2016-03-15,16826,-16826,0,0,0,0,0,0,0,0,0
2016-03-14,16662,-16662,0,0,0,0,0,0,0,0,0
2016-03-11,2421,-2023,0,0,0,0,0,0,0,0,0
2016-03-10,-15980,15982,0,0,0,0,0,0,0,0,0
2016-03-09,-22213,22213,0,0,0,0,0,0,0,0,0
2016-03-08,-15746,15646,0,0,0,0,0,0,0,0,0
2016-03-07,-3703,3603,0,0,0,0,0,0,0,0,0
2016-03-04,-12541,12641,0,0,0,0,0,0,0,0,0
2016-03-03,-6856,6756,0,0,0,0,0,0,0,0,0
2016-03-02,-11015,11316,0,0,0,0,0,0,0,0,0
2016-02-29,-13568,13569,-1,-1,0,0,0,0,0,0,0
2016-02-26,-10026,8226,0,0,0,0,0,0,0,0,1500
2016-02-25,-5798,4798,0,0,0,0,0,0,0,0,1000
2016-02-24,-8249,8249,0,0,0,0,0,0,0,0,0
2016-02-23,10521,-10521,0,0,0,0,0,0,0,0,0
2016-02-22,36,-36,0,0,0,0,0,0,0,0,0
2016-02-19,-7579,5579,0,0,0,0,0,0,0,0,2000
2016-02-18,-13154,13153,0,0,0,0,0,0,0,0,0
2016-02-17,16379,-16379,0,0,0,0,0,0,0,0,0
2016-02-16,-28196,28196,0,0,0,0,0,0,0,0,0
2016-02-15,-51792,51792,0,0,0,0,0,0,0,0,0
2016-02-12,2856,-2856,0,0,0,0,0,0,0,0,0
2016-02-11,16927,-16927,0,0,0,0,0,0,0,0,0
2016-02-05,-10383,10283,0,0,0,0,0,0,0,0,0
2016-02-04,-4435,4434,1,1,0,0,0,0,0,0,0
2016-02-03,14830,-14830,0,0,0,0,0,0,0,0,0
2016-02-02,10325,-10225,0,0,0,0,0,0,0,0,0
2016-02-01,-13356,13256,0,0,0,0,0,0,0,0,0
2016-01-29,19849,-19849,0,0,0,0,0,0,0,0,0
2016-01-28,-3527,3527,0,0,0,0,0,0,0,0,0
2016-01-27,-3885,3885,0,0,0,0,0,0,0,0,0
2016-01-26,2449,-2449,0,0,0,0,0,0,0,0,0
2016-01-25,3307,4693,0,0,0,0,0,0,0,0,-8000
2016-01-22,2770,19230,0,0,0,0,0,0,0,0,-22000
2016-01-21,-28411,28411,0,0,0,0,0,0,0,0,0
2016-01-20,1053,-1003,0,0,0,0,0,0,0,0,0
2016-01-19,15247,-15247,0,0,0,0,0,0,0,0,0
2016-01-18,30838,-30888,0,0,0,0,0,0,0,0,0
2016-01-15,-2200,2200,0,0,0,0,0,0,0,0,0
2016-01-14,8888,-8888,0,0,0,0,0,0,0,0,0
2016-01-13,14804,-14804,0,0,0,0,0,0,0,0,0
2016-01-12,23739,-23739,0,0,0,0,0,0,0,0,0
2016-01-11,26147,-26147,0,0,0,0,0,0,0,0,0
2016-01-08,-50402,50402,0,0,0,0,0,0,0,0,0
2016-01-07,-21651,21651,0,0,0,0,0,0,0,0,0
2016-01-06,49234,-49234,0,0,0,0,0,0,0,0,0
2016-01-05,86786,-86786,0,0,0,0,0,0,0,0,0
2016-01-04,98491,-98491,0,0,0,0,0,0,0,0,0
2015-12-30,10183,-10183,0,0,0,0,0,0,0,0,0
2015-12-29,1412,-1412,0,0,0,0,0,0,0,0,0
2015-12-28,89916,-76217,0,0,0,0,0,0,0,0,-13699
2015-12-24,1940,-1772,-168,-168,0,0,0,0,0,0,0
2015-12-23,-2501,1501,0,0,0,0,0,0,0,0,1000
2015-12-22,-11167,4867,0,0,0,0,0,0,0,0,6000
2015-12-21,107217,-107617,0,0,0,0,0,0,0,0,400
2015-12-18,-1080,2710,0,0,0,0,0,0,0,0,-1630
2015-12-17,-61036,62036,0,0,0,0,0,0,0,0,-1000
2015-12-16,27575,20264,0,0,0,0,0,0,0,0,-47839
2015-12-15,-91303,87191,112,112,0,0,0,0,0,0,4000
2015-12-14,-13031,6996,0,0,0,0,0,0,0,0,-4164
2015-12-11,-44356,42752,0,0,0,0,0,0,0,0,1604
2015-12-10,514480,-27928,0,0,0,0,0,0,0,0,-486552
2015-12-09,85633,-26750,0,0,0,0,0,0,0,0,-58883
2015-12-08,-12617,15321,56,56,0,0,0,0,0,0,-2760
2015-12-07,65003,-25004,0,0,0,0,0,0,0,0,-39999
2015-12-04,82400,-3801,0,0,0,0,0,0,0,0,-78599
2015-12-03,-12015,7847,0,0,0,0,0,0,0,0,4168
2015-12-02,-3760,3760,0,0,0,0,0,0,0,0,0
2015-12-01,-28341,30841,0,0,0,0,0,0,0,0,-2500
2015-11-30,4244,-4244,0,0,0,0,0,0,0,0,0
2015-11-27,28914,7051,0,0,0,0,0,0,0,0,-35965
2015-11-26,-14376,14376,0,0,0,0,0,0,0,0,0
2015-11-25,6728,-6728,0,0,0,0,0,0,0,0,0
2015-11-24,-24469,24469,0,0,0,0,0,0,0,0,0
2015-11-23,-11398,11398,0,0,0,0,0,0,0,0,0
2015-11-20,1621,-2621,0,0,0,0,0,0,0,0,1000
2015-11-19,-5541,5541,0,0,0,0,0,0,0,0,0
2015-11-18,2160,-2160,0,0,0,0,0,0,0,0,0
2015-11-17,-7500,7500,0,0,0,0,0,0,0,0,0
2015-11-16,36048,-36048,0,0,0,0,0,0,0,0,0
2015-11-13,-2282,2282,0,0,0,0,0,0,0,0,0
2015-11-12,-19681,30472,0,0,0,0,0,0,0,0,0
2015-11-11,-3409,3409,0,0,0,0,0,0,0,0,0
2015-11-10,-44269,37279,0,0,0,0,0,0,0,0,6990
2015-11-09,21570,-21570,0,0,0,0,0,0,0,0,0
2015-11-06,43744,26256,0,0,0,0,0,0,0,0,-70000
2015-11-05,-4260,4260,0,0,0,0,0,0,0,0,0
2015-11-04,-2314,1814,0,0,0,0,0,0,0,0,500
2015-11-03,-6744,7696,0,0,0,0,0,0,0,0,-1
2015-11-02,24771,-26722,0,0,0,0,0,0,0,0,1000
2015-10-30,26466,-17861,0,0,0,0,0,0,0,0,-7332
2015-10-29,-11388,11114,0,0,0,0,0,0,0,0,1
2015-10-28,1866,-3440,0,0,0,0,0,0,0,0,574
2015-10-27,2068,7561,0,0,0,0,0,0,0,0,-7770
2015-10-26,-12867,8156,0,0,0,0,0,0,0,0,4612
2015-10-23,-3101,3101,0,0,0,0,0,0,0,0,0
2015-10-22,15130,-13628,0,0,0,0,0,0,0,0,0
2015-10-21,-4236,4236,0,0,0,0,0,0,0,0,0
2015-10-20,-631,-869,0,0,0,0,0,0,0,0,0
2015-10-19,-7637,7647,0,0,0,0,0,0,0,0,-10
2015-10-16,-4707,4707,0,0,0,0,0,0,0,0,0
2015-10-15,-13179,4669,0,0,0,0,0,0,0,0,6750
2015-10-14,3519,-3519,0,0,0,0,0,0,0,0,0
2015-10-13,8859,-8859,0,0,0,0,0,0,0,0,0
2015-10-12,-5409,10409,0,0,0,0,0,0,0,0,0
2015-10-08,-2139,2545,0,0,0,0,0,0,0,0,0
2015-10-07,27,-27,0,0,0,0,0,0,0,0,0
2015-10-06,2928,-2928,0,0,0,0,0,0,0,0,0
2015-10-05,-2430,2430,0,0,0,0,0,0,0,0,0
2015-10-02,-12975,12969,0,0,0,0,0,0,0,0,0
2015-10-01,1858,-1858,0,0,0,0,0,0,0,0,0
2015-09-30,1222,-4390,0,0,0,0,0,0,0,0,3168
2015-09-25,-25966,5016,0,0,0,0,0,0,0,0,20950
2015-09-24,-7025,7325,0,0,0,0,0,0,0,0,0
2015-09-23,-12953,12953,0,0,0,0,0,0,0,0,0
2015-09-22,-17296,17296,0,0,0,0,0,0,0,0,0
2015-09-21,-8138,4314,0,0,0,0,0,0,0,0,8
2015-09-18,-4516,4516,0,0,0,0,0,0,0,0,0
2015-09-17,-4783,-617,0,0,0,0,0,0,0,0,0
2015-09-16,781,4219,0,0,0,0,0,0,0,0,0
2015-09-15,-35482,15482,0,0,0,0,0,0,0,0,20000
2015-09-14,14157,-14157,0,0,0,0,0,0,0,0,0
2015-09-11,-2398,2398,0,0,0,0,0,0,0,0,0
2015-09-10,-1632,1632,0,0,0,0,0,0,0,0,0
2015-09-09,7503,-7503,0,0,0,0,0,0,0,0,0
2015-09-08,-5185,-14815,0,0,0,0,0,0,0,0,20000
2015-09-07,4285,-4285,0,0,0,0,0,0,0,0,0
2015-09-04,12155,-11408,0,0,0,0,0,0,0,0,-747
2015-09-03,-18996,18249,0,0,0,0,0,0,0,0,747
2015-09-02,-5299,5299,0,0,0,0,0,0,0,0,0
2015-09-01,-32649,32649,0,0,0,0,0,0,0,0,0
2015-08-31,-2061,2061,0,0,0,0,0,0,0,0,0
2015-08-28,-1348,1348,0,0,0,0,0,0,0,0,0
2015-08-27,19513,-19513,0,0,0,0,0,0,0,0,0
2015-08-26,25073,-25073,0,0,0,0,0,0,0,0,0
2015-08-25,514,-214,0,0,0,0,0,0,0,0,-300
2015-08-24,-43153,42853,0,0,0,0,0,0,0,0,300
2015-08-21,-120394,76603,0,0,0,0,0,0,0,0,40000
2015-08-20,35739,-35549,0,0,0,0,0,0,0,0,-200
2015-08-19,-76993,77363,0,0,0,0,0,0,0,0,-570
2015-08-18,28571,-29361,0,0,0,0,0,0,0,0,770
2015-08-17,28018,-28018,0,0,0,0,0,0,0,0,0
2015-08-13,-53025,52995,0,0,0,0,0,0,0,0,0
2015-08-12,-5258,2575,0,0,0,0,0,0,0,0,-500
2015-08-11,-6753,6552,0,0,0,0,0,0,0,0,500
2015-08-10,2066,-2366,0,0,0,0,0,0,0,0,0
2015-08-07,20092,-20092,0,0,0,0,0,0,0,0,0
2015-08-06,-7150,7850,0,0,0,0,0,0,0,0,-700
2015-08-05,11729,-11389,0,0,0,0,0,0,0,0,-340
2015-08-04,54122,-55160,0,0,0,0,0,0,0,0,1040
2015-08-03,28736,-28976,240,240,0,0,0,0,0,0,0
2015-07-31,56874,-39257,87,87,0,0,0,0,0,0,-10649
2015-07-30,39211,-32299,-53,-53,0,0,0,0,0,0,-1000
2015-07-29,41002,-54043,-274,-274,0,0,0,0,0,0,3650
2015-07-28,14003,-25294,0,0,0,0,0,0,0,0,8000
2015-07-27,106,-106,0,0,0,0,0,0,0,0,0
2015-07-24,9079,-9079,0,0,0,0,0,0,0,0,0
2015-07-23,1461,-1461,0,0,0,0,0,0,0,0,0
2015-07-22,131,-131,0,0,0,0,0,0,0,0,0
2015-07-21,-2423,2423,0,0,0,0,0,0,0,0,0
2015-07-20,-5390,5612,0,0,0,0,0,0,0,0,-222
2015-07-17,13513,-13735,0,0,0,0,0,0,0,0,222
2015-07-16,423,2327,0,0,0,0,0,0,0,0,0
2015-07-15,-1433,1433,0,0,0,0,0,0,0,0,0
2015-07-14,2351,-2351,0,0,0,0,0,0,0,0,0
2015-07-13,5864,-5864,0,0,0,0,0,0,0,0,0
2015-07-10,9673,-9673,0,0,0,0,0,0,0,0,0
2015-07-09,4851,-4851,0,0,0,0,0,0,0,0,0
2015-07-08,-3928,3928,0,0,0,0,0,0,0,0,0
2015-07-07,-1643,1643,0,0,0,0,0,0,0,0,0
2015-07-06,-6134,6134,0,0,0,0,0,0,0,0,0
2015-07-03,1346,-1326,0,0,0,0,0,0,0,0,-20
2015-07-02,-6507,6497,0,0,0,0,0,0,0,0,10
2015-07-01,-14966,14966,0,0,0,0,0,0,0,0,0
2015-06-30,-23841,23831,0,0,0,0,0,0,0,0,10
2015-06-29,-11838,11838,0,0,0,0,0,0,0,0,0
2015-06-26,8757,-6557,0,0,0,0,0,0,0,0,-2200
2015-06-25,-7742,7742,0,0,0,0,0,0,0,0,0
2015-06-24,-11328,11328,0,0,0,0,0,0,0,0,0
2015-06-23,-22799,22799,0,0,0,0,0,0,0,0,0
2015-06-22,-28583,10583,0,0,0,0,0,0,0,0,18000
2015-06-19,-1977,1977,0,0,0,0,0,0,0,0,0
2015-06-18,-4293,4293,0,0,0,0,0,0,0,0,0
2015-06-17,4219,-4219,0,0,0,0,0,0,0,0,0
2015-06-16,-15772,15772,0,0,0,0,0,0,0,0,0
2015-06-15,7207,-7207,0,0,0,0,0,0,0,0,0
2015-06-12,5384,-5384,0,0,0,0,0,0,0,0,0
2015-06-11,2899,-2399,0,0,0,0,0,0,0,0,-500
2015-06-10,-3719,15245,0,0,0,0,0,0,0,0,-11526
2015-06-09,-2416,2416,0,0,0,0,0,0,0,0,0
2015-06-08,752,-752,0,0,0,0,0,0,0,0,0
2015-06-05,8843,-8843,0,0,0,0,0,0,0,0,0
2015-06-04,-407,407,0,0,0,0,0,0,0,0,0
2015-06-03,5970,-5970,0,0,0,0,0,0,0,0,0
2015-06-02,13398,-13398,0,0,0,0,0,0,0,0,0
2015-06-01,1559,-1559,0,0,0,0,0,0,0,0,0
2015-05-29,37621,-10022,0,0,0,0,0,0,0,0,-27599
2015-05-28,8432,1951,0,0,0,0,0,0,0,0,-10383
2015-05-27,15439,-1587,0,0,0,0,0,0,0,0,-13852
2015-05-26,26868,-5868,0,0,0,0,0,0,0,0,-21000
2015-05-22,6891,6411,0,0,0,0,0,0,0,0,-13302
2015-05-21,-4351,8792,0,0,0,0,0,0,0,0,-4441
2015-05-20,13615,-13615,0,0,0,0,0,0,0,0,0
2015-05-19,-9747,9847,0,0,0,0,0,0,0,0,0
2015-05-18,17458,-13208,0,0,0,0,0,0,0,0,-4250
2015-05-15,-1659,-1091,0,0,0,0,0,0,0,0,0
2015-05-14,-428,428,0,0,0,0,0,0,0,0,0
2015-05-13,2578,-2578,0,0,0,0,0,0,0,0,0
2015-05-12,-2130,2130,0,0,0,0,0,0,0,0,0
2015-05-11,-7220,7220,0,0,0,0,0,0,0,0,0
2015-05-08,1246,-1246,0,0,0,0,0,0,0,0,0
2015-05-07,-697,1347,0,0,0,0,0,0,0,0,-650
2015-05-06,-2276,1416,0,0,0,0,0,0,0,0,860
2015-05-04,8144,-8144,0,0,0,0,0,0,0,0,0
2015-04-30,7788,-7788,0,0,0,0,0,0,0,0,0
2015-04-29,15128,-14128,0,0,0,0,0,0,0,0,-1000
2015-04-28,18166,-11660,0,0,0,0,0,0,0,0,-6500
2015-04-27,-13427,18427,0,0,0,0,0,0,0,0,-5000
2015-04-24,-40197,23527,0,0,0,0,0,0,0,0,16670
2015-04-23,3462,-3462,0,0,0,0,0,0,0,0,0
2015-04-22,-3218,3219,0,0,0,0,0,0,0,0,0
2015-04-21,-9665,5684,0,0,0,0,0,0,0,0,3980
2015-04-20,1052,-1051,0,0,0,0,0,0,0,0,0
2015-04-17,45487,6126,0,0,0,0,0,0,0,0,-51714
2015-04-16,9899,18754,0,0,0,0,0,0,0,0,-28653
2015-04-15,43692,13060,0,0,0,0,0,0,0,0,-56752
2015-04-14,9219,-9219,0,0,0,0,0,0,0,0,0
2015-04-13,86354,-11022,0,0,0,0,0,0,0,0,-74315
2015-04-10,-1023,1023,0,0,0,0,0,0,0,0,0
2015-04-09,4573,7353,0,0,0,0,0,0,0,0,-556
2015-04-08,1806,-2106,0,0,0,0,0,0,0,0,0
2015-04-07,9865,-9965,0,0,0,0,0,0,0,0,0
2015-04-06,451,-521,0,0,0,0,0,0,0,0,0
2015-04-03,-27859,27859,0,0,0,0,0,0,0,0,0
2015-04-02,-8122,8122,0,0,0,0,0,0,0,0,0
2015-04-01,3289,-3289,0,0,0,0,0,0,0,0,0
2015-03-31,6548,-15504,0,0,0,0,0,0,0,0,8956
2015-03-30,-12749,11749,0,0,0,0,0,0,0,0,0
2015-03-27,-16340,14340,0,0,0,0,0,0,0,0,0
2015-03-26,1948,-3348,0,0,0,0,0,0,0,0,0
2015-03-25,23782,-24982,0,0,0,0,0,0,0,0,0
2015-03-24,15412,-10729,0,0,0,0,0,0,0,0,0
2015-03-23,3021,-14020,0,0,0,0,0,0,0,0,0
2015-03-20,41916,-4431,0,0,0,0,0,0,0,0,-37492
2015-03-19,8241,-8241,0,0,0,0,0,0,0,0,0
2015-03-18,6063,-6063,0,0,0,0,0,0,0,0,0
2015-03-17,-430,430,0,0,0,0,0,0,0,0,0
2015-03-16,-2993,-29,0,0,0,0,0,0,0,0,3022
2015-03-13,-8108,8108,0,0,0,0,0,0,0,0,0
2015-03-12,-42132,7132,0,0,0,0,0,0,0,0,35000
2015-03-11,-1751,1751,0,0,0,0,0,0,0,0,0
2015-03-10,12668,-12668,0,0,0,0,0,0,0,0,0
2015-03-09,6077,-77,0,0,0,0,0,0,0,0,-6000
2015-03-06,-244,244,0,0,0,0,0,0,0,0,0
2015-03-05,3894,-894,0,0,0,0,0,0,0,0,0
2015-03-04,1705,5281,0,0,0,0,0,0,0,0,-6986
2015-03-03,-20003,10003,0,0,0,0,0,0,0,0,10000
2015-03-02,-10544,558,0,0,0,0,0,0,0,0,9986
2015-02-27,1808,-1808,0,0,0,0,0,0,0,0,0
2015-02-26,-1286,1286,0,0,0,0,0,0,0,0,0
2015-02-25,-6314,6314,0,0,0,0,0,0,0,0,0
2015-02-24,-5474,5474,0,0,0,0,0,0,0,0,0
2015-02-23,-4509,4509,0,0,0,0,0,0,0,0,0
2015-02-17,-4431,1431,0,0,0,0,0,0,0,0,3000
2015-02-16,-2115,2115,0,0,0,0,0,0,0,0,0
2015-02-13,-2546,546,0,0,0,0,0,0,0,0,2000
2015-02-12,-6469,-1531,0,0,0,0,0,0,0,0,8000
2015-02-11,-4593,4593,0,0,0,0,0,0,0,0,0
2015-02-10,1662,-1662,0,0,0,0,0,0,0,0,0
2015-02-09,5434,-5304,0,0,0,0,0,0,0,0,0
2015-02-06,-5302,5302,0,0,0,0,0,0,0,0,0
2015-02-05,-1402,1402,0,0,0,0,0,0,0,0,0
2015-02-04,1164,3902,0,0,0,0,0,0,0,0,-5066
2015-02-03,2741,-2741,0,0,0,0,0,0,0,0,0
2015-02-02,-3411,3411,0,0,0,0,0,0,0,0,0
2015-01-30,186,-183,0,0,0,0,0,0,0,0,0
2015-01-29,-2468,2468,0,0,0,0,0,0,0,0,0
2015-01-28,-1859,5059,0,0,0,0,0,0,0,0,-3200
2015-01-27,-54,54,0,0,0,0,0,0,0,0,0
2015-01-26,-4991,4991,0,0,0,0,0,0,0,0,0
2015-01-23,-881,881,0,0,0,0,0,0,0,0,0
2015-01-22,3864,-3864,0,0,0,0,0,0,0,0,0
2015-01-21,328,-329,0,0,0,0,0,0,0,0,0
2015-01-20,-698,698,0,0,0,0,0,0,0,0,0
2015-01-19,156,-156,0,0,0,0,0,0,0,0,0
2015-01-16,-1213,1233,0,0,0,0,0,0,0,0,0
2015-01-15,-758,758,0,0,0,0,0,0,0,0,0
2015-01-14,-1729,379,0,0,0,0,0,0,0,0,0
2015-01-13,-1713,1713,0,0,0,0,0,0,0,0,0
2015-01-12,-7673,5873,0,0,0,0,0,0,0,0,0
2015-01-09,-7822,7822,0,0,0,0,0,0,0,0,0
2015-01-08,-2797,2797,0,0,0,0,0,0,0,0,0
2015-01-07,-2151,-365,0,0,0,0,0,0,0,0,2516
2015-01-06,-2454,2454,0,0,0,0,0,0,0,0,0
2015-01-05,-8191,2441,0,0,0,0,0,0,0,0,5750
2015-01-02,-4211,1107,0,0,0,0,0,0,0,0,3104
2014-12-30,-29696,-304,0,0,0,0,0,0,0,0,30000
2014-12-29,-3168,-662,0,0,0,0,0,0,0,0,3830
2014-12-26,-1554,1552,0,0,0,0,0,0,0,0,0
2014-12-24,2163,-2163,0,0,0,0,0,0,0,0,0
2014-12-23,1002,-1002,0,0,0,0,0,0,0,0,0
2014-12-22,957,-957,0,0,0,0,0,0,0,0,0
2014-12-19,1793,-1793,0,0,0,0,0,0,0,0,0
2014-12-18,8183,-8183,0,0,0,0,0,0,0,0,0
2014-12-17,-2189,2189,0,0,0,0,0,0,0,0,0
2014-12-16,2662,-2662,0,0,0,0,0,0,0,0,0
2014-12-15,1237,-1237,0,0,0,0,0,0,0,0,0
2014-12-12,1737,-1737,0,0,0,0,0,0,0,0,0
2014-12-11,1125,-1125,0,0,0,0,0,0,0,0,0
2014-12-10,-23642,-270,0,0,0,0,0,0,0,0,23912
2014-12-09,0,0,0,0,0,0,0,0,0,0,0
2014-12-08,-1160,1160,0,0,0,0,0,0,0,0,0
2014-12-05,-1451,1451,0,0,0,0,0,0,0,0,0
2014-12-04,-2354,2354,0,0,0,0,0,0,0,0,0
2014-12-03,-2051,2051,0,0,0,0,0,0,0,0,0
2014-12-02,2871,-2871,0,0,0,0,0,0,0,0,0
2014-12-01,2541,-2541,0,0,0,0,0,0,0,0,0
2014-11-28,-1629,1629,0,0,0,0,0,0,0,0,0
2014-11-27,98,-98,0,0,0,0,0,0,0,0,0
2014-11-26,528,-528,0,0,0,0,0,0,0,0,0
2014-11-25,-1440,1440,0,0,0,0,0,0,0,0,0
2014-11-24,-2175,2175,0,0,0,0,0,0,0,0,0
2014-11-21,-2382,2382,0,0,0,0,0,0,0,0,0
2014-11-20,43,-43,0,0,0,0,0,0,0,0,0
2014-11-19,-341,341,0,0,0,0,0,0,0,0,0
2014-11-18,-553,553,0,0,0,0,0,0,0,0,0
2014-11-17,1671,-1671,0,0,0,0,0,0,0,0,0
2014-11-14,-1747,1747,0,0,0,0,0,0,0,0,0
2014-11-13,-1609,1609,0,0,0,0,0,0,0,0,0
2014-11-12,-4704,4704,0,0,0,0,0,0,0,0,0
2014-11-11,-1964,1964,0,0,0,0,0,0,0,0,0
2014-11-10,-2702,2702,0,0,0,0,0,0,0,0,0
2014-11-07,-160,160,0,0,0,0,0,0,0,0,0
2014-11-06,487,-487,0,0,0,0,0,0,0,0,0
2014-11-05,-778,778,0,0,0,0,0,0,0,0,0
2014-11-04,2356,-2356,0,0,0,0,0,0,0,0,0
2014-11-03,83,-83,0,0,0,0,0,0,0,0,0
2014-10-31,389,-389,0,0,0,0,0,0,0,0,0
2014-10-30,-10,10,0,0,0,0,0,0,0,0,0
2014-10-29,45,-45,0,0,0,0,0,0,0,0,0
2014-10-28,1347,-1347,0,0,0,0,0,0,0,0,0
2014-10-27,484,-484,0,0,0,0,0,0,0,0,0
2014-10-24,1750,-1750,0,0,0,0,0,0,0,0,0
2014-10-23,441,-441,0,0,0,0,0,0,0,0,0
2014-10-22,740,-740,0,0,0,0,0,0,0,0,0
2014-10-21,484,-484,0,0,0,0,0,0,0,0,0
2014-10-20,-707,707,0,0,0,0,0,0,0,0,0
2014-10-17,-726,726,0,0,0,0,0,0,0,0,0
2014-10-16,255,-255,0,0,0,0,0,0,0,0,0
2014-10-15,-2129,2129,0,0,0,0,0,0,0,0,0
2014-10-14,-1083,1083,0,0,0,0,0,0,0,0,0
2014-10-13,2104,-2104,0,0,0,0,0,0,0,0,0
2014-10-10,2938,-2938,0,0,0,0,0,0,0,0,0
2014-10-08,-315,315,0,0,0,0,0,0,0,0,0
2014-10-07,-3433,3433,0,0,0,0,0,0,0,0,0
2014-10-06,-2404,2404,0,0,0,0,0,0,0,0,0
2014-10-02,-186,186,0,0,0,0,0,0,0,0,0
2014-10-01,-1214,1214,0,0,0,0,0,0,0,0,0
2014-09-30,-6718,6718,0,0,0,0,0,0,0,0,0
2014-09-29,3902,-3902,0,0,0,0,0,0,0,0,0
2014-09-26,1934,-434,0,0,0,0,0,0,0,0,-1500
2014-09-25,-1228,1228,0,0,0,0,0,0,0,0,0
2014-09-24,-4257,4257,0,0,0,0,0,0,0,0,0
2014-09-23,19974,-4809,0,0,0,0,0,0,0,0,-15165
2014-09-22,-18906,3741,0,0,0,0,0,0,0,0,15165
2014-09-19,-6744,6744,0,0,0,0,0,0,0,0,0
2014-09-18,5089,-5089,0,0,0,0,0,0,0,0,0
2014-09-17,-408,408,0,0,0,0,0,0,0,0,0
2014-09-16,-724,724,0,0,0,0,0,0,0,0,0
2014-09-15,-601,601,0,0,0,0,0,0,0,0,0
2014-09-12,936,-936,0,0,0,0,0,0,0,0,0
2014-09-11,-488,488,0,0,0,0,0,0,0,0,0
2014-09-05,191,-191,0,0,0,0,0,0,0,0,0
2014-09-04,1462,-1462,0,0,0,0,0,0,0,0,0
2014-09-03,-1887,1887,0,0,0,0,0,0,0,0,0
2014-09-02,886,-886,0,0,0,0,0,0,0,0,0
2014-09-01,-3821,3821,0,0,0,0,0,0,0,0,0
2014-08-29,3338,-3338,0,0,0,0,0,0,0,0,0
2014-08-28,-165,165,0,0,0,0,0,0,0,0,0
2014-08-27,-937,937,0,0,0,0,0,0,0,0,0
2014-08-26,0,0,0,0,0,0,0,0,0,0,0
2014-08-25,1049,-1049,0,0,0,0,0,0,0,0,0
2014-08-22,-1949,1949,0,0,0,0,0,0,0,0,0
2014-08-21,0,0,0,0,0,0,0,0,0,0,0
2014-08-20,128,-128,0,0,0,0,0,0,0,0,0
2014-08-19,518,-518,0,0,0,0,0,0,0,0,0
2014-08-18,-703,703,0,0,0,0,0,0,0,0,0
2014-08-14,-1635,1635,0,0,0,0,0,0,0,0,0
2014-08-13,1944,-1944,0,0,0,0,0,0,0,0,0
2014-08-12,-484,484,0,0,0,0,0,0,0,0,0
2014-08-11,-272,272,0,0,0,0,0,0,0,0,0
2014-08-08,-418,418,0,0,0,0,0,0,0,0,0
2014-08-07,-1109,1109,0,0,0,0,0,0,0,0,0
2014-08-06,395,-395,0,0,0,0,0,0,0,0,0
2014-08-05,-134,804,0,0,0,0,0,0,0,0,0
2014-08-04,-1632,1632,0,0,0,0,0,0,0,0,0
2014-08-01,-483,483,0,0,0,0,0,0,0,0,0
2014-07-31,1908,-1908,0,0,0,0,0,0,0,0,0
2014-07-30,2095,-2095,0,0,0,0,0,0,0,0,0
2014-07-29,2765,-2765,0,0,0,0,0,0,0,0,0
2014-07-28,378,-378,0,0,0,0,0,0,0,0,0
2014-07-25,1602,-1602,0,0,0,0,0,0,0,0,0
2014-07-24,2201,-2201,0,0,0,0,0,0,0,0,0
2014-07-23,3621,-3621,0,0,0,0,0,0,0,0,0
2014-07-22,1176,-1176,0,0,0,0,0,0,0,0,0
2014-07-21,1324,-1324,0,0,0,0,0,0,0,0,0
2014-07-18,1191,-1191,0,0,0,0,0,0,0,0,0
2014-07-17,2316,-2816,0,0,0,0,0,0,0,0,500
2014-07-16,2412,-2412,0,0,0,0,0,0,0,0,0
2014-07-15,461,-1461,0,0,0,0,0,0,0,0,1000
2014-07-14,682,-682,0,0,0,0,0,0,0,0,0
2014-07-11,0,0,0,0,0,0,0,0,0,0,0
2014-07-10,-18890,18890,0,0,0,0,0,0,0,0,0
2014-07-09,252,-252,0,0,0,0,0,0,0,0,0
2014-07-08,-173,173,0,0,0,0,0,0,0,0,0
2014-07-07,1138,-1138,0,0,0,0,0,0,0,0,0
2014-07-04,-1726,1726,0,0,0,0,0,0,0,0,0
2014-07-03,0,0,0,0,0,0,0,0,0,0,0
2014-07-02,-658,658,0,0,0,0,0,0,0,0,0
2014-07-01,-1665,1665,0,0,0,0,0,0,0,0,0
2014-06-30,-1130,1130,0,0,0,0,0,0,0,0,0
2014-06-27,-843,843,0,0,0,0,0,0,0,0,0
2014-06-26,-993,993,0,0,0,0,0,0,0,0,0
2014-06-25,1772,-1772,0,0,0,0,0,0,0,0,0
2014-06-24,1760,-1760,0,0,0,0,0,0,0,0,0
2014-06-23,3331,-3331,0,0,0,0,0,0,0,0,0
2014-06-20,1703,-1703,0,0,0,0,0,0,0,0,0
2014-06-19,-2332,2332,0,0,0,0,0,0,0,0,0
2014-06-18,-2856,2856,0,0,0,0,0,0,0,0,0
2014-06-17,3684,-3684,0,0,0,0,0,0,0,0,0
2014-06-16,2384,-2384,0,0,0,0,0,0,0,0,0
2014-06-13,-172,172,0,0,0,0,0,0,0,0,0
2014-06-12,-340,340,0,0,0,0,0,0,0,0,0
2014-06-11,50,-50,0,0,0,0,0,0,0,0,0
2014-06-10,-1957,1957,0,0,0,0,0,0,0,0,0
2014-06-09,1774,-1774,0,0,0,0,0,0,0,0,0
2014-06-05,5495,-5815,0,0,0,0,0,0,0,0,0
2014-06-03,8714,-8714,0,0,0,0,0,0,0,0,0
2014-06-02,1754,-1754,0,0,0,0,0,0,0,0,0
2014-05-30,644,-644,0,0,0,0,0,0,0,0,0
2014-05-29,3324,-3674,0,0,0,0,0,0,0,0,0
2014-05-28,-9203,9203,0,0,0,0,0,0,0,0,0
2014-05-27,907,-907,0,0,0,0,0,0,0,0,0
2014-05-26,-2171,4171,0,0,0,0,0,0,0,0,0
2014-05-23,-402,1402,0,0,0,0,0,0,0,0,0
2014-05-22,-732,732,0,0,0,0,0,0,0,0,0
2014-05-21,111,-111,0,0,0,0,0,0,0,0,0
2014-05-20,3015,-1515,0,0,0,0,0,0,0,0,0
2014-05-19,5393,-6915,0,0,0,0,0,0,0,0,0
2014-05-16,1591,-1572,0,0,0,0,0,0,0,0,0
2014-05-15,-1763,763,0,0,0,0,0,0,0,0,0
2014-05-14,-1939,1939,0,0,0,0,0,0,0,0,0
2014-05-13,394,609,0,0,0,0,0,0,0,0,0
2014-05-12,954,-454,0,0,0,0,0,0,0,0,0
2014-05-09,-2921,2921,0,0,0,0,0,0,0,0,0
2014-05-08,-1753,1253,0,0,0,0,0,0,0,0,0
2014-05-07,8891,-8891,0,0,0,0,0,0,0,0,0
2014-05-02,4563,-5563,0,0,0,0,0,0,0,0,0
2014-04-30,-5759,5257,0,0,0,0,0,0,0,0,0
2014-04-29,174,-691,0,0,0,0,0,0,0,0,0
2014-04-28,-1921,940,0,0,0,0,0,0,0,0,0
2014-04-25,-10256,10256,0,0,0,0,0,0,0,0,0
2014-04-24,9042,-9042,0,0,0,0,0,0,0,0,0
2014-04-23,6157,-4761,0,0,0,0,0,0,0,0,0
2014-04-22,-4112,3716,0,0,0,0,0,0,0,0,0
2014-04-21,-9354,4554,0,0,0,0,0,0,0,0,0
2014-04-18,-4758,4758,0,0,0,0,0,0,0,0,0
2014-04-17,1783,-2283,0,0,0,0,0,0,0,0,0
2014-04-16,81,-781,0,0,0,0,0,0,0,0,0
2014-04-15,5197,-5197,0,0,0,0,0,0,0,0,0
2014-04-14,1234,-1234,0,0,0,0,0,0,0,0,0
2014-04-11,-6291,6298,0,0,0,0,0,0,0,0,0
2014-04-10,122,-129,0,0,0,0,0,0,0,0,0
2014-04-09,-4783,4783,0,0,0,0,0,0,0,0,0
2014-04-08,4156,-4156,0,0,0,0,0,0,0,0,0
2014-04-07,7976,-7976,0,0,0,0,0,0,0,0,0
2014-04-04,-8851,8851,0,0,0,0,0,0,0,0,0
2014-04-03,6406,-6406,0,0,0,0,0,0,0,0,0
2014-04-02,-11639,11639,0,0,0,0,0,0,0,0,0
2014-04-01,12404,-12404,0,0,0,0,0,0,0,0,0
2014-03-31,2081,-2081,0,0,0,0,0,0,0,0,0
2014-03-28,-134,134,0,0,0,0,0,0,0,0,0
2014-03-27,-110,110,0,0,0,0,0,0,0,0,0
2014-03-26,-3865,3865,0,0,0,0,0,0,0,0,0
2014-03-25,-6354,6354,0,0,0,0,0,0,0,0,0
2014-03-24,-5265,5265,0,0,0,0,0,0,0,0,0
2014-03-21,2306,-2306,0,0,0,0,0,0,0,0,0
2014-03-20,119,881,0,0,0,0,0,0,0,0,0
2014-03-19,5870,-6870,0,0,0,0,0,0,0,0,0
2014-03-18,-28989,28989,0,0,0,0,0,0,0,0,0
2014-03-17,32431,-32431,0,0,0,0,0,0,0,0,0
2014-03-14,833,-833,0,0,0,0,0,0,0,0,0
2014-03-13,-1816,1816,0,0,0,0,0,0,0,0,0
2014-03-12,-8273,8273,0,0,0,0,0,0,0,0,0
2014-03-11,-2771,2771,0,0,0,0,0,0,0,0,0
2014-03-10,13880,-13880,0,0,0,0,0,0,0,0,0
2014-03-07,6508,-6508,0,0,0,0,0,0,0,0,0
2014-03-06,-2068,2068,0,0,0,0,0,0,0,0,0
2014-03-05,-4091,4091,0,0,0,0,0,0,0,0,0
2014-03-04,-929,929,0,0,0,0,0,0,0,0,0
2014-03-03,-45578,2986,0,0,0,0,0,0,0,0,42592
2014-02-28,4056,-4056,0,0,0,0,0,0,0,0,0
2014-02-27,-1640,1640,0,0,0,0,0,0,0,0,0
2014-02-26,892,-892,0,0,0,0,0,0,0,0,0
2014-02-25,-84302,3381,0,0,0,0,0,0,0,0,83311
2014-02-24,-2547,-1681,0,0,0,0,0,0,0,0,4228
2014-02-21,-20878,-1123,0,0,0,0,0,0,0,0,22001
2014-02-20,-30286,1286,0,0,0,0,0,0,0,0,29000
2014-02-19,-56126,3669,0,0,0,0,0,0,0,0,52457
2014-02-18,-1611,1611,0,0,0,0,0,0,0,0,0
2014-02-17,-2807,2807,0,0,0,0,0,0,0,0,0
2014-02-14,752,-3142,0,0,0,0,0,0,0,0,0
2014-02-13,1211,-1211,0,0,0,0,0,0,0,0,0
2014-02-12,-4735,4735,0,0,0,0,0,0,0,0,0
2014-02-11,7846,-7846,0,0,0,0,0,0,0,0,0
2014-02-10,-3038,3038,0,0,0,0,0,0,0,0,0
2014-02-07,-967,967,0,0,0,0,0,0,0,0,0
2014-02-06,-9615,9615,0,0,0,0,0,0,0,0,0
2014-02-05,2368,-2368,0,0,0,0,0,0,0,0,0
2014-02-04,6653,-2775,0,0,0,0,0,0,0,0,0
2014-02-03,-2727,1156,0,0,0,0,0,0,0,0,0
2014-01-29,-5908,3601,0,0,0,0,0,0,0,0,0
2014-01-28,-3874,3874,0,0,0,0,0,0,0,0,0
2014-01-27,11043,-11043,0,0,0,0,0,0,0,0,0
2014-01-24,1329,-1329,0,0,0,0,0,0,0,0,0
2014-01-23,15455,-11955,0,0,0,0,0,0,0,0,0
2014-01-22,-371,-3007,0,0,0,0,0,0,0,0,0
2014-01-21,2754,-2754,0,0,0,0,0,0,0,0,0
2014-01-20,2572,-2572,0,0,0,0,0,0,0,0,0
2014-01-17,-567,567,0,0,0,0,0,0,0,0,0
2014-01-16,3416,-412,0,0,0,0,0,0,0,0,0
2014-01-15,-1330,1330,0,0,0,0,0,0,0,0,0
2014-01-14,2400,-5526,0,0,0,0,0,0,0,0,0
2014-01-13,221,-221,0,0,0,0,0,0,0,0,0
2014-01-10,4868,-4868,0,0,0,0,0,0,0,0,0
2014-01-09,-2628,2628,0,0,0,0,0,0,0,0,0
2014-01-08,3067,-3067,0,0,0,0,0,0,0,0,0
2014-01-07,-238,238,0,0,0,0,0,0,0,0,0
2014-01-06,1020,-1020,0,0,0,0,0,0,0,0,0
2014-01-03,-1667,1667,0,0,0,0,0,0,0,0,0
2014-01-02,3394,-3394,0,0,0,0,0,0,0,0,0
2013-12-30,-354,354,0,0,0,0,0,0,0,0,0
2013-12-27,-2082,2082,0,0,0,0,0,0,0,0,0
2013-12-26,3307,-3307,0,0,0,0,0,0,0,0,0
2013-12-24,3316,-3316,0,0,0,0,0,0,0,0,0
2013-12-23,610,-610,0,0,0,0,0,0,0,0,0
2013-12-20,307,-307,0,0,0,0,0,0,0,0,0
2013-12-19,-279,279,0,0,0,0,0,0,0,0,0
2013-12-18,2473,-2473,0,0,0,0,0,0,0,0,0
2013-12-17,-235,235,0,0,0,0,0,0,0,0,0
2013-12-16,2385,-2385,0,0,0,0,0,0,0,0,0
2013-12-13,-525,525,0,0,0,0,0,0,0,0,0
2013-12-12,3414,-3414,0,0,0,0,0,0,0,0,0
2013-12-11,2649,-2649,0,0,0,0,0,0,0,0,0
2013-12-10,-9220,9220,0,0,0,0,0,0,0,0,0
2013-12-09,-537,537,0,0,0,0,0,0,0,0,0
2013-12-06,-1394,1394,0,0,0,0,0,0,0,0,0
2013-12-05,-5943,5943,0,0,0,0,0,0,0,0,0
2013-12-04,-4814,4814,0,0,0,0,0,0,0,0,0
2013-12-03,-1834,1834,0,0,0,0,0,0,0,0,0
2013-12-02,893,-893,0,0,0,0,0,0,0,0,0
2013-11-29,-6793,6793,0,0,0,0,0,0,0,0,0
2013-11-28,16997,-16997,0,0,0,0,0,0,0,0,0
2013-11-27,34028,-34028,0,0,0,0,0,0,0,0,0
2013-11-26,6524,-6524,0,0,0,0,0,0,0,0,0
2013-11-25,-913,913,0,0,0,0,0,0,0,0,0
2013-11-22,-5666,5666,0,0,0,0,0,0,0,0,0
2013-11-21,-14798,14798,0,0,0,0,0,0,0,0,0
2013-11-20,-2816,2814,0,0,0,0,0,0,0,0,2
2013-11-19,3324,-3324,0,0,0,0,0,0,0,0,0
2013-11-18,-2219,2219,0,0,0,0,0,0,0,0,0
2013-11-15,-2157,2157,0,0,0,0,0,0,0,0,0
2013-11-14,208,-208,0,0,0,0,0,0,0,0,0
2013-11-13,-4965,4965,0,0,0,0,0,0,0,0,0
2013-11-12,-21831,4313,0,0,0,0,0,0,0,0,17518
2013-11-11,1701,-1701,0,0,0,0,0,0,0,0,0
2013-11-08,8923,-8923,0,0,0,0,0,0,0,0,0
2013-11-07,-2216,2216,0,0,0,0,0,0,0,0,0
2013-11-06,-2693,2693,0,0,0,0,0,0,0,0,0
2013-11-05,-2038,2038,0,0,0,0,0,0,0,0,0
2013-11-04,-961,961,0,0,0,0,0,0,0,0,0
2013-11-01,5121,-5121,0,0,0,0,0,0,0,0,0
2013-10-31,162,-162,0,0,0,0,0,0,0,0,0
2013-10-30,-1636,1636,0,0,0,0,0,0,0,0,0
2013-10-29,-34,34,0,0,0,0,0,0,0,0,0
2013-10-28,1224,-1224,0,0,0,0,0,0,0,0,0
2013-10-25,-4530,4530,0,0,0,0,0,0,0,0,0
2013-10-24,921,-921,0,0,0,0,0,0,0,0,0
2013-10-23,5356,-5356,0,0,0,0,0,0,0,0,0
2013-10-22,299,-299,0,0,0,0,0,0,0,0,0
2013-10-21,1821,-1821,0,0,0,0,0,0,0,0,0
2013-10-18,5496,-5496,0,0,0,0,0,0,0,0,0
2013-10-17,5607,-5607,0,0,0,0,0,0,0,0,0
2013-10-16,3236,-3236,0,0,0,0,0,0,0,0,0
2013-10-15,-189,-283,0,0,0,0,0,0,0,0,472
2013-10-14,-336,336,0,0,0,0,0,0,0,0,0
2013-10-11,664,-664,0,0,0,0,0,0,0,0,0
2013-10-10,331,-331,0,0,0,0,0,0,0,0,0
2013-10-08,12238,-12238,0,0,0,0,0,0,0,0,0
2013-10-07,647,-647,0,0,0,0,0,0,0,0,0
2013-10-04,1339,-1339,0,0,0,0,0,0,0,0,0
2013-10-02,-765,765,0,0,0,0,0,0,0,0,0
2013-10-01,2573,-2573,0,0,0,0,0,0,0,0,0
2013-09-30,4499,-4499,0,0,0,0,0,0,0,0,0
2013-09-27,-400,400,0,0,0,0,0,0,0,0,0
2013-09-26,-2213,2213,0,0,0,0,0,0,0,0,0
2013-09-25,774,-774,0,0,0,0,0,0,0,0,0
2013-09-24,3609,-3609,0,0,0,0,0,0,0,0,0
2013-09-23,-353,353,0,0,0,0,0,0,0,0,0
2013-09-17,1409,-1409,0,0,0,0,0,0,0,0,0
2013-09-16,2872,-2872,0,0,0,0,0,0,0,0,0
2013-09-13,897,-897,0,0,0,0,0,0,0,0,0
2013-09-12,3692,-3692,0,0,0,0,0,0,0,0,0
2013-09-11,-6541,357,0,0,0,0,0,0,0,0,6184
2013-09-10,2049,-2049,0,0,0,0,0,0,0,0,0
2013-09-09,-4935,4935,0,0,0,0,0,0,0,0,0
2013-09-06,4804,-4804,0,0,0,0,0,0,0,0,0
2013-09-05,-2063,2063,0,0,0,0,0,0,0,0,0
2013-09-04,995,-995,0,0,0,0,0,0,0,0,0
2013-09-03,-4087,4087,0,0,0,0,0,0,0,0,0
2013-09-02,1409,-1409,0,0,0,0,0,0,0,0,0
2013-08-30,8990,-8990,0,0,0,0,0,0,0,0,0
2013-08-29,4398,-4398,0,0,0,0,0,0,0,0,0
2013-08-28,18052,-8052,0,0,0,0,0,0,0,0,-10000
2013-08-27,-8200,-8400,0,0,0,0,0,0,0,0,16600
2013-08-26,-63553,-810,0,0,0,0,0,0,0,0,64363
2013-08-23,-7522,-1431,0,0,0,0,0,0,0,0,8953
2013-08-22,-109800,-10414,0,0,0,0,0,0,0,0,120214
2013-08-21,-38345,-10655,0,0,0,0,0,0,0,0,49000
2013-08-20,-45171,-7829,0,0,0,0,0,0,0,0,53000
2013-08-19,1954,-3954,0,0,0,0,0,0,0,0,2000
2013-08-16,-14186,-2797,0,0,0,0,0,0,0,0,16983
2013-08-14,-6412,6412,0,0,0,0,0,0,0,0,0
2013-08-13,2981,-2981,0,0,0,0,0,0,0,0,0
2013-08-12,-1972,1972,0,0,0,0,0,0,0,0,0
2013-08-09,-1601,1601,0,0,0,0,0,0,0,0,0
2013-08-08,595,-595,0,0,0,0,0,0,0,0,0
2013-08-07,4602,-4602,0,0,0,0,0,0,0,0,0
2013-08-06,-8962,8962,0,0,0,0,0,0,0,0,0
2013-08-05,-11105,11105,0,0,0,0,0,0,0,0,0
2013-08-02,965,-965,0,0,0,0,0,0,0,0,0
2013-08-01,-3508,3508,0,0,0,0,0,0,0,0,0
2013-07-31,3155,-3155,0,0,0,0,0,0,0,0,0
2013-07-30,-2760,2760,0,0,0,0,0,0,0,0,0
2013-07-29,7107,-7107,0,0,0,0,0,0,0,0,0
2013-07-26,-7433,7432,0,0,0,0,0,0,0,0,1
2013-07-25,-15850,8998,0,0,0,0,0,0,0,0,6852
2013-07-24,-40928,10344,0,0,0,0,0,0,0,0,30584
2013-07-23,-23869,6292,0,0,0,0,0,0,0,0,17577
2013-07-22,-41212,11212,0,0,0,0,0,0,0,0,30000
2013-07-19,-4989,-327,0,0,0,0,0,0,0,0,5316
2013-07-18,-13171,9135,0,0,0,0,0,0,0,0,4036
2013-07-17,-59173,13521,0,0,0,0,0,0,0,0,48000
2013-07-16,-34641,-969,0,0,0,0,0,0,0,0,35610
2013-07-15,-25533,1382,0,0,0,0,0,0,0,0,24151
2013-07-12,-60068,8075,0,0,0,0,0,0,0,0,51993
2013-07-11,-30226,13226,0,0,0,0,0,0,0,0,17000
2013-07-10,-31007,-6993,0,0,0,0,0,0,0,0,38000
2013-07-09,-41653,9209,0,0,0,0,0,0,0,0,32444
2013-07-08,-94815,-3514,0,0,0,0,0,0,0,0,97329
2013-07-05,-40089,6415,0,0,0,0,0,0,0,0,32326
2013-07-04,-70266,-3332,0,0,0,0,0,0,0,0,73598
2013-07-03,-11005,-8949,0,0,0,0,0,0,0,0,21954
2013-07-02,-51800,-10668,0,0,0,0,0,0,0,0,62468
2013-07-01,-55369,-1791,0,0,0,0,0,0,0,0,57160
2013-06-28,13703,-15533,0,0,0,0,0,0,0,0,0
2013-06-27,-745,692,0,0,0,0,0,0,0,0,0
2013-06-26,42399,-42516,0,0,0,0,0,0,0,0,0
2013-06-25,-2341,2341,0,0,0,0,0,0,0,0,0
2013-06-24,-2853,2853,0,0,0,0,0,0,0,0,0
2013-06-21,27770,-27770,0,0,0,0,0,0,0,0,0
2013-06-20,-567,567,0,0,0,0,0,0,0,0,0
2013-06-19,-1789,1789,0,0,0,0,0,0,0,0,0
2013-06-18,13912,-13912,0,0,0,0,0,0,0,0,0
2013-06-17,-2337,2337,0,0,0,0,0,0,0,0,0
2013-06-14,5106,-5106,0,0,0,0,0,0,0,0,0
2013-06-13,4491,-4491,0,0,0,0,0,0,0,0,0
2013-06-12,5709,-5709,0,0,0,0,0,0,0,0,0
2013-06-11,9542,-9542,0,0,0,0,0,0,0,0,0
2013-06-10,-5539,5539,0,0,0,0,0,0,0,0,0
2013-06-07,20333,-20333,0,0,0,0,0,0,0,0,0
2013-06-05,-3870,3869,0,0,0,0,0,0,0,0,1
2013-06-04,-20352,20352,0,0,0,0,0,0,0,0,0
2013-06-03,-11043,11043,0,0,0,0,0,0,0,0,0
2013-05-31,-14520,18842,0,0,0,0,0,0,0,0,0
2013-05-30,-30755,30755,0,0,0,0,0,0,0,0,0
2013-05-29,-6204,6204,0,0,0,0,0,0,0,0,0
2013-05-28,-36370,36870,0,0,0,0,0,0,0,0,-500
2013-05-27,-25063,25063,0,0,0,0,0,0,0,0,0
2013-05-24,1097,-1098,0,0,0,0,0,0,0,0,1
2013-05-23,-4901,4899,0,0,0,0,0,0,0,0,2
2013-05-22,-7815,7815,0,0,0,0,0,0,0,0,0
2013-05-21,-4693,4692,0,0,0,0,0,0,0,0,1
2013-05-20,-26339,21339,0,0,0,0,0,0,0,0,5000
2013-05-16,-13252,13252,0,0,0,0,0,0,0,0,0
2013-05-15,-24516,19516,0,0,0,0,0,0,0,0,5000
2013-05-14,453,-453,0,0,0,0,0,0,0,0,0
2013-05-13,-2351,2351,0,0,0,0,0,0,0,0,0
2013-05-10,11565,-2065,0,0,0,0,0,0,0,0,-9500
2013-05-09,-5864,5864,0,0,0,0,0,0,0,0,0
2013-05-08,1629,-1629,0,0,0,0,0,0,0,0,0
2013-05-07,-8600,8600,0,0,0,0,0,0,0,0,0
2013-05-06,-7566,7566,0,0,0,0,0,0,0,0,0
2013-05-03,-14049,14049,0,0,0,0,0,0,0,0,0
2013-05-02,8487,-5937,0,0,0,0,0,0,0,0,0
2013-04-30,7269,-8470,0,0,0,0,0,0,0,0,0
2013-04-29,262,-1611,0,0,0,0,0,0,0,0,0
2013-04-26,-3029,2729,0,0,0,0,0,0,0,0,300
2013-04-25,-14057,16057,0,0,0,0,0,0,0,0,-2000
2013-04-24,-9787,9775,0,0,0,0,0,0,0,0,12
2013-04-23,-8951,8963,0,0,0,0,0,0,0,0,0
2013-04-22,-151,139,0,0,0,0,0,0,0,0,0
2013-04-19,2940,-2940,0,0,0,0,0,0,0,0,0
2013-04-18,1569,-1569,0,0,0,0,0,0,0,0,0
2013-04-17,2973,-4873,0,0,0,0,0,0,0,0,1900
2013-04-16,-6220,6220,0,0,0,0,0,0,0,0,0
2013-04-15,-7037,7022,0,0,0,0,0,0,0,0,15
2013-04-12,-1080,1082,0,0,0,0,0,0,0,0,-2
2013-04-11,-412,412,0,0,0,0,0,0,0,0,0
2013-04-10,1233,-1233,0,0,0,0,0,0,0,0,0
2013-04-09,-3199,-101,0,0,0,0,0,0,0,0,3300
2013-04-08,4856,-818,-4038,0,0,0,0,-4038,0,0,0
2013-04-05,3135,-3220,0,0,0,0,0,0,0,0,85
2013-04-04,-5207,5207,0,0,0,0,0,0,0,0,0
2013-04-03,5059,-5059,0,0,0,0,0,0,0,0,0
2013-04-02,11541,-11541,0,0,0,0,0,0,0,0,0
2013-04-01,4058,-4058,0,0,0,0,0,0,0,0,0
2013-03-29,-25270,22728,0,0,0,0,0,0,0,0,2542
2013-03-28,-6910,-2490,0,0,0,0,0,0,0,0,10000
2013-03-27,18246,-17247,0,0,0,0,0,0,0,0,0
2013-03-26,-3340,3341,0,0,0,0,0,0,0,0,0
2013-03-25,1796,-2713,0,0,0,0,0,0,0,0,0
2013-03-22,6181,-6864,0,0,0,0,0,0,0,0,0
2013-03-21,6104,-6104,0,0,0,0,0,0,0,0,0
2013-03-20,1308,-1434,0,0,0,0,0,0,0,0,126
2013-03-19,32396,-32396,0,0,0,0,0,0,0,0,0
2013-03-18,3861,-3861,0,0,0,0,0,0,0,0,0
2013-03-15,24623,-8945,0,0,0,0,0,0,0,0,0
2013-03-14,6089,-5139,0,0,0,0,0,0,0,0,0
2013-03-13,-49373,22041,0,0,0,0,0,0,0,0,7332
2013-03-12,-12014,12014,0,0,0,0,0,0,0,0,0
2013-03-11,4459,-4458,0,0,0,0,0,0,0,0,0
2013-03-08,5653,-5653,0,0,0,0,0,0,0,0,0
2013-03-07,14034,-14034,0,0,0,0,0,0,0,0,0
2013-03-06,-25841,25840,0,0,0,0,0,0,0,0,0
2013-03-05,-7173,7173,0,0,0,0,0,0,0,0,0
2013-03-04,5195,-5195,0,0,0,0,0,0,0,0,0
2013-02-28,-3255,3255,0,0,0,0,0,0,0,0,0
2013-02-27,4292,-4292,0,0,0,0,0,0,0,0,0
2013-02-26,-2021,2021,0,0,0,0,0,0,0,0,0
2013-02-25,8004,-8004,0,0,0,0,0,0,0,0,0
2013-02-22,1661,4339,0,0,0,0,0,0,0,0,0
2013-02-21,-11207,11207,0,0,0,0,0,0,0,0,0
2013-02-20,863,-863,0,0,0,0,0,0,0,0,0
2013-02-19,-16036,16036,0,0,0,0,0,0,0,0,0
2013-02-18,27,-27,0,0,0,0,0,0,0,0,0
2013-02-15,6601,-6601,0,0,0,0,0,0,0,0,0
2013-02-14,-5364,8894,0,0,0,0,0,0,0,0,0
2013-02-13,-5376,6876,0,0,0,0,0,0,0,0,0
2013-02-12,6747,-6777,0,0,0,0,0,0,0,0,0
2013-02-08,-3307,-1693,0,0,0,0,0,0,0,0,0
2013-02-07,-4612,-1388,0,0,0,0,0,0,0,0,0
2013-02-06,953,705,0,0,0,0,0,0,0,0,0
2013-02-05,5559,-5544,0,0,0,0,0,0,0,0,-15
2013-02-04,2377,-2377,0,0,0,0,0,0,0,0,0
2013-02-01,-11534,11534,0,0,0,0,0,0,0,0,0
2013-01-31,-4587,4586,0,0,0,0,0,0,0,0,0
2013-01-30,2883,-3750,0,0,0,0,0,0,0,0,0
2013-01-29,496,-1286,0,0,0,0,0,0,0,0,0
2013-01-28,-4944,4944,0,0,0,0,0,0,0,0,0
2013-01-25,7592,-6592,0,0,0,0,0,0,0,0,-1000
2013-01-24,25763,-25763,0,0,0,0,0,0,0,0,0
2013-01-23,2271,-1400,0,0,0,0,0,0,0,0,0
2013-01-22,39645,-39645,0,0,0,0,0,0,0,0,0
2013-01-21,-26315,26315,0,0,0,0,0,0,0,0,0
2013-01-18,6591,-6591,0,0,0,0,0,0,0,0,0
2013-01-17,-10832,10832,0,0,0,0,0,0,0,0,0
2013-01-16,29741,-29741,0,0,0,0,0,0,0,0,0
2013-01-15,-57305,56304,0,0,0,0,0,0,0,0,1000
2013-01-14,-11411,11396,0,0,0,0,0,0,0,0,15
2013-01-11,10121,-10095,0,0,0,0,0,0,0,0,0
2013-01-10,50725,-49871,0,0,0,0,0,0,0,0,0
2013-01-09,-10146,9746,0,0,0,0,0,0,0,0,0
2013-01-08,10109,-10209,0,0,0,0,0,0,0,0,0
2013-01-07,-11800,11800,0,0,0,0,0,0,0,0,0
2013-01-04,8634,-8634,0,0,0,0,0,0,0,0,0
2013-01-03,22403,-22103,0,0,0,0,0,0,0,0,0
2013-01-02,4354,-5904,0,0,0,0,0,0,0,0,0
2012-12-28,-13050,13150,0,0,0,0,0,0,0,0,-100
2012-12-27,7408,-8,0,0,0,0,0,0,0,0,-7400
2012-12-26,15011,-15011,0,0,0,0,0,0,0,0,0
2012-12-24,-42229,42229,0,0,0,0,0,0,0,0,0
2012-12-21,1460,12121,0,0,0,0,0,0,0,0,0
2012-12-20,-14383,13322,0,0,0,0,0,0,0,0,0
2012-12-18,19105,-31625,0,0,0,0,0,0,0,0,0
2012-12-17,28094,-28094,0,0,0,0,0,0,0,0,0
2012-12-14,14981,-17481,0,0,0,0,0,0,0,0,2500
2012-12-13,-37743,37743,0,0,0,0,0,0,0,0,0
2012-12-12,7955,-7955,0,0,0,0,0,0,0,0,0
2012-12-11,24971,-29971,0,0,0,0,0,0,0,0,5000
2012-12-10,47761,-47761,0,0,0,0,0,0,0,0,0
2012-12-07,9106,-9006,0,0,0,0,0,0,0,0,0
2012-12-06,5635,-5735,0,0,0,0,0,0,0,0,0
2012-12-05,24059,-22716,0,0,0,0,0,0,0,0,0
2012-12-04,-15069,15069,0,0,0,0,0,0,0,0,0
2012-12-03,-35981,35213,0,0,0,0,0,0,0,0,0
2012-11-30,34731,-35306,0,0,0,0,0,0,0,0,0
2012-11-29,23619,-23619,0,0,0,0,0,0,0,0,0
2012-11-28,-26221,26221,0,0,0,0,0,0,0,0,0
2012-11-27,9902,-9902,0,0,0,0,0,0,0,0,0
2012-11-26,28057,-28051,0,0,0,0,0,0,0,0,0
2012-11-23,12235,-10023,0,0,0,0,0,0,0,0,0
2012-11-22,-7236,7236,0,0,0,0,0,0,0,0,0
2012-11-21,19023,-19023,0,0,0,0,0,0,0,0,0
2012-11-20,31534,-25991,-5543,0,0,0,0,-5543,0,0,0
2012-11-19,-38896,38896,0,0,0,0,0,0,0,0,0
2012-11-16,-2476,2374,0,0,0,0,0,0,0,0,0
2012-11-15,-28999,28999,0,0,0,0,0,0,0,0,0
2012-11-14,-22728,22596,0,0,0,0,0,0,0,0,0
2012-11-13,25295,-26279,0,0,0,0,0,0,0,0,0
2012-11-12,-5013,5013,0,0,0,0,0,0,0,0,0
2012-11-09,28018,-28018,0,0,0,0,0,0,0,0,0
2012-11-08,-8477,9377,0,0,0,0,0,0,0,0,0
2012-11-07,-2606,2544,0,0,0,0,0,0,0,0,0
2012-11-06,-12465,10627,0,0,0,0,0,0,0,0,0
2012-11-05,-26802,26802,0,0,0,0,0,0,0,0,0
2012-11-02,4802,-4802,0,0,0,0,0,0,0,0,0
2012-11-01,10355,-10355,0,0,0,0,0,0,0,0,0
2012-10-31,-76271,76932,0,0,0,0,0,0,0,0,0
2012-10-30,-55587,55587,0,0,0,0,0,0,0,0,0
2012-10-29,-11308,19286,0,0,0,0,0,0,0,0,0
2012-10-26,22972,-23611,0,0,0,0,0,0,0,0,0
2012-10-25,42287,-50287,0,0,0,0,0,0,0,0,0
2012-10-24,26667,-26667,0,0,0,0,0,0,0,0,0
2012-10-23,-41523,41523,0,0,0,0,0,0,0,0,0
2012-10-22,-2116,2116,0,0,0,0,0,0,0,0,0
2012-10-19,-8858,8858,0,0,0,0,0,0,0,0,0
2012-10-18,66,-8,0,0,0,0,0,0,0,0,0
2012-10-17,-8253,8145,0,0,0,0,0,0,0,0,0
2012-10-16,28894,-28894,0,0,0,0,0,0,0,0,0
2012-10-15,19495,-19495,0,0,0,0,0,0,0,0,0
2012-10-12,-4085,4085,0,0,0,0,0,0,0,0,0
2012-10-11,40832,-37997,0,0,0,0,0,0,0,0,0
2012-10-10,-1715,1715,0,0,0,0,0,0,0,0,0
2012-10-09,8006,-9028,0,0,0,0,0,0,0,0,0
2012-10-08,12193,-12193,0,0,0,0,0,0,0,0,0
2012-10-05,-2167,2127,0,0,0,0,0,0,0,0,0
2012-10-04,-23444,23444,0,0,0,0,0,0,0,0,0
2012-10-02,37363,-37363,0,0,0,0,0,0,0,0,0
2012-09-28,-25904,26384,0,0,0,0,0,0,0,0,0
2012-09-27,6656,-7136,0,0,0,0,0,0,0,0,0
2012-09-26,-8047,8047,0,0,0,0,0,0,0,0,0
2012-09-25,5397,-5630,0,0,0,0,0,0,0,0,0
2012-09-24,510,1310,0,0,0,0,0,0,0,0,0
2012-09-21,-21385,18672,419,0,0,0,0,419,0,0,0
2012-09-20,-15927,15927,0,0,0,0,0,0,0,0,0
2012-09-19,847,-847,0,0,0,0,0,0,0,0,0
2012-09-18,500,-500,0,0,0,0,0,0,0,0,0
2012-09-17,-12240,27256,0,0,0,0,0,0,0,0,-15000
2012-09-14,-423,8596,-8189,0,0,0,0,-8189,0,0,0
2012-09-13,-22567,22567,0,0,0,0,0,0,0,0,0
2012-09-12,-8810,7311,2000,0,0,0,0,2000,0,0,0
2012-09-11,6540,-5440,0,0,0,0,0,0,0,0,-1100
2012-09-10,-6212,1088,5124,0,0,0,0,5124,0,0,0
2012-09-07,-10477,10377,0,0,0,0,0,0,0,0,100
2012-09-06,-4225,4425,0,0,0,0,0,0,0,0,100
2012-09-05,-1353,-2974,4227,0,0,0,0,4227,0,0,100
2012-09-04,12318,-15118,2000,0,0,0,0,2000,0,0,800
2012-09-03,-36159,38159,0,0,0,0,0,0,0,0,0
2012-08-31,-2965,965,2000,0,0,0,0,2000,0,0,0
2012-08-30,32257,-29817,0,0,0,0,0,0,0,0,0
2012-08-29,381,2336,2000,0,0,0,0,2000,0,0,-4157
2012-08-28,1145,-1145,0,0,0,0,0,0,0,0,0
2012-08-27,-7663,4206,0,0,0,0,0,0,0,0,4157
2012-08-24,5539,-3766,0,0,0,0,0,0,0,0,0
2012-08-23,2307,-2386,0,0,0,0,0,0,0,0,0
2012-08-22,14605,1,0,0,0,0,0,0,0,0,-15000
2012-08-21,10886,-10386,0,0,0,0,0,0,0,0,0
2012-08-20,7388,-7388,0,0,0,0,0,0,0,0,0
2012-08-17,32928,-32928,0,0,0,0,0,0,0,0,0
2012-08-16,-7695,15395,0,0,0,0,0,0,0,0,0
2012-08-14,12497,-13297,0,0,0,0,0,0,0,0,0
2012-08-13,-7670,5865,0,0,0,0,0,0,0,0,0
2012-08-10,-8422,8422,0,0,0,0,0,0,0,0,0
2012-08-09,1043,-1043,0,0,0,0,0,0,0,0,0
2012-08-08,-5832,6459,0,0,0,0,0,0,0,0,0
2012-08-07,201,-201,0,0,0,0,0,0,0,0,0
2012-08-06,9465,-10414,0,0,0,0,0,0,0,0,0
2012-08-03,13684,-13684,0,0,0,0,0,0,0,0,0
2012-08-02,-3721,-1279,0,0,0,0,0,0,0,0,0
2012-08-01,-433,433,0,0,0,0,0,0,0,0,0
2012-07-31,-9082,9082,0,0,0,0,0,0,0,0,0
2012-07-30,-2421,2421,0,0,0,0,0,0,0,0,0
2012-07-27,-4910,4910,0,0,0,0,0,0,0,0,0
2012-07-26,2335,-2335,0,0,0,0,0,0,0,0,0
2012-07-25,19788,-19788,0,0,0,0,0,0,0,0,0
2012-07-24,11206,-11206,0,0,0,0,0,0,0,0,0
2012-07-23,12028,-12728,0,0,0,0,0,0,0,0,0
2012-07-20,-190,190,0,0,0,0,0,0,0,0,0
2012-07-19,-10826,10826,0,0,0,0,0,0,0,0,0
2012-07-18,3209,-3209,0,0,0,0,0,0,0,0,0
2012-07-17,3201,-3201,0,0,0,0,0,0,0,0,0
2012-07-16,-4463,4463,0,0,0,0,0,0,0,0,0
2012-07-13,9759,-9759,0,0,0,0,0,0,0,0,0
2012-07-12,17145,-17145,0,0,0,0,0,0,0,0,0
2012-07-11,-5883,5883,0,0,0,0,0,0,0,0,0
2012-07-10,3053,-3053,0,0,0,0,0,0,0,0,0
2012-07-09,-3996,3996,0,0,0,0,0,0,0,0,0
2012-07-06,2917,-2917,0,0,0,0,0,0,0,0,0
2012-07-05,1037,-1037,0,0,0,0,0,0,0,0,0
2012-07-04,1316,-1316,0,0,0,0,0,0,0,0,0
2012-07-03,-2880,2880,0,0,0,0,0,0,0,0,0
2012-07-02,-9847,9847,0,0,0,0,0,0,0,0,0
2012-06-29,-5333,5333,0,0,0,0,0,0,0,0,0
2012-06-28,-364,364,0,0,0,0,0,0,0,0,0
2012-06-27,15731,-15731,0,0,0,0,0,0,0,0,0
2012-06-26,-1658,1658,0,0,0,0,0,0,0,0,0
2012-06-25,602,-602,0,0,0,0,0,0,0,0,0
2012-06-22,2952,-2952,0,0,0,0,0,0,0,0,0
2012-06-21,-5455,5455,0,0,0,0,0,0,0,0,0
2012-06-20,19616,3606,0,0,0,0,0,0,0,0,-23222
2012-06-19,-6662,6662,0,0,0,0,0,0,0,0,0
2012-06-18,2232,-2232,0,0,0,0,0,0,0,0,0
2012-06-15,18397,-18397,0,0,0,0,0,0,0,0,0
2012-06-14,297,-297,0,0,0,0,0,0,0,0,0
2012-06-13,4787,-4787,0,0,0,0,0,0,0,0,0
2012-06-12,-7423,7423,0,0,0,0,0,0,0,0,0
2012-06-11,14724,-14724,0,0,0,0,0,0,0,0,0
2012-06-08,-817,817,0,0,0,0,0,0,0,0,0
2012-06-07,6374,-6324,0,0,0,0,0,0,0,0,-50
2012-06-05,18185,-16915,0,0,0,0,0,0,0,0,0
2012-06-04,-8530,9030,0,0,0,0,0,0,0,0,0
2012-06-01,-6811,6811,0,0,0,0,0,0,0,0,0
2012-05-31,-3746,5196,0,0,0,0,0,0,0,0,50
2012-05-30,-5549,5549,0,0,0,0,0,0,0,0,0
2012-05-29,-5683,5683,0,0,0,0,0,0,0,0,0
2012-05-25,-502,502,0,0,0,0,0,0,0,0,0
2012-05-24,-1500,1500,0,0,0,0,0,0,0,0,0
2012-05-23,14586,-14586,0,0,0,0,0,0,0,0,0
2012-05-22,3928,3072,0,0,0,0,0,0,0,0,-7000
2012-05-21,4155,-155,0,0,0,0,0,0,0,0,-4000
2012-05-18,12833,-12833,0,0,0,0,0,0,0,0,0
2012-05-17,-205,205,0,0,0,0,0,0,0,0,0
2012-05-16,-12882,12882,0,0,0,0,0,0,0,0,0
2012-05-15,-25545,-2177,0,0,0,0,0,0,0,0,20722
2012-05-14,12223,-12223,0,0,0,0,0,0,0,0,0
2012-05-11,19671,-19671,0,0,0,0,0,0,0,0,0
2012-05-10,-7811,7811,0,0,0,0,0,0,0,0,0
2012-05-09,-4881,-119,0,0,0,0,0,0,0,0,5000
2012-05-08,-10623,3050,0,0,0,0,0,0,0,0,7573
2012-05-07,-3977,3977,0,0,0,0,0,0,0,0,0
2012-05-04,-7351,7351,0,0,0,0,0,0,0,0,0
2012-05-03,897,-897,0,0,0,0,0,0,0,0,0
2012-05-02,7349,-7349,0,0,0,0,0,0,0,0,0
2012-04-30,3581,-3581,0,0,0,0,0,0,0,0,0
2012-04-27,-2969,2969,0,0,0,0,0,0,0,0,0
2012-04-26,5258,-5258,0,0,0,0,0,0,0,0,0
2012-04-25,-1807,807,0,0,0,0,0,0,0,0,1000
2012-04-24,9504,-9504,0,0,0,0,0,0,0,0,0
2012-04-23,-5199,5199,0,0,0,0,0,0,0,0,0
2012-04-20,10937,-10937,0,0,0,0,0,0,0,0,0
2012-04-19,8816,-12620,0,0,0,0,0,0,0,0,3804
2012-04-18,-7844,-2063,0,0,0,0,0,0,0,0,10217
2012-04-17,58844,-69250,0,0,0,0,0,0,0,0,10406
2012-04-16,4319,-7319,0,0,0,0,0,0,0,0,3000
2012-04-13,-3495,3495,0,0,0,0,0,0,0,0,0
2012-04-12,14061,-14061,0,0,0,0,0,0,0,0,0
2012-04-10,32960,-32960,0,0,0,0,0,0,0,0,0
2012-04-09,9512,-9512,0,0,0,0,0,0,0,0,0
2012-04-06,-12220,12222,0,0,0,0,0,0,0,0,0
2012-04-05,333,-333,0,0,0,0,0,0,0,0,0
2012-04-04,-3696,3696,0,0,0,0,0,0,0,0,0
2012-04-03,3441,-3441,0,0,0,0,0,0,0,0,0
2012-04-02,2084,-2084,0,0,0,0,0,0,0,0,0
2012-03-30,2464,-2464,0,0,0,0,0,0,0,0,0
2012-03-29,14379,-12379,0,0,0,0,0,0,0,0,0
2012-03-28,-523,523,0,0,0,0,0,0,0,0,0
2012-03-27,13066,-13168,0,0,0,0,0,0,0,0,0
2012-03-26,-17643,17643,0,0,0,0,0,0,0,0,0
2012-03-23,-21952,21952,0,0,0,0,0,0,0,0,0
2012-03-22,-3249,3149,0,0,0,0,0,0,0,0,0
2012-03-21,5921,-6021,0,0,0,0,0,0,0,0,0
2012-03-20,1171,2729,0,0,0,0,0,0,0,0,-4000
2012-03-19,762,-762,0,0,0,0,0,0,0,0,0
2012-03-16,2263,-2263,0,0,0,0,0,0,0,0,0
2012-03-15,382,-482,0,0,0,0,0,0,0,0,0
2012-03-14,7155,-9855,0,0,0,0,0,0,0,0,2500
2012-03-13,9992,-9992,0,0,0,0,0,0,0,0,0
2012-03-12,-7424,7394,0,0,0,0,0,0,0,0,0
2012-03-09,-6572,6612,0,0,0,0,0,0,0,0,0
2012-03-08,9475,-9515,0,0,0,0,0,0,0,0,-160
2012-03-07,-13993,13993,0,0,0,0,0,0,0,0,0
2012-03-06,9111,4958,0,0,0,0,0,0,0,0,-14000
2012-03-05,25231,-5231,0,0,0,0,0,0,0,0,-20000
2012-03-02,-10218,10118,0,0,0,0,0,0,0,0,0
2012-02-29,57331,-5550,0,0,0,0,0,0,0,0,-52000
2012-02-28,22697,2303,0,0,0,0,0,0,0,0,-25078
2012-02-27,-2009,-391,0,0,0,0,0,0,0,0,2000
2012-02-24,16949,-2967,0,0,0,0,0,0,0,0,-14682
2012-02-23,-8272,7372,0,0,0,0,0,0,0,0,1000
2012-02-22,-4987,-183,0,0,0,0,0,0,0,0,2000
2012-02-21,-1428,-272,0,0,0,0,0,0,0,0,-300
2012-02-20,-7029,-8953,0,0,0,0,0,0,0,0,15982
2012-02-17,27587,824,0,0,0,0,0,0,0,0,0
2012-02-16,35936,-436,0,0,0,0,0,0,0,0,0
2012-02-15,-3365,2865,0,0,0,0,0,0,0,0,0
2012-02-14,252,-52,0,0,0,0,0,0,0,0,0
2012-02-13,24011,-24611,0,0,0,0,0,0,0,0,0
2012-02-10,24696,-24496,0,0,0,0,0,0,0,0,0
2012-02-09,-16762,16762,0,0,0,0,0,0,0,0,0
2012-02-08,5186,-5188,0,0,0,0,0,0,0,0,0
2012-02-07,9629,-9629,0,0,0,0,0,0,0,0,0
2012-02-06,5507,-5782,0,0,0,0,0,0,0,0,0
2012-02-03,3233,-2743,0,0,0,0,0,0,0,0,0
2012-02-02,12372,-5750,0,0,0,0,0,0,0,0,0
2012-02-01,1157,-1157,0,0,0,0,0,0,0,0,0
2012-01-31,3924,-3674,0,0,0,0,0,0,0,0,0
2012-01-30,-3690,-2652,0,0,0,0,0,0,0,0,0
2012-01-27,-3036,3036,0,0,0,0,0,0,0,0,0
2012-01-26,3130,9870,0,0,0,0,0,0,0,0,-13000
2012-01-25,16507,-6307,0,0,0,0,0,0,0,0,-10000
2012-01-20,-2118,13818,0,0,0,0,0,0,0,0,-12000
2012-01-19,-2722,2722,0,0,0,0,0,0,0,0,0
2012-01-18,1736,-1196,0,0,0,0,0,0,0,0,0
2012-01-17,-8746,8716,0,0,0,0,0,0,0,0,0
2012-01-16,-2675,2575,0,0,0,0,0,0,0,0,0
2012-01-13,-11659,11259,0,0,0,0,0,0,0,0,0
2012-01-12,-19941,19401,0,0,0,0,0,0,0,0,0
2012-01-11,-5368,5368,0,0,0,0,0,0,0,0,0
2012-01-10,-2438,2438,0,0,0,0,0,0,0,0,0
2012-01-09,-5651,5451,0,0,0,0,0,0,0,0,0
2012-01-06,6570,-6510,0,0,0,0,0,0,0,0,0
2012-01-05,6660,-7670,0,0,0,0,0,0,0,0,0
2012-01-04,-2305,2661,0,0,0,0,0,0,0,0,0
2012-01-03,4558,-4288,0,0,0,0,0,0,0,0,0
2012-01-02,16753,-16679,0,0,0,0,0,0,0,0,0
2011-12-29,-33400,-1650,0,0,0,0,0,0,0,0,35000
2011-12-28,-9242,9242,0,0,0,0,0,0,0,0,0
2011-12-27,4040,-3690,0,0,0,0,0,0,0,0,0
2011-12-26,10935,-10719,0,0,0,0,0,0,0,0,0
2011-12-23,10512,-8700,0,0,0,0,0,0,0,0,0
2011-12-22,-8728,8678,0,0,0,0,0,0,0,0,0
2011-12-21,-11188,9876,0,0,0,0,0,0,0,0,0
2011-12-20,2860,-2860,0,0,0,0,0,0,0,0,0
2011-12-19,-7360,7460,0,0,0,0,0,0,0,0,0
2011-12-16,-3817,4017,0,0,0,0,0,0,0,0,0
2011-12-15,3677,-3287,0,0,0,0,0,0,0,0,0
2011-12-14,13177,-12967,0,0,0,0,0,0,0,0,0
2011-12-13,10584,-2684,0,0,0,0,0,0,0,0,0
2011-12-12,747,-847,0,0,0,0,0,0,0,0,0
2011-12-09,2142,-2142,0,0,0,0,0,0,0,0,0
2011-12-08,252,-152,0,0,0,0,0,0,0,0,0
2011-12-07,-1944,1944,0,0,0,0,0,0,0,0,0
2011-12-06,7724,-7674,0,0,0,0,0,0,0,0,0
2011-12-05,-4736,4686,0,0,0,0,0,0,0,0,0
2011-12-02,-1738,1707,0,0,0,0,0,0,0,0,0
2011-12-01,1883,-1783,0,0,0,0,0,0,0,0,0
2011-11-30,630,630,0,0,0,0,0,0,0,0,0
2011-11-29,-447,457,0,0,0,0,0,0,0,0,0
2011-11-28,255,-155,0,0,0,0,0,0,0,0,0
2011-11-25,9353,-9553,0,0,0,0,0,0,0,0,0
2011-11-24,2306,-2306,0,0,0,0,0,0,0,0,0
2011-11-23,13467,-13567,0,0,0,0,0,0,0,0,0
2011-11-22,-2061,2061,0,0,0,0,0,0,0,0,0
2011-11-21,8969,-8969,0,0,0,0,0,0,0,0,0
2011-11-18,94,-394,0,0,0,0,0,0,0,0,0
2011-11-17,3376,-3766,0,0,0,0,0,0,0,0,0
2011-11-16,14236,-4536,0,0,0,0,0,0,0,0,-10000
2011-11-15,-2154,2154,0,0,0,0,0,0,0,0,0
2011-11-14,-13218,13268,0,0,0,0,0,0,0,0,0
2011-11-11,3432,-3532,0,0,0,0,0,0,0,0,0
2011-11-10,13958,-10957,0,0,0,0,0,0,0,0,0
2011-11-09,-522,527,0,0,0,0,0,0,0,0,0
2011-11-08,5028,-5068,0,0,0,0,0,0,0,0,0
2011-11-07,45964,1171,0,0,0,0,0,0,0,0,0
2011-11-04,-3911,3861,0,0,0,0,0,0,0,0,0
2011-11-03,-1764,1784,0,0,0,0,0,0,0,0,0
2011-11-02,-623,413,0,0,0,0,0,0,0,0,0
2011-11-01,4102,-4252,0,0,0,0,0,0,0,0,0
2011-10-31,10656,-10836,0,0,0,0,0,0,0,0,0
2011-10-28,-4541,4531,0,0,0,0,0,0,0,0,0
2011-10-27,197,-247,0,0,0,0,0,0,0,0,0
2011-10-26,6957,-7057,0,0,0,0,0,0,0,0,0
2011-10-25,4198,-4158,0,0,0,0,0,0,0,0,0
2011-10-24,-11216,11226,0,0,0,0,0,0,0,0,0
2011-10-21,-336,276,0,0,0,0,0,0,0,0,0
2011-10-20,4417,-2937,0,0,0,0,0,0,0,0,-1500
2011-10-19,214,-260,0,0,0,0,0,0,0,0,0
2011-10-18,85,-75,0,0,0,0,0,0,0,0,0
2011-10-17,-7495,7445,0,0,0,0,0,0,0,0,0
2011-10-14,2303,-2603,0,0,0,0,0,0,0,0,0
2011-10-13,-10650,10470,0,0,0,0,0,0,0,0,0
2011-10-12,-10798,10808,0,0,0,0,0,0,0,0,0
2011-10-11,-15701,15701,0,0,0,0,0,0,0,0,0
2011-10-10,-886,4906,0,0,0,0,0,0,0,0,0
2011-10-07,-4554,4554,0,0,0,0,0,0,0,0,0
2011-10-06,-18885,18890,0,0,0,0,0,0,0,0,0
2011-10-05,6553,-6583,0,0,0,0,0,0,0,0,0
2011-10-04,16490,-16520,0,0,0,0,0,0,0,0,0
2011-09-30,-10354,10349,0,0,0,0,0,0,0,0,0
2011-09-29,4385,-4385,0,0,0,0,0,0,0,0,0
2011-09-28,-6220,6380,0,0,0,0,0,0,0,0,0
2011-09-27,-5692,5667,0,0,0,0,0,0,0,0,0
2011-09-26,-8417,8425,0,0,0,0,0,0,0,0,0
2011-09-23,17627,-17629,0,0,0,0,0,0,0,0,0
2011-09-22,-1938,1992,0,0,0,0,0,0,0,0,0
2011-09-21,-4052,4389,0,0,0,0,0,0,0,0,0
2011-09-20,550,-518,0,0,0,0,0,0,0,0,0
2011-09-19,-4815,4815,0,0,0,0,0,0,0,0,0
2011-09-16,3933,-1923,0,0,0,0,0,0,0,0,0
2011-09-15,-3147,2177,0,0,0,0,0,0,0,0,0
2011-09-14,14833,-16047,0,0,0,0,0,0,0,0,0
2011-09-09,-4395,4295,0,0,0,0,0,0,0,0,0
2011-09-08,1880,-319,0,0,0,0,0,0,0,0,0
2011-09-07,-2626,2626,0,0,0,0,0,0,0,0,0
2011-09-06,6486,-7586,0,0,0,0,0,0,0,0,0
2011-09-05,8776,-9362,0,0,0,0,0,0,0,0,0
2011-09-02,-4313,4388,0,0,0,0,0,0,0,0,0
2011-09-01,-2702,2702,0,0,0,0,0,0,0,0,0
2011-08-31,-2290,2290,0,0,0,0,0,0,0,0,0
2011-08-30,-5444,5386,0,0,0,0,0,0,0,0,0
2011-08-29,-3632,3632,0,0,0,0,0,0,0,0,0
2011-08-26,1260,-1960,0,0,0,0,0,0,0,0,0
2011-08-25,2087,-2087,0,0,0,0,0,0,0,0,0
2011-08-24,-4712,1362,0,0,0,0,0,0,0,0,0
2011-08-23,359,-314,0,0,0,0,0,0,0,0,0
2011-08-22,-1024,1024,0,0,0,0,0,0,0,0,0
2011-08-19,-5813,5813,0,0,0,0,0,0,0,0,0
2011-08-18,2489,4891,0,0,0,0,0,0,0,0,0
2011-08-17,-6412,5530,0,0,0,0,0,0,0,0,0
2011-08-16,9678,-16020,0,0,0,0,0,0,0,0,0
2011-08-12,1600,-1600,0,0,0,0,0,0,0,0,0
2011-08-11,300,1544,0,0,0,0,0,0,0,0,0
2011-08-10,1082,-3082,0,0,0,0,0,0,0,0,0
2011-08-09,27238,-29238,0,0,0,0,0,0,0,0,0
2011-08-08,4517,-4517,0,0,0,0,0,0,0,0,0
2011-08-05,-1322,1322,0,0,0,0,0,0,0,0,0
2011-08-04,-14885,4885,0,0,0,0,0,0,0,0,10000
2011-08-03,2999,1301,0,0,0,0,0,0,0,0,-4300
2011-08-02,-123,123,0,0,0,0,0,0,0,0,0
2011-08-01,-9744,9744,0,0,0,0,0,0,0,0,0
2011-07-29,4672,-4872,0,0,0,0,0,0,0,0,0
2011-07-28,-6056,1756,0,0,0,0,0,0,0,0,4300
2011-07-27,5403,-4903,0,0,0,0,0,0,0,0,0
2011-07-26,5967,-6467,0,0,0,0,0,0,0,0,0
2011-07-25,1279,-1279,0,0,0,0,0,0,0,0,0
2011-07-22,1553,-1553,0,0,0,0,0,0,0,0,0
2011-07-21,-2281,2281,0,0,0,0,0,0,0,0,0
2011-07-20,4095,-4095,0,0,0,0,0,0,0,0,0
2011-07-19,-3731,3731,0,0,0,0,0,0,0,0,0
2011-07-18,-8230,8238,0,0,0,0,0,0,0,0,-8
2011-07-15,-7114,7174,0,0,0,0,0,0,0,0,0
2011-07-14,-6270,6270,0,0,0,0,0,0,0,0,0
2011-07-13,1404,-1404,0,0,0,0,0,0,0,0,0
2011-07-12,5405,-5405,0,0,0,0,0,0,0,0,0
2011-07-11,-4853,4853,0,0,0,0,0,0,0,0,0
2011-07-08,1774,-1774,0,0,0,0,0,0,0,0,0
2011-07-07,-5100,5100,0,0,0,0,0,0,0,0,0
2011-07-06,5118,-5218,0,0,0,0,0,0,0,0,0
2011-07-05,-2306,2106,0,0,0,0,0,0,0,0,0
2011-07-04,1166,-1236,0,0,0,0,0,0,0,0,0
2011-07-01,-8887,8888,0,0,0,0,0,0,0,0,0
2011-06-30,2206,-2206,0,0,0,0,0,0,0,0,0
2011-06-29,-8112,9312,0,0,0,0,0,0,0,0,0
2011-06-28,3725,-3826,0,0,0,0,0,0,0,0,0
2011-06-27,7583,-7183,0,0,0,0,0,0,0,0,0
2011-06-24,-21451,21051,0,0,0,0,0,0,0,0,0
2011-06-23,-5595,5595,0,0,0,0,0,0,0,0,0
2011-06-22,-2798,2798,0,0,0,0,0,0,0,0,0
2011-06-21,-4400,4600,0,0,0,0,0,0,0,0,0
2011-06-20,3908,-3908,0,0,0,0,0,0,0,0,0
2011-06-17,-1044,1044,0,0,0,0,0,0,0,0,0
2011-06-16,569,-569,0,0,0,0,0,0,0,0,0
2011-06-15,-3678,3678,0,0,0,0,0,0,0,0,0
2011-06-14,16628,3372,-20000,0,-8000,-12000,0,0,0,0,0
2011-06-13,2710,-2710,0,0,0,0,0,0,0,0,0
2011-06-10,792,-792,0,0,0,0,0,0,0,0,0
2011-06-09,-903,903,0,0,0,0,0,0,0,0,0
2011-06-08,14629,371,0,0,0,0,0,0,0,0,-15000
2011-06-07,-1826,3101,0,0,0,0,0,0,0,0,-1
2011-06-03,13282,-14556,0,0,0,0,0,0,0,0,0
2011-06-02,-982,982,0,0,0,0,0,0,0,0,0
2011-06-01,-185,185,0,0,0,0,0,0,0,0,0
2011-05-31,-86982,2589,0,0,0,0,0,0,0,0,84393
2011-05-30,-5321,-6558,0,0,0,0,0,0,0,0,12289
2011-05-27,-56418,-4254,0,0,0,0,0,0,0,0,60672
2011-05-26,-3345,-771,0,0,0,0,0,0,0,0,4616
2011-05-25,-8305,4447,0,0,0,0,0,0,0,0,3858
2011-05-24,-81717,2077,0,0,0,0,0,0,0,0,79730
2011-05-23,-27292,10792,0,0,0,0,0,0,0,0,15000
2011-05-20,2071,-2071,0,0,0,0,0,0,0,0,0
2011-05-19,991,-991,0,0,0,0,0,0,0,0,0
2011-05-18,829,-829,0,0,0,0,0,0,0,0,0
2011-05-17,-4586,4586,0,0,0,0,0,0,0,0,0
2011-05-16,707,-707,0,0,0,0,0,0,0,0,0
2011-05-13,8600,-8600,0,0,0,0,0,0,0,0,0
2011-05-12,-13900,13900,0,0,0,0,0,0,0,0,0
2011-05-11,4482,-5482,0,0,0,0,0,0,0,0,1000
2011-05-09,-5181,4681,0,0,0,0,0,0,0,0,0
2011-05-06,9990,-7790,0,0,0,0,0,0,0,0,0
2011-05-04,-103,103,0,0,0,0,0,0,0,0,0
2011-05-03,-4353,2153,0,0,0,0,0,0,0,0,0
2011-05-02,-30250,10250,20000,0,8000,12000,0,0,0,0,0
2011-04-29,2289,-2187,0,0,0,0,0,0,0,0,-102
2011-04-28,-3399,4452,0,0,0,0,0,0,0,0,0
2011-04-27,-31956,11956,20000,20000,0,0,0,0,0,0,0
2011-04-26,-49234,234,50000,50000,0,0,0,0,0,0,0
2011-04-25,-22239,2239,20000,20000,0,0,0,0,0,0,0
2011-04-22,-24173,352,23821,23821,0,0,0,0,0,0,0
2011-04-21,-108108,8108,100000,100000,0,0,0,0,0,0,0
2011-04-20,-49753,-247,50000,50000,0,0,0,0,0,0,0
2011-04-19,441,-441,0,0,0,0,0,0,0,0,0
2011-04-18,52297,-8837,0,0,0,0,0,0,0,0,-43460
2011-04-15,-58327,2504,55865,55865,0,0,0,0,0,0,-42
2011-04-14,-36693,-7376,43569,43569,0,0,0,0,0,0,500
2011-04-13,-95098,98,95000,95000,0,0,0,0,0,0,0
2011-04-12,-33105,-11785,44890,44890,0,0,0,0,0,0,0
2011-04-11,-109720,9720,100000,100000,0,0,0,0,0,0,0
2011-04-08,-4434,4434,0,0,0,0,0,0,0,0,0
2011-04-07,-19909,-4375,0,0,0,0,0,0,0,0,0
2011-04-06,4014,-4014,0,0,0,0,0,0,0,0,0
2011-04-05,897,-897,0,0,0,0,0,0,0,0,0
2011-04-04,-12822,1961,10861,10861,0,0,0,0,0,0,0
2011-04-01,14597,-14597,0,0,0,0,0,0,0,0,0
2011-03-31,-26557,26557,0,0,0,0,0,0,0,0,0
2011-03-30,-31732,10495,20000,20000,0,0,0,0,0,0,0
2011-03-29,-41406,212,13125,13125,0,0,0,0,0,0,0
2011-03-28,-28190,-4410,0,0,0,0,0,0,0,0,500
2011-03-25,-1657,-5492,0,0,0,0,0,0,0,0,0
2011-03-24,-58771,12121,31250,31250,0,0,0,0,0,0,0
2011-03-23,-39526,-1120,36526,36526,0,0,0,0,0,0,0
2011-03-22,-25721,15721,10000,10000,0,0,0,0,0,0,0
2011-03-21,-2693,2693,0,0,0,0,0,0,0,0,0
2011-03-18,-12810,12810,0,0,0,0,0,0,0,0,0
2011-03-17,-41273,-1725,0,0,0,0,0,0,0,0,42998
2011-03-16,996,2004,0,0,0,0,0,0,0,0,-3000
2011-03-15,4639,-4639,0,0,0,0,0,0,0,0,0
2011-03-14,13062,-12962,0,0,0,0,0,0,0,0,-100
2011-03-11,-34660,34660,0,0,0,0,0,0,0,0,0
2011-03-10,-3401,3401,0,0,0,0,0,0,0,0,0
2011-03-09,496,-496,0,0,0,0,0,0,0,0,0
2011-03-08,-32764,1717,0,0,0,0,0,0,0,0,31047
2011-03-07,4924,-6124,0,0,0,0,0,0,0,0,0
2011-03-04,1626,-1626,0,0,0,0,0,0,0,0,0
2011-03-03,-1798,1798,0,0,0,0,0,0,0,0,0
2011-03-02,-31907,31907,0,0,0,0,0,0,0,0,0
2011-02-28,10764,-10264,0,0,0,0,0,0,0,0,0
2011-02-25,5160,-5160,0,0,0,0,0,0,0,0,0
2011-02-24,-11575,14775,0,0,0,0,0,0,0,0,-3300
2011-02-23,-5297,-10589,0,0,0,0,0,0,0,0,15786
2011-02-22,-6838,138,0,0,0,0,0,0,0,0,6700
2011-02-21,-28248,10248,0,0,0,0,0,0,0,0,18000
2011-02-18,-27862,613,0,0,0,0,0,0,0,0,26814
2011-02-17,2355,980,0,0,0,0,0,0,0,0,1600
2011-02-16,-1526,1526,0,0,0,0,0,0,0,0,0
2011-02-15,-16401,16401,0,0,0,0,0,0,0,0,0
2011-02-14,2932,-1932,0,0,0,0,0,0,0,0,0
2011-02-11,-101748,106214,0,0,0,0,0,0,0,0,-4466
2011-02-10,-7925,3929,0,0,0,0,0,0,0,0,4000
2011-02-09,146,-150,0,0,0,0,0,0,0,0,0
2011-02-08,-6450,5225,0,0,0,0,0,0,0,0,1600
2011-02-07,-3297,3321,0,0,0,0,0,0,0,0,0
2011-02-01,381,-805,0,0,0,0,0,0,0,0,400
2011-01-31,4564,-3866,0,0,0,0,0,0,0,0,-650
2011-01-28,-53149,53338,0,0,0,0,0,0,0,0,0
2011-01-27,-8012,6812,0,0,0,0,0,0,0,0,600
2011-01-26,74,-285,0,0,0,0,0,0,0,0,200
2011-01-25,44116,-35870,0,0,0,0,0,0,0,0,-8900
2011-01-24,-34097,35967,0,0,0,0,0,0,0,0,-2000
2011-01-21,2211,-526,0,0,0,0,0,0,0,0,0
2011-01-20,20012,-4640,-23091,0,0,-23091,0,0,0,0,6366
2011-01-19,14949,-35350,23091,0,0,23091,0,0,0,0,-4390
2011-01-18,23020,-18120,0,0,0,0,0,0,0,0,-4900
2011-01-17,21697,-20797,0,0,0,0,0,0,0,0,-900
2011-01-14,2385,-1385,0,0,0,0,0,0,0,0,-1000
2011-01-13,17390,-17390,0,0,0,0,0,0,0,0,0
2011-01-12,3110,-3110,0,0,0,0,0,0,0,0,0
2011-01-11,-9444,8862,0,0,0,0,0,0,0,0,600
2011-01-10,-4858,4858,0,0,0,0,0,0,0,0,0
2011-01-07,-28017,28017,0,0,0,0,0,0,0,0,0
2011-01-06,-39581,39581,0,0,0,0,0,0,0,0,0
2011-01-05,20649,-9349,0,0,0,0,0,0,0,0,-11300
2011-01-04,15562,9266,0,0,0,0,0,0,0,0,-24828
2011-01-03,11297,-9497,0,0,0,0,0,0,0,0,-1800
2010-12-30,-16863,18663,0,0,0,0,0,0,0,0,-1800
2010-12-29,6155,2845,0,0,0,0,0,0,0,0,-9000
2010-12-28,7780,-5780,0,0,0,0,0,0,0,0,0
2010-12-27,-6989,12701,0,0,0,0,0,0,0,0,-4722
2010-12-24,6465,-2587,0,0,0,0,0,0,0,0,-3878
2010-12-23,4694,-5694,0,0,0,0,0,0,0,0,1000
2010-12-22,-59,-5051,0,0,0,0,0,0,0,0,5110
2010-12-21,-7080,4700,0,0,0,0,0,0,0,0,1390
2010-12-20,17656,-19725,0,0,0,0,0,0,0,0,3100
2010-12-17,1794,-1794,0,0,0,0,0,0,0,0,0
2010-12-16,-3012,1012,0,0,0,0,0,0,0,0,0
2010-12-15,26513,-22113,0,0,0,0,0,0,0,0,-2400
2010-12-14,1723,-1723,0,0,0,0,0,0,0,0,0
2010-12-13,1173,-1173,0,0,0,0,0,0,0,0,0
2010-12-10,-18063,18522,0,0,0,0,0,0,0,0,-459
2010-12-09,1928,172,0,0,0,0,0,0,0,0,-2100
2010-12-08,-9605,9705,0,0,0,0,0,0,0,0,-100
2010-12-07,-7121,7121,0,0,0,0,0,0,0,0,0
2010-12-06,-481,481,0,0,0,0,0,0,0,0,0
2010-12-03,6001,-6001,0,0,0,0,0,0,0,0,0
2010-12-02,-7810,7810,0,0,0,0,0,0,0,0,0
2010-12-01,-6679,6679,0,0,0,0,0,0,0,0,0
2010-11-30,-8648,8648,0,0,0,0,0,0,0,0,0
2010-11-29,-2358,3658,0,0,0,0,0,0,0,0,-1300
2010-11-26,3745,-45,0,0,0,0,0,0,0,0,-3700
2010-11-25,2214,-3714,0,0,0,0,0,0,0,0,1000
2010-11-24,-4080,-520,0,0,0,0,0,0,0,0,4900
2010-11-23,9772,-10072,0,0,0,0,0,0,0,0,0
2010-11-22,-394,394,0,0,0,0,0,0,0,0,0
2010-11-19,-3023,3123,0,0,0,0,0,0,0,0,-100
2010-11-18,-7863,8163,0,0,0,0,0,0,0,0,-200
2010-11-17,-3370,-230,0,0,0,0,0,0,0,0,3600
2010-11-16,-1779,2479,0,0,0,0,0,0,0,0,0
2010-11-15,-2201,-4227,0,0,0,0,0,0,0,0,5928
2010-11-12,-4285,4585,0,0,0,0,0,0,0,0,0
2010-11-11,16536,-12436,0,0,0,0,0,0,0,0,-4200
2010-11-10,13583,-13583,0,0,0,0,0,0,0,0,0
2010-11-09,8002,-8052,0,0,0,0,0,0,0,0,0
2010-11-08,7369,-993,0,0,0,0,0,0,0,0,-5392
2010-11-05,15816,-6816,0,0,0,0,0,0,0,0,-9000
2010-11-04,21152,-12542,0,0,0,0,0,0,0,0,-4800
2010-11-03,1083,12957,0,0,0,0,0,0,0,0,-14100
2010-11-02,-6368,4868,0,0,0,0,0,0,0,0,0
2010-11-01,17352,-17352,0,0,0,0,0,0,0,0,0
2010-10-29,39853,-21903,0,0,0,0,0,0,0,0,-18000
2010-10-28,-6410,-610,0,0,0,0,0,0,0,0,7010
2010-10-27,18041,-7041,0,0,0,0,0,0,0,0,-11000
2010-10-26,-9282,9012,0,0,0,0,0,0,0,0,270
2010-10-25,-21910,110,0,0,0,0,0,0,0,0,21800
2010-10-22,-6051,1,0,0,0,0,0,0,0,0,6000
2010-10-21,15977,-13577,0,0,0,0,0,0,0,0,-2400
2010-10-20,-35553,33177,0,0,0,0,0,0,0,0,2376
2010-10-19,35002,-19565,0,0,0,0,0,0,0,0,-13437
2010-10-18,2353,9705,0,0,0,0,0,0,0,0,-7980
2010-10-15,-18021,8813,0,0,0,0,0,0,0,0,3700
2010-10-14,-4625,4415,0,0,0,0,0,0,0,0,100
2010-10-13,-2340,-5577,0,0,0,0,0,0,0,0,6867
2010-10-12,12012,163,0,0,0,0,0,0,0,0,-11775
2010-10-11,-21293,6874,0,0,0,0,0,0,0,0,14419
2010-10-08,-40147,21797,0,0,0,0,0,0,0,0,18240
2010-10-07,-14446,15396,0,0,0,0,0,0,0,0,0
2010-10-06,47577,-31115,0,0,0,0,0,0,0,0,-9900
2010-10-05,23560,-7260,0,0,0,0,0,0,0,0,-9000
2010-10-04,-6912,-5331,0,0,0,0,0,0,0,0,5681
2010-10-01,7180,-7360,0,0,0,0,0,0,0,0,80
2010-09-30,-2491,1291,0,0,0,0,0,0,0,0,1200
2010-09-29,-22954,16754,0,0,0,0,0,0,0,0,6000
2010-09-28,-1937,-1063,0,0,0,0,0,0,0,0,3000
2010-09-27,-2848,-4777,0,0,0,0,0,0,0,0,6600
2010-09-24,-4221,4421,0,0,0,0,0,0,0,0,-200
2010-09-20,-6299,5565,0,0,0,0,0,0,0,0,-200
2010-09-17,1592,-1792,0,0,0,0,0,0,0,0,200
2010-09-16,-14035,13435,0,0,0,0,0,0,0,0,600
2010-09-15,-3851,2612,0,0,0,0,0,0,0,0,1200
2010-09-14,2898,-6229,0,0,0,0,0,0,0,0,3300
2010-09-13,-10472,5772,0,0,0,0,0,0,0,0,4700
2010-09-10,-2234,2234,0,0,0,0,0,0,0,0,0
2010-09-09,3750,-5750,0,0,0,0,0,0,0,0,2500
2010-09-08,10909,-11349,0,0,0,0,0,0,0,0,500
2010-09-07,9039,-8989,0,0,0,0,0,0,0,0,-50
2010-09-06,-3204,3529,0,0,0,0,0,0,0,0,-50
2010-09-03,-1719,119,0,0,0,0,0,0,0,0,1600
2010-09-02,-573,-1227,0,0,0,0,0,0,0,0,1800
2010-09-01,-10387,10187,0,0,0,0,0,0,0,0,1000
2010-08-31,-7390,6585,0,0,0,0,0,0,0,0,900
2010-08-30,-5074,3074,0,0,0,0,0,0,0,0,2000
2010-08-27,12282,-12782,0,0,0,0,0,0,0,0,0
2010-08-26,4900,-5020,0,0,0,0,0,0,0,0,200
2010-08-25,31684,-8784,0,0,0,0,0,0,0,0,-18000
2010-08-24,8711,-8811,0,0,0,0,0,0,0,0,0
2010-08-23,533,-633,0,0,0,0,0,0,0,0,100
2010-08-20,-4103,3103,0,0,0,0,0,0,0,0,1000
2010-08-19,-31161,23481,0,0,0,0,0,0,0,0,7850
2010-08-18,7510,-7410,0,0,0,0,0,0,0,0,0
2010-08-17,-21442,19442,0,0,0,0,0,0,0,0,1000
2010-08-16,-4043,11054,0,0,0,0,0,0,0,0,-7111
2010-08-13,-1278,-2308,0,0,0,0,0,0,0,0,7611
2010-08-12,65,532,0,0,0,0,0,0,0,0,0
2010-08-11,27500,-29770,0,0,0,0,0,0,0,0,1200
2010-08-10,-5127,4620,0,0,0,0,0,0,0,0,0
2010-08-09,-20749,21594,0,0,0,0,0,0,0,0,-500
2010-08-06,-11124,13134,0,0,0,0,0,0,0,0,0
2010-08-05,24162,-22662,0,0,0,0,0,0,0,0,0
2010-08-04,-14501,11101,0,0,0,0,0,0,0,0,0
2010-08-03,10255,-10955,0,0,0,0,0,0,0,0,1000
2010-08-02,6755,-4855,0,0,0,0,0,0,0,0,0
2010-07-30,-1801,1791,0,0,0,0,0,0,0,0,10
2010-07-29,-14495,12455,0,0,0,0,0,0,0,0,1900
2010-07-28,-1559,-1731,0,0,0,0,0,0,0,0,3300
2010-07-27,-22700,7500,0,0,0,0,0,0,0,0,14400
2010-07-26,6842,799,0,0,0,0,0,0,0,0,-6100
2010-07-23,3505,-13995,0,0,0,0,0,0,0,0,10000
2010-07-22,22579,-22624,0,0,0,0,0,0,0,0,900
2010-07-21,-154,2633,0,0,0,0,0,0,0,0,-2500
2010-07-20,16040,-15940,0,0,0,0,0,0,0,0,300
2010-07-19,-24042,24378,0,0,0,0,0,0,0,0,0
2010-07-16,12696,-11546,0,0,0,0,0,0,0,0,500
2010-07-15,-18860,18110,0,0,0,0,0,0,0,0,1000
2010-07-14,-58,-1892,0,0,0,0,0,0,0,0,0
2010-07-13,2082,-2731,0,0,0,0,0,0,0,0,-700
2010-07-12,-300,600,0,0,0,0,0,0,0,0,-50
2010-07-09,-9524,10869,0,0,0,0,0,0,0,0,-100
2010-07-08,-9945,9400,0,0,0,0,0,0,0,0,0
2010-07-07,23904,-20364,-5770,0,0,-5770,0,0,0,0,2700
2010-07-06,-21731,20540,0,0,0,0,0,0,0,0,1500
2010-07-05,-442,-668,0,0,0,0,0,0,0,0,1000
2010-07-02,-4317,14199,0,0,0,0,0,0,0,0,-10000
2010-07-01,21963,-16943,0,0,0,0,0,0,0,0,-5030
2010-06-30,-3067,5197,0,0,0,0,0,0,0,0,-2070
2010-06-29,20801,-22659,0,0,0,0,0,0,0,0,1288
2010-06-28,8791,2693,0,0,0,0,0,0,0,0,-10484
2010-06-25,-30454,14485,0,0,0,0,0,0,0,0,14669
2010-06-24,-7972,7522,0,0,0,0,0,0,0,0,450
2010-06-23,19806,-13671,0,0,0,0,0,0,0,0,-6635
2010-06-22,6127,-3119,0,0,0,0,0,0,0,0,-3010
2010-06-21,-18885,18785,0,0,0,0,0,0,0,0,100
2010-06-18,565,-10031,0,0,0,0,0,0,0,0,10014
2010-06-17,32129,-27574,0,0,0,0,0,0,0,0,-3105
2010-06-16,13163,18977,0,0,0,0,0,0,0,0,-31450
2010-06-15,7611,-3197,0,0,0,0,0,0,0,0,-4914
2010-06-14,-18550,16350,0,0,0,0,0,0,0,0,2200
2010-06-11,18675,-14856,0,0,0,0,0,0,0,0,-1639
2010-06-10,-19544,18021,0,0,0,0,0,0,0,0,-2261
2010-06-09,21034,-21884,0,0,0,0,0,0,0,0,450
2010-06-08,-19384,18284,0,0,0,0,0,0,0,0,3700
2010-06-07,6411,-6261,0,0,0,0,0,0,0,0,700
2010-06-04,37944,-46342,0,0,0,0,0,0,0,0,5450
2010-06-03,-13310,19670,0,0,0,0,0,0,0,0,-6050
2010-06-01,32047,-18652,0,0,0,0,0,0,0,0,-11600
2010-05-31,-67601,49851,0,0,0,0,0,0,0,0,17750
2010-05-28,19054,-18349,0,0,0,0,0,0,0,0,-50
2010-05-27,-7289,7241,0,0,0,0,0,0,0,0,128
2010-05-26,-13198,12398,0,0,0,0,0,0,0,0,1000
2010-05-25,28528,-19208,0,0,0,0,0,0,0,0,-9130
2010-05-24,-40899,24954,0,0,0,0,0,0,0,0,9330
2010-05-20,11597,-7882,0,0,0,0,0,0,0,0,-3078
2010-05-19,-20614,12597,0,0,0,0,0,0,0,0,1300
2010-05-18,131268,-132781,0,0,0,0,0,0,0,0,-4177
2010-05-17,-70970,123608,-30000,-30000,0,0,0,0,0,0,-25718
2010-05-14,-34593,-22541,30000,30000,0,0,0,0,0,0,28164
2010-05-13,-30235,26704,0,0,0,0,0,0,0,0,3231
2010-05-12,-700,290,0,0,0,0,0,0,0,0,400
2010-05-11,33649,-33589,0,0,0,0,0,0,0,0,-500
2010-05-10,3198,-2428,0,0,0,0,0,0,0,0,-400
2010-05-07,-3727,3797,0,0,0,0,0,0,0,0,0
2010-05-06,-1068,618,0,0,0,0,0,0,0,0,600
2010-05-04,25734,-26164,0,0,0,0,0,0,0,0,0
2010-05-03,29930,-29285,0,0,0,0,0,0,0,0,-400
2010-04-30,-15097,14877,0,0,0,0,0,0,0,0,200
2010-04-29,11100,-12145,0,0,0,0,0,0,0,0,600
2010-04-28,-3359,3389,0,0,0,0,0,0,0,0,0
2010-04-27,2879,845,0,0,0,0,0,0,0,0,-3140
2010-04-26,-13717,12911,0,0,0,0,0,0,0,0,5700
2010-04-23,44520,-14486,0,0,0,0,0,0,0,0,-30084
2010-04-22,37625,22752,0,0,0,0,0,0,0,0,-60319
2010-04-21,-32141,25731,0,0,0,0,0,0,0,0,6560
2010-04-20,11185,-3046,-10,-10,0,0,0,0,0,0,-7529
2010-04-19,-51844,41862,0,0,0,0,0,0,0,0,9434
2010-04-16,-72886,8471,0,0,0,0,0,0,0,0,67451
2010-04-15,5159,-22199,0,0,0,0,0,0,0,0,27300
2010-04-14,-15296,4746,0,0,0,0,0,0,0,0,-2000
2010-04-13,23760,-14627,0,0,0,0,0,0,0,0,0
2010-04-12,-199,-5516,0,0,0,0,0,0,0,0,-100
2010-04-09,10154,-12832,0,0,0,0,0,0,0,0,0
2010-04-08,2518,-3688,0,0,0,0,0,0,0,0,0
2010-04-07,48679,-48179,0,0,0,0,0,0,0,0,0
2010-04-06,-24048,22962,0,0,0,0,0,0,0,0,830
2010-04-05,42691,-38243,0,0,0,0,0,0,0,0,-3648
2010-04-02,-578,-32,0,0,0,0,0,0,0,0,760
2010-04-01,-35544,36375,0,0,0,0,0,0,0,0,-342
2010-03-31,-117642,66185,0,0,0,0,0,0,0,0,51816
2010-03-30,-1941,1202,0,0,0,0,0,0,0,0,240
2010-03-29,1618,-1002,0,0,0,0,0,0,0,0,-670
2010-03-26,46720,-40559,0,0,0,0,0,0,0,0,-4401
2010-03-25,-17850,17362,0,0,0,0,0,0,0,0,-358
2010-03-24,-26184,24549,0,0,0,0,0,0,0,0,300
2010-03-23,53804,-37291,0,0,0,0,0,0,0,0,2000
2010-03-22,-26178,17665,0,0,0,0,0,0,0,0,1000
2010-03-19,-14658,5291,10,10,0,0,0,0,0,0,0
2010-03-18,77833,-79484,0,0,0,0,0,0,0,0,-730
2010-03-17,-36323,43133,0,0,0,0,0,0,0,0,0
2010-03-16,-35968,35968,0,0,0,0,0,0,0,0,0
2010-03-15,7289,-5889,0,0,0,0,0,0,0,0,-1900
2010-03-12,11500,-11800,0,0,0,0,0,0,0,0,0
2010-03-11,8803,-8693,0,0,0,0,0,0,0,0,0
2010-03-10,3592,-3942,0,0,0,0,0,0,0,0,950
2010-03-09,2374,-4274,0,0,0,0,0,0,0,0,1900
2010-03-08,-44133,41195,0,0,0,0,0,0,0,0,0
2010-03-05,27249,-27348,0,0,0,0,0,0,0,0,0
2010-03-04,-5100,349,0,0,0,0,0,0,0,0,0
2010-03-03,17752,-17962,0,0,0,0,0,0,0,0,0
2010-03-02,-4106,4106,0,0,0,0,0,0,0,0,0
2010-02-26,38319,-38320,0,0,0,0,0,0,0,0,0
2010-02-25,24047,7274,0,0,0,0,0,0,0,0,-32651
2010-02-24,9650,-9650,0,0,0,0,0,0,0,0,0
2010-02-23,-36553,46871,0,0,0,0,0,0,0,0,-4700
2010-02-22,-21086,22733,0,0,0,0,0,0,0,0,6256
2010-02-19,24229,-26439,0,0,0,0,0,0,0,0,-1092
2010-02-18,-62697,50893,0,0,0,0,0,0,0,0,4449
2010-02-17,40033,-243,0,0,0,0,0,0,0,0,-32262
2010-02-16,-45872,-12200,0,0,0,0,0,0,0,0,60000
2010-02-12,-26810,24466,0,0,0,0,0,0,0,0,0
2010-02-11,1879,958,0,0,0,0,0,0,0,0,0
2010-02-10,46433,-28799,0,0,0,0,0,0,0,0,-28000
2010-02-09,9501,8734,0,0,0,0,0,0,0,0,-10000
2010-02-08,155,-9904,0,0,0,0,0,0,0,0,3000
2010-02-05,18658,-24708,0,0,0,0,0,0,0,0,6000
2010-02-04,28599,-35088,0,0,0,0,0,0,0,0,6489
2010-02-03,-41862,22361,0,0,0,0,0,0,0,0,19511
2010-02-02,-8626,8640,0,0,0,0,0,0,0,0,0
2010-02-01,-33068,33068,0,0,0,0,0,0,0,0,0
2010-01-29,-16035,21888,0,0,0,0,0,0,0,0,-4053
2010-01-28,-3262,2455,0,0,0,0,0,0,0,0,0
2010-01-27,928,-2118,0,0,0,0,0,0,0,0,1000
2010-01-26,44982,-19916,0,0,0,0,0,0,0,0,-22796
2010-01-25,33376,-35454,0,0,0,0,0,0,0,0,100
2010-01-22,-20254,20308,0,0,0,0,0,0,0,0,0
2010-01-21,-41306,38533,0,0,0,0,0,0,0,0,3249
2010-01-20,-4412,-1568,0,0,0,0,0,0,0,0,1000
2010-01-19,35586,-128,0,0,0,0,0,0,0,0,-31480
2010-01-18,-30401,-459,0,0,0,0,0,0,0,0,30680
2010-01-15,2545,1261,5770,0,0,5770,0,0,0,0,-12393
2010-01-14,34034,-42297,-18864,0,0,-18864,0,0,0,0,29393
2010-01-13,-9697,35077,0,0,0,0,0,0,0,0,0
2010-01-12,51300,7490,-17615,0,0,-17615,0,0,0,0,0
2010-01-11,4423,-1328,0,0,0,0,0,0,0,0,200
2010-01-08,-6575,1948,-12715,0,0,-12715,0,0,0,0,0
2010-01-07,62392,-30070,-48015,0,0,-29823,0,0,0,-18192,5400
2010-01-06,-27855,-7045,38085,0,0,38085,0,0,0,0,0
2010-01-05,64898,-63974,0,0,0,0,0,0,0,0,0
2010-01-04,-96594,49894,59124,0,0,59124,0,0,0,0,0
2009-12-30,-38503,27097,0,0,0,0,0,0,0,0,0
2009-12-29,-4753,4301,0,0,0,0,0,0,0,0,0
2009-12-28,-26825,18281,0,0,0,0,0,0,0,0,0
2009-12-24,-10199,1082,0,0,0,0,0,0,0,0,0
2009-12-23,-10248,122,0,0,0,0,0,0,0,0,0
2009-12-22,53689,-78375,0,0,0,0,0,0,0,0,0
2009-12-21,-70778,74718,0,0,0,0,0,0,0,0,-1000
2009-12-18,-3295,1975,0,0,0,0,0,0,0,0,0
2009-12-17,-2615,1766,0,0,0,0,0,0,0,0,0
2009-12-16,12129,-14049,0,0,0,0,0,0,0,0,0
2009-12-15,-14355,12465,0,0,0,0,0,0,0,0,0
2009-12-14,-3081,1612,0,0,0,0,0,0,0,0,0
2009-12-11,-1653,-762,0,0,0,0,0,0,0,0,0
2009-12-10,-1958,747,0,0,0,0,0,0,0,0,0
2009-12-09,3275,-575,0,0,0,0,0,0,0,0,0
2009-12-08,1168,790,0,0,0,0,0,0,0,0,0
2009-12-07,31806,-30160,0,0,0,0,0,0,0,0,0
2009-12-04,-1485,-3004,0,0,0,0,0,0,0,0,0
2009-12-03,121842,-118376,0,0,0,0,0,0,0,0,0
2009-12-02,-17749,23496,0,0,0,0,0,0,0,0,-1479
2009-12-01,-42866,42617,0,0,0,0,0,0,0,0,254
2009-11-30,-61861,62430,0,0,0,0,0,0,0,0,-185
2009-11-27,-8660,3632,0,0,0,0,0,0,0,0,78
2009-11-26,-14039,13692,0,0,0,0,0,0,0,0,347
2009-11-25,-7276,6046,0,0,0,0,0,0,0,0,0
2009-11-24,43107,-44327,0,0,0,0,0,0,0,0,200
2009-11-23,-17056,16204,0,0,0,0,0,0,0,0,1600
2009-11-20,-23947,25484,0,0,0,0,0,0,0,0,-793
2009-11-19,-657,-1432,0,0,0,0,0,0,0,0,569
2009-11-18,3436,1684,0,0,0,0,0,0,0,0,-1213
2009-11-17,40,-2185,0,0,0,0,0,0,0,0,1185
2009-11-16,3794,1859,0,0,0,0,0,0,0,0,0
2009-11-13,-4093,2462,0,0,0,0,0,0,0,0,379
2009-11-12,-3240,-2100,0,0,0,0,0,0,0,0,345
2009-11-11,-420,-924,0,0,0,0,0,0,0,0,0
2009-11-10,37790,-37957,0,0,0,0,0,0,0,0,0
2009-11-09,58217,-51982,0,0,0,0,0,0,0,0,-3315
2009-11-06,6811,-8196,0,0,0,0,0,0,0,0,3315
2009-11-05,121181,-93061,0,0,0,0,0,0,0,0,0
2009-11-04,-170930,156150,0,0,0,0,0,0,0,0,-10930
2009-11-03,73917,-76127,0,0,0,0,0,0,0,0,1840
2009-11-02,18347,-13951,0,0,0,0,0,0,0,0,30
2009-10-30,-23656,49979,0,0,0,0,0,0,0,0,-20000
2009-10-29,-67189,76553,0,0,0,0,0,0,0,0,-7701
2009-10-28,-10113,467,0,0,0,0,0,0,0,0,5683
2009-10-27,38046,-40957,0,0,0,0,0,0,0,0,-698
2009-10-26,-52941,39682,0,0,0,0,0,0,0,0,2489
2009-10-23,-1189,2675,0,0,0,0,0,0,0,0,550
2009-10-22,77139,-81168,0,0,0,0,0,0,0,0,3198
2009-10-21,-46756,56249,0,0,0,0,0,0,0,0,-2701
2009-10-20,47261,-46847,0,0,0,0,0,0,0,0,-8468
2009-10-19,106946,-95303,0,0,0,0,0,0,0,0,-5626
2009-10-16,-32187,322,0,0,0,0,0,0,0,0,43462
2009-10-15,-106133,100218,0,0,0,0,0,0,0,0,385
2009-10-14,25978,-28712,0,0,0,0,0,0,0,0,1200
2009-10-13,1350,4080,0,0,0,0,0,0,0,0,-5430
2009-10-12,-96252,78172,-150,0,0,-150,0,0,0,0,20000
2009-10-09,15712,449,150,0,0,150,0,0,0,0,-20000
2009-10-08,37479,5825,0,0,0,0,0,0,0,0,-35779
2009-10-07,-27026,6715,0,0,0,0,0,0,0,0,25759
2009-10-06,40042,-3492,0,0,0,0,0,0,0,0,-21150
2009-10-05,38751,-42433,0,0,0,0,0,0,0,0,0
2009-10-01,-8078,8078,0,0,0,0,0,0,0,0,0
2009-09-30,-13340,13340,0,0,0,0,0,0,0,0,0
2009-09-29,-28034,23224,0,0,0,0,0,0,0,0,4810
2009-09-28,819,-3809,0,0,0,0,0,0,0,0,2990
2009-09-25,-2621,2621,0,0,0,0,0,0,0,0,0
2009-09-24,-1273,1273,0,0,0,0,0,0,0,0,0
2009-09-23,13306,-12806,0,0,0,0,0,0,0,0,0
2009-09-22,3282,-3262,0,0,0,0,0,0,0,0,0
2009-09-21,8673,-7693,0,0,0,0,0,0,0,0,-1000
2009-09-18,-22106,21106,0,0,0,0,0,0,0,0,1000
2009-09-17,-908,1908,0,0,0,0,0,0,0,0,0
2009-09-16,34199,-23908,0,0,0,0,0,0,0,0,-10291
2009-09-15,-18571,18571,0,0,0,0,0,0,0,0,0
2009-09-14,42330,-42290,0,0,0,0,0,0,0,0,0
2009-09-11,11620,-11220,0,0,0,0,0,0,0,0,0
2009-09-10,-31408,31008,0,0,0,0,0,0,0,0,0
2009-09-09,491695,-2761,0,0,0,0,0,0,0,0,-500682
2009-09-08,2244,-2244,0,0,0,0,0,0,0,0,0
2009-09-07,1351,-1351,0,0,0,0,0,0,0,0,0
2009-09-04,-27911,28111,0,0,0,0,0,0,0,0,0
2009-09-03,10110,-10010,0,0,0,0,0,0,0,0,0
2009-09-02,5529,-5679,0,0,0,0,0,0,0,0,0
2009-09-01,5152,-9057,0,0,0,0,0,0,0,0,0
2009-08-31,21205,-13183,0,0,0,0,0,0,0,0,-10719
2009-08-28,-15594,17957,0,0,0,0,0,0,0,0,0
2009-08-27,21850,-21850,0,0,0,0,0,0,0,0,0
2009-08-26,-8300,18419,0,0,0,0,0,0,0,0,-8109
2009-08-25,-37154,29525,0,0,0,0,0,0,0,0,3619
2009-08-24,12869,-13619,0,0,0,0,0,0,0,0,750
2009-08-21,23294,-16260,0,0,0,0,0,0,0,0,-6770
2009-08-20,54522,-36511,0,0,0,0,0,0,0,0,-18225
2009-08-19,-24773,22051,0,0,0,0,0,0,0,0,2800
2009-08-18,-14372,-3923,0,0,0,0,0,0,0,0,18295
2009-08-17,11179,-9260,0,0,0,0,0,0,0,0,0
2009-08-14,-20909,33309,0,0,0,0,0,0,0,0,-12400
2009-08-13,17350,-20614,0,0,0,0,0,0,0,0,3300
2009-08-12,-40087,37903,0,0,0,0,0,0,0,0,2346
2009-08-11,-1659,-11070,0,0,0,0,0,0,0,0,7754
2009-08-10,-15496,15686,0,0,0,0,0,0,0,0,-1500
2009-08-07,-2322,2202,0,0,0,0,0,0,0,0,0
2009-08-06,2744,220,-3100,0,0,-3100,0,0,0,0,0
2009-08-05,-7499,-1262,0,0,0,0,0,0,0,0,0
2009-08-04,857,-3831,3100,0,0,3100,0,0,0,0,0
2009-08-03,6846,-15526,0,0,0,0,0,0,0,0,8500
2009-07-31,12337,-12067,0,0,0,0,0,0,0,0,0
2009-07-30,-31038,31028,0,0,0,0,0,0,0,0,0
2009-07-29,-21948,1658,0,0,0,0,0,0,0,0,20000
2009-07-28,21254,-35384,0,0,0,0,0,0,0,0,14050
2009-07-27,-19124,23154,0,0,0,0,0,0,0,0,-4000
2009-07-24,-34105,12230,0,0,0,0,0,0,0,0,21855
2009-07-23,28856,-26681,0,0,0,0,0,0,0,0,-2165
2009-07-22,-12875,12720,0,0,0,0,0,0,0,0,415
2009-07-21,47332,-802,0,0,0,0,0,0,0,0,-46300
2009-07-20,6881,-5921,0,0,0,0,0,0,0,0,0
2009-07-17,-8417,7457,0,0,0,0,0,0,0,0,0
2009-07-16,14060,-14100,0,0,0,0,0,0,0,0,0
2009-07-15,-2137,2107,0,0,0,0,0,0,0,0,0
2009-07-14,-27761,21596,0,0,0,0,0,0,0,0,6145
2009-07-13,9279,-8852,0,0,0,0,0,0,0,0,-427
2009-07-10,12502,9398,-10000,-10000,0,0,0,0,0,0,-12000
2009-07-09,-4725,-7265,0,0,0,0,0,0,0,0,12000
2009-07-08,10851,-10991,0,0,0,0,0,0,0,0,0
2009-07-07,-2605,2235,0,0,0,0,0,0,0,0,0
2009-07-06,80489,-24201,0,0,0,0,0,0,0,0,-56318
2009-07-03,-24233,23033,0,0,0,0,0,0,0,0,1000
2009-07-02,3846,4394,0,0,0,0,0,0,0,0,-8240
2009-07-01,-13808,13808,0,0,0,0,0,0,0,0,0
2009-06-30,-5827,2065,0,0,0,0,0,0,0,0,4170
2009-06-29,-3478,0,0,0,0,0,0,0,0,0,3070
2009-06-26,23824,-34121,10000,10000,0,0,0,0,0,0,427
2009-06-25,130379,16401,-146910,-146910,0,0,0,0,0,0,0
2009-06-24,137985,5932,-143917,-143917,0,0,0,0,0,0,0
2009-06-23,91459,8541,-100000,-100000,0,0,0,0,0,0,0
2009-06-22,92858,3247,-96083,-96083,0,0,0,0,0,0,0
2009-06-19,85778,0,-80000,-80000,0,0,0,0,0,0,0
2009-06-18,83264,-4116,-79148,-79148,0,0,0,0,0,0,0
2009-06-17,43550,-43550,0,0,0,0,0,0,0,0,0
2009-06-16,-25444,25444,0,0,0,0,0,0,0,0,0
2009-06-15,-10720,10720,0,0,0,0,0,0,0,0,0
2009-06-12,-11502,11502,0,0,0,0,0,0,0,0,0
2009-06-11,66382,-61657,-4725,-4725,0,0,0,0,0,0,0
2009-06-10,285109,10136,-300000,-300000,0,0,0,0,0,0,-1000
2009-06-09,-721,721,0,0,0,0,0,0,0,0,0
2009-06-08,5245,-7245,0,0,0,0,0,0,0,0,2000
2009-06-05,50826,-10826,-10000,0,0,-10000,0,0,0,0,0
2009-06-04,-32787,-7213,10000,0,0,10000,0,0,0,0,0
2009-06-03,-21831,21986,0,0,0,0,0,0,0,0,0
2009-06-02,282,-282,0,0,0,0,0,0,0,0,0
2009-06-01,45062,-45062,0,0,0,0,0,0,0,0,0
2009-05-29,2399,-2399,0,0,0,0,0,0,0,0,0
2009-05-28,-13241,13241,0,0,0,0,0,0,0,0,0
2009-05-27,8225,-8225,0,0,0,0,0,0,0,0,0
2009-05-26,1605,-1605,0,0,0,0,0,0,0,0,0
2009-05-25,-9335,9830,0,0,0,0,0,0,0,0,-495
2009-05-22,15,-15,0,0,0,0,0,0,0,0,0
2009-05-21,45432,-45632,0,0,0,0,0,0,0,0,0
2009-05-20,-42461,42461,0,0,0,0,0,0,0,0,0
2009-05-19,84706,-15126,0,0,0,0,0,0,0,0,-69580
2009-05-18,-3378,3378,0,0,0,0,0,0,0,0,0
2009-05-15,-15574,15834,0,0,0,0,0,0,0,0,0
2009-05-14,-95,-400,0,0,0,0,0,0,0,0,495
2009-05-13,11715,-11715,0,0,0,0,0,0,0,0,0
2009-05-12,-7197,6957,0,0,0,0,0,0,0,0,0
2009-05-11,-3481,3481,0,0,0,0,0,0,0,0,0
2009-05-08,-1777,1777,0,0,0,0,0,0,0,0,0
2009-05-07,-10,0,0,0,0,0,0,0,0,0,0
2009-05-06,400,0,0,0,0,0,0,0,0,0,0
2009-05-04,48734,-47495,0,0,0,0,0,0,0,0,0
2009-04-30,-553,553,0,0,0,0,0,0,0,0,0
2009-04-29,-46942,46942,0,0,0,0,0,0,0,0,0
2009-04-28,8729,-8718,0,0,0,0,0,0,0,0,0
2009-04-27,-4455,4455,0,0,0,0,0,0,0,0,0
2009-04-24,9438,-9348,0,0,0,0,0,0,0,0,0
2009-04-23,-11072,11013,0,0,0,0,0,0,0,0,-41
2009-04-22,7877,-7727,0,0,0,0,0,0,0,0,0
2009-04-21,2001,958,0,0,0,0,0,0,0,0,-2959
2009-04-20,-12034,8868,0,0,0,0,0,0,0,0,2966
2009-04-17,68,-68,0,0,0,0,0,0,0,0,0
2009-04-16,12032,-12066,0,0,0,0,0,0,0,0,34
2009-04-15,86646,-86646,0,0,0,0,0,0,0,0,0
2009-04-14,44431,-43431,0,0,0,0,0,0,0,0,-1000
2009-04-13,57936,-56179,0,0,0,0,0,0,0,0,-1757
2009-04-10,14957,-14957,0,0,0,0,0,0,0,0,0
2009-04-09,-6779,6779,0,0,0,0,0,0,0,0,0
2009-04-08,8289,-7789,0,0,0,0,0,0,0,0,-500
2009-04-07,9973,-7925,0,0,0,0,0,0,0,0,0
2009-04-06,-18743,18743,0,0,0,0,0,0,0,0,0
2009-04-03,15111,-16959,0,0,0,0,0,0,0,0,-200
2009-04-02,-14673,14673,0,0,0,0,0,0,0,0,0
2009-04-01,-2592,2392,0,0,0,0,0,0,0,0,200
2009-03-31,11600,-11600,0,0,0,0,0,0,0,0,0
2009-03-30,12541,-11841,0,0,0,0,0,0,0,0,0
2009-03-27,-1152,1152,0,0,0,0,0,0,0,0,0
2009-03-26,-9415,9415,0,0,0,0,0,0,0,0,0
2009-03-25,3893,-3833,0,0,0,0,0,0,0,0,0
2009-03-24,8795,-8845,0,0,0,0,0,0,0,0,0
2009-03-23,-14542,13952,0,0,0,0,0,0,0,0,0
2009-03-20,0,0,0,0,0,0,0,0,0,0,0
2009-03-19,12717,-12837,0,0,0,0,0,0,0,0,0
2009-03-18,-59431,59431,0,0,0,0,0,0,0,0,0
2009-03-17,23590,-23180,0,0,0,0,0,0,0,0,0
2009-03-16,-1205,1205,0,0,0,0,0,0,0,0,0
2009-03-13,-21101,21101,0,0,0,0,0,0,0,0,0
2009-03-12,-17046,16636,0,0,0,0,0,0,0,0,0
2009-03-11,20677,-20677,0,0,0,0,0,0,0,0,0
2009-03-10,5865,-5865,0,0,0,0,0,0,0,0,0
2009-03-09,-4489,4489,0,0,0,0,0,0,0,0,0
2009-03-06,-10646,10646,0,0,0,0,0,0,0,0,0
2009-03-05,3478,-3478,0,0,0,0,0,0,0,0,0
2009-03-04,-34309,34309,0,0,0,0,0,0,0,0,0
2009-03-03,-1577,1577,0,0,0,0,0,0,0,0,0
2009-03-02,3580,-3580,0,0,0,0,0,0,0,0,0
2009-02-27,-121,121,0,0,0,0,0,0,0,0,0
2009-02-26,-1687,1687,0,0,0,0,0,0,0,0,0
2009-02-25,5197,-4832,0,0,0,0,0,0,0,0,0
2009-02-24,-3300,3300,0,0,0,0,0,0,0,0,0
2009-02-23,-5740,5740,0,0,0,0,0,0,0,0,0
2009-02-20,77698,-71698,0,0,0,0,0,0,0,0,0
2009-02-19,-31445,25445,0,0,0,0,0,0,0,0,0
2009-02-18,-762,762,0,0,0,0,0,0,0,0,0
2009-02-17,59925,-59925,0,0,0,0,0,0,0,0,0
2009-02-16,-5742,5742,0,0,0,0,0,0,0,0,0
2009-02-13,-5149,5149,0,0,0,0,0,0,0,0,0
2009-02-12,2251,-2251,0,0,0,0,0,0,0,0,0
2009-02-11,-32413,32443,0,0,0,0,0,0,0,0,-30
2009-02-10,-3209,3469,0,0,0,0,0,0,0,0,-260
2009-02-09,-45939,45939,0,0,0,0,0,0,0,0,0
2009-02-06,4309,-4309,0,0,0,0,0,0,0,0,0
2009-02-05,6827,-6827,0,0,0,0,0,0,0,0,0
2009-02-04,630,-890,0,0,0,0,0,0,0,0,260
2009-02-03,-13454,13424,0,0,0,0,0,0,0,0,30
2009-02-02,7067,-6957,0,0,0,0,0,0,0,0,0
2009-01-30,43549,-43659,0,0,0,0,0,0,0,0,0
2009-01-29,12482,-12482,0,0,0,0,0,0,0,0,0
2009-01-28,-7392,7392,0,0,0,0,0,0,0,0,0
2009-01-23,-33682,34715,0,0,0,0,0,0,0,0,-933
2009-01-22,17802,15103,0,0,0,0,0,0,0,0,-33060
2009-01-21,-15804,3811,-20000,-20000,0,0,0,0,0,0,33993
2009-01-20,22552,-43252,20000,20000,0,0,0,0,0,0,0
2009-01-19,-19089,33232,0,0,0,0,0,0,0,0,-15743
2009-01-16,-1566,-8627,0,0,0,0,0,0,0,0,10593
2009-01-15,-870,5647,0,0,0,0,0,0,0,0,-4707
2009-01-14,-3121,-6410,0,0,0,0,0,0,0,0,9857
2009-01-13,-3533,2727,0,0,0,0,0,0,0,0,0
2009-01-12,0,0,0,0,0,0,0,0,0,0,0
2009-01-09,24562,5438,-30000,-30000,0,0,0,0,0,0,0
2009-01-08,62,-62,0,0,0,0,0,0,0,0,0
2009-01-07,93433,-7039,-85894,-85894,0,0,0,0,0,0,-500
2009-01-06,-28154,28154,0,0,0,0,0,0,0,0,0
2009-01-05,1028,-1028,0,0,0,0,0,0,0,0,0
2009-01-02,5448,-5448,0,0,0,0,0,0,0,0,0
2008-12-30,-4720,26,4694,4694,0,0,0,0,0,0,0
2008-12-29,32667,-32667,0,0,0,0,0,0,0,0,0
2008-12-26,8192,-8192,0,0,0,0,0,0,0,0,0
2008-12-24,-14511,-1489,16000,16000,0,0,0,0,0,0,0
2008-12-23,39976,-39976,0,0,0,0,0,0,0,0,0
2008-12-22,47658,-47658,0,0,0,0,0,0,0,0,0
2008-12-19,-39019,6027,32992,32992,0,0,0,0,0,0,0
2008-12-18,-3989,3989,0,0,0,0,0,0,0,0,0
2008-12-17,2807,-2807,0,0,0,0,0,0,0,0,0
2008-12-16,12394,-12394,0,0,0,0,0,0,0,0,0
2008-12-15,-9964,-11263,21227,21227,0,0,0,0,0,0,0
2008-12-12,-7735,-8246,15981,15981,0,0,0,0,0,0,0
2008-12-11,-44726,19726,25000,25000,0,0,0,0,0,0,0
2008-12-10,-14263,14263,0,0,0,0,0,0,0,0,0
2008-12-09,617,2383,0,0,0,0,0,0,0,0,-3000
2008-12-08,-10367,7367,0,0,0,0,0,0,0,0,3000
2008-12-05,-7616,7616,0,0,0,0,0,0,0,0,0
2008-12-04,-18500,18500,0,0,0,0,0,0,0,0,0
2008-12-03,828,-828,0,0,0,0,0,0,0,0,0
2008-12-02,2490,-2490,0,0,0,0,0,0,0,0,0
2008-12-01,-11295,11295,0,0,0,0,0,0,0,0,0
2008-11-28,-6710,6710,0,0,0,0,0,0,0,0,0
2008-11-27,-10450,10450,0,0,0,0,0,0,0,0,0
2008-11-26,-13943,13943,0,0,0,0,0,0,0,0,0
2008-11-25,22591,-22591,0,0,0,0,0,0,0,0,0
2008-11-24,-14926,14926,0,0,0,0,0,0,0,0,0
2008-11-21,4035,-4035,0,0,0,0,0,0,0,0,0
2008-11-20,1438,-1438,0,0,0,0,0,0,0,0,0
2008-11-19,800,-800,0,0,0,0,0,0,0,0,0
2008-11-18,8605,-8605,0,0,0,0,0,0,0,0,0
2008-11-17,-17643,17643,0,0,0,0,0,0,0,0,0
2008-11-14,-3811,3811,0,0,0,0,0,0,0,0,0
2008-11-13,-3474,3474,0,0,0,0,0,0,0,0,0
2008-11-12,8000,-8000,0,0,0,0,0,0,0,0,0
2008-11-11,-167,167,0,0,0,0,0,0,0,0,0
2008-11-10,-11865,11865,0,0,0,0,0,0,0,0,0
2008-11-07,-21675,21675,0,0,0,0,0,0,0,0,0
2008-11-06,35059,-35059,0,0,0,0,0,0,0,0,0
2008-11-05,-27708,27118,0,0,0,0,0,0,0,0,590
2008-11-04,-20938,20938,0,0,0,0,0,0,0,0,0
2008-11-03,-18169,18169,0,0,0,0,0,0,0,0,0
2008-10-31,-19036,19036,0,0,0,0,0,0,0,0,0
2008-10-30,-2743,2743,0,0,0,0,0,0,0,0,0
2008-10-29,-415,-85,0,0,0,0,0,0,0,0,500
2008-10-28,6536,-6536,0,0,0,0,0,0,0,0,0
2008-10-27,1648,-1648,0,0,0,0,0,0,0,0,0
2008-10-24,951,-2801,0,0,0,0,0,0,0,0,1850
2008-10-23,-39333,3032,0,0,0,0,0,0,0,0,36301
2008-10-22,-116466,-3534,0,0,0,0,0,0,0,0,120000
2008-10-21,-14253,2840,0,0,0,0,0,0,0,0,11413
2008-10-20,-103247,2247,0,0,0,0,0,0,0,0,101000
2008-10-17,-58031,-156,0,0,0,0,0,0,0,0,58187
2008-10-16,-127000,0,0,0,0,0,0,0,0,0,127000
2008-10-15,-182108,-1580,0,0,0,0,0,0,0,0,183688
2008-10-14,-148571,-38642,0,0,0,0,0,0,0,0,188356
2008-10-13,-87028,36023,0,0,0,0,0,0,0,0,51005
2008-10-10,20,-1163,0,0,0,0,0,0,0,0,0
2008-10-09,-863,863,0,0,0,0,0,0,0,0,0
2008-10-08,3027,-3027,0,0,0,0,0,0,0,0,0
2008-10-07,-3327,3327,0,0,0,0,0,0,0,0,0
2008-10-06,13,-13,0,0,0,0,0,0,0,0,0
2008-10-02,14964,-14964,0,0,0,0,0,0,0,0,0
2008-10-01,7114,-7114,0,0,0,0,0,0,0,0,0
2008-09-30,-1986,1986,0,0,0,0,0,0,0,0,0
2008-09-29,31960,-31960,0,0,0,0,0,0,0,0,0
2008-09-26,26932,-25432,0,0,0,0,0,0,0,0,-1500
2008-09-25,2698,-4198,0,0,0,0,0,0,0,0,1500
2008-09-24,2823,-2823,0,0,0,0,0,0,0,0,0
2008-09-23,-8101,8101,0,0,0,0,0,0,0,0,0
2008-09-22,-6555,6555,0,0,0,0,0,0,0,0,0
2008-09-19,13179,-13179,0,0,0,0,0,0,0,0,0
2008-09-18,-7417,7417,0,0,0,0,0,0,0,0,0
2008-09-17,1466,-1466,0,0,0,0,0,0,0,0,0
2008-09-16,30940,-30940,0,0,0,0,0,0,0,0,0
2008-09-12,-5891,5891,0,0,0,0,0,0,0,0,0
2008-09-11,-4788,4788,0,0,0,0,0,0,0,0,0
2008-09-10,8839,-8839,0,0,0,0,0,0,0,0,0
2008-09-09,10099,-10099,0,0,0,0,0,0,0,0,0
2008-09-08,2495,-2495,0,0,0,0,0,0,0,0,0
2008-09-05,-11400,11400,0,0,0,0,0,0,0,0,0
2008-09-04,-24335,24335,0,0,0,0,0,0,0,0,0
2008-09-03,-14622,14622,0,0,0,0,0,0,0,0,0
2008-09-02,-46681,46681,0,0,0,0,0,0,0,0,0
2008-09-01,-9342,9342,0,0,0,0,0,0,0,0,0
2008-08-29,3723,-3723,0,0,0,0,0,0,0,0,0
2008-08-28,1620,-1620,0,0,0,0,0,0,0,0,0
2008-08-27,-19812,19812,0,0,0,0,0,0,0,0,0
2008-08-26,-2421,2421,0,0,0,0,0,0,0,0,0
2008-08-25,2206,-2706,0,0,0,0,0,0,0,0,500
2008-08-22,-29766,29766,0,0,0,0,0,0,0,0,0
2008-08-21,-18079,18079,0,0,0,0,0,0,0,0,0
2008-08-20,-9746,9746,0,0,0,0,0,0,0,0,0
2008-08-19,-31661,31661,0,0,0,0,0,0,0,0,0
2008-08-18,-36370,36370,0,0,0,0,0,0,0,0,0
2008-08-14,-16366,19366,0,0,0,0,0,0,0,0,-3000
2008-08-13,-45697,51197,0,0,0,0,0,0,0,0,-5500
2008-08-12,-9300,800,0,0,0,0,0,0,0,0,8500
2008-08-11,10352,-352,0,0,0,0,0,0,0,0,-10000
2008-08-08,17696,-27696,0,0,0,0,0,0,0,0,10000
2008-08-07,-25437,25437,0,0,0,0,0,0,0,0,0
2008-08-06,486,-486,0,0,0,0,0,0,0,0,0
2008-08-05,-462,462,0,0,0,0,0,0,0,0,0
2008-08-04,-1945,1945,0,0,0,0,0,0,0,0,0
2008-08-01,7206,-7206,0,0,0,0,0,0,0,0,0
2008-07-31,2435,-1460,0,0,0,0,0,0,0,0,0
2008-07-30,2619,-2619,0,0,0,0,0,0,0,0,0
2008-07-29,8590,-8590,0,0,0,0,0,0,0,0,0
2008-07-28,91,2408,0,0,0,0,0,0,0,0,-2499
2008-07-25,-2898,399,0,0,0,0,0,0,0,0,2499
2008-07-24,-4309,4309,0,0,0,0,0,0,0,0,0
2008-07-23,-43863,3863,40000,40000,0,0,0,0,0,0,0
2008-07-22,-6236,6236,0,0,0,0,0,0,0,0,0
2008-07-21,-1898,1898,0,0,0,0,0,0,0,0,0
2008-07-18,2986,-2986,0,0,0,0,0,0,0,0,0
2008-07-17,77,-77,0,0,0,0,0,0,0,0,0
2008-07-16,9068,-9068,0,0,0,0,0,0,0,0,0
2008-07-15,2460,-2460,0,0,0,0,0,0,0,0,0
2008-07-14,-73685,-4633,0,0,0,0,0,0,0,0,78318
2008-07-11,-21763,-1237,0,0,0,0,0,0,0,0,23000
2008-07-10,-6293,6293,0,0,0,0,0,0,0,0,0
2008-07-09,-4115,4115,0,0,0,0,0,0,0,0,0
2008-07-08,1757,-1757,0,0,0,0,0,0,0,0,0
2008-07-07,-2931,2931,0,0,0,0,0,0,0,0,0
2008-07-04,-4889,4889,0,0,0,0,0,0,0,0,0
2008-07-03,-1123,1123,0,0,0,0,0,0,0,0,0
2008-07-02,25339,-25339,0,0,0,0,0,0,0,0,0
2008-07-01,24694,-24694,0,0,0,0,0,0,0,0,0
2008-06-30,6419,-6419,0,0,0,0,0,0,0,0,0
2008-06-27,-2855,3255,0,0,0,0,0,0,0,0,0
2008-06-26,-3934,3534,0,0,0,0,0,0,0,0,0
2008-06-25,-3149,3149,0,0,0,0,0,0,0,0,0
2008-06-24,-11100,-9143,0,0,0,0,0,0,0,0,20243
2008-06-23,-2827,2827,0,0,0,0,0,0,0,0,0
2008-06-20,4184,-4184,0,0,0,0,0,0,0,0,0
2008-06-19,-1714,1714,0,0,0,0,0,0,0,0,0
2008-06-18,-13601,13601,0,0,0,0,0,0,0,0,0
2008-06-17,3519,1481,0,0,0,0,0,0,0,0,0
2008-06-16,-20830,20830,0,0,0,0,0,0,0,0,0
2008-06-13,3778,-3168,-610,0,0,-610,0,0,0,0,0
2008-06-12,-3346,3346,0,0,0,0,0,0,0,0,0
2008-06-11,-14998,14998,0,0,0,0,0,0,0,0,0
2008-06-10,14540,-14540,0,0,0,0,0,0,0,0,0
2008-06-09,-3265,3265,0,0,0,0,0,0,0,0,0
2008-06-05,-3882,3882,0,0,0,0,0,0,0,0,0
2008-06-04,-6588,6588,0,0,0,0,0,0,0,0,0
2008-06-03,7946,-7946,0,0,0,0,0,0,0,0,0
2008-06-02,9158,-9158,0,0,0,0,0,0,0,0,0
2008-05-30,-2087,2087,0,0,0,0,0,0,0,0,0
2008-05-29,-4313,4313,0,0,0,0,0,0,0,0,0
2008-05-28,17402,-17402,0,0,0,0,0,0,0,0,0
2008-05-27,16229,-16229,0,0,0,0,0,0,0,0,0
2008-05-26,9930,1770,0,0,0,0,0,0,0,0,0
2008-05-23,-4499,4499,0,0,0,0,0,0,0,0,0
2008-05-22,-1787,1787,0,0,0,0,0,0,0,0,0
2008-05-21,-2992,3012,0,0,0,0,0,0,0,0,-20
2008-05-20,1723,-1723,0,0,0,0,0,0,0,0,0
2008-05-19,3583,-3583,0,0,0,0,0,0,0,0,0
2008-05-16,5879,-1519,0,0,0,0,0,0,0,0,40
2008-05-15,22447,-22447,0,0,0,0,0,0,0,0,0
2008-05-14,-17512,14612,0,0,0,0,0,0,0,0,0
2008-05-13,-3240,1740,0,0,0,0,0,0,0,0,0
2008-05-09,-6704,6754,0,0,0,0,0,0,0,0,0
2008-05-08,-6505,6455,0,0,0,0,0,0,0,0,0
2008-05-07,-17726,17726,0,0,0,0,0,0,0,0,0
2008-05-06,2850,-2850,0,0,0,0,0,0,0,0,0
2008-05-02,-2090,2090,0,0,0,0,0,0,0,0,0
2008-04-30,-6794,6794,0,0,0,0,0,0,0,0,0
2008-04-29,19458,5803,0,0,0,0,0,0,0,0,-25261
2008-04-28,20025,-9621,0,0,0,0,0,0,0,0,-10404
2008-04-25,-24419,11509,0,0,0,0,0,0,0,0,12910
2008-04-24,14128,-36338,0,0,0,0,0,0,0,0,22755
2008-04-23,-11823,11823,0,0,0,0,0,0,0,0,0
2008-04-22,23866,-23866,0,0,0,0,0,0,0,0,0
2008-04-21,-4582,4037,0,0,0,0,0,0,0,0,0
2008-04-18,-10825,10720,0,0,0,0,0,0,0,0,105
2008-04-17,10601,-10601,0,0,0,0,0,0,0,0,0
2008-04-16,-21877,21877,0,0,0,0,0,0,0,0,0
2008-04-15,-2744,717,0,0,0,0,0,0,0,0,2027
2008-04-14,-3187,3187,0,0,0,0,0,0,0,0,0
2008-04-11,392,-1192,0,0,0,0,0,0,0,0,800
2008-04-10,-11387,10087,0,0,0,0,0,0,0,0,1300
2008-04-08,-12381,12381,0,0,0,0,0,0,0,0,0
2008-04-07,-863,863,0,0,0,0,0,0,0,0,0
2008-04-04,-4970,4970,0,0,0,0,0,0,0,0,0
2008-04-03,-1748,1748,0,0,0,0,0,0,0,0,0
2008-04-02,1368,-1368,0,0,0,0,0,0,0,0,0
2008-04-01,673,-673,0,0,0,0,0,0,0,0,0
2008-03-31,6094,-6094,0,0,0,0,0,0,0,0,0
2008-03-28,-3194,3194,0,0,0,0,0,0,0,0,0
2008-03-27,-299,299,0,0,0,0,0,0,0,0,0
2008-03-26,2529,-2529,0,0,0,0,0,0,0,0,0
2008-03-25,159,-159,0,0,0,0,0,0,0,0,0
2008-03-24,-6837,6837,0,0,0,0,0,0,0,0,0
2008-03-21,4176,-4176,0,0,0,0,0,0,0,0,0
2008-03-20,-6283,6283,0,0,0,0,0,0,0,0,0
2008-03-19,3505,-3505,0,0,0,0,0,0,0,0,0
2008-03-18,-2138,2138,0,0,0,0,0,0,0,0,0
2008-03-17,1302,-1302,0,0,0,0,0,0,0,0,0
2008-03-14,-2669,2669,0,0,0,0,0,0,0,0,0
2008-03-13,1345,-1345,0,0,0,0,0,0,0,0,0
2008-03-12,238,-238,0,0,0,0,0,0,0,0,0
2008-03-11,-1560,1560,0,0,0,0,0,0,0,0,0
2008-03-10,5928,-5928,0,0,0,0,0,0,0,0,0
2008-03-07,7,-7,0,0,0,0,0,0,0,0,0
2008-03-06,9454,-9454,0,0,0,0,0,0,0,0,0
2008-03-05,-4510,4510,0,0,0,0,0,0,0,0,0
2008-03-04,-1742,1742,0,0,0,0,0,0,0,0,0
2008-03-03,2900,-2900,0,0,0,0,0,0,0,0,0
2008-02-29,-9061,9061,0,0,0,0,0,0,0,0,0
2008-02-28,-4885,4885,0,0,0,0,0,0,0,0,0
2008-02-27,12183,-12173,0,0,0,0,0,0,0,0,-10
2008-02-26,1304,-1304,0,0,0,0,0,0,0,0,0
2008-02-25,32515,-11388,0,0,0,0,0,0,0,0,0
2008-02-22,-14605,14078,0,0,0,0,0,0,0,0,0
2008-02-21,-6685,6685,0,0,0,0,0,0,0,0,0
2008-02-20,44533,-22361,0,0,0,0,0,0,0,0,0
2008-02-19,8097,-24896,0,0,0,0,0,0,0,0,0
2008-02-18,-48342,22369,0,0,0,0,0,0,0,0,0
2008-02-15,-16952,16952,0,0,0,0,0,0,0,0,0
2008-02-14,1285,-1285,0,0,0,0,0,0,0,0,0
2008-02-13,13638,-13638,0,0,0,0,0,0,0,0,0
2008-02-12,6105,-6105,0,0,0,0,0,0,0,0,0
2008-02-11,10250,-8486,0,0,0,0,0,0,0,0,-1764
2008-02-05,-13407,15333,0,0,0,0,0,0,0,0,-1638
2008-02-04,1462,-1597,0,0,0,0,0,0,0,0,47
2008-02-01,38188,-20889,0,0,0,0,0,0,0,0,-430
2008-01-31,1363,-19590,0,0,0,0,0,0,0,0,1158
2008-01-30,-17880,19680,0,0,0,0,0,0,0,0,-1800
2008-01-29,1379,-3939,0,0,0,0,0,0,0,0,2560
2008-01-28,3666,-3566,0,0,0,0,0,0,0,0,-100
2008-01-25,-4195,4185,0,0,0,0,0,0,0,0,10
2008-01-24,-23595,23595,0,0,0,0,0,0,0,0,0
2008-01-23,5738,-5738,0,0,0,0,0,0,0,0,0
2008-01-22,-12983,-2926,0,0,0,0,0,0,0,0,15909
2008-01-21,-100073,-16257,0,0,0,0,0,0,0,0,116330
2008-01-18,-75905,15029,0,0,0,0,0,0,0,0,76876
2008-01-17,-5756,2911,0,0,0,0,0,0,0,0,2845
2008-01-16,-9468,9468,0,0,0,0,0,0,0,0,0
2008-01-15,-4413,4413,0,0,0,0,0,0,0,0,0
2008-01-14,-1826,1826,0,0,0,0,0,0,0,0,0
2008-01-11,5328,-5328,0,0,0,0,0,0,0,0,0
2008-01-10,1612,-1612,0,0,0,0,0,0,0,0,0
2008-01-09,-11937,11937,0,0,0,0,0,0,0,0,0
2008-01-08,4751,-4751,0,0,0,0,0,0,0,0,0
2008-01-07,-2973,3233,-260,0,0,-260,0,0,0,0,0
2008-01-04,-962,962,0,0,0,0,0,0,0,0,0
2008-01-03,-2875,2875,0,0,0,0,0,0,0,0,0
2008-01-02,-5311,5311,0,0,0,0,0,0,0,0,0
2007-12-28,-3419,3419,0,0,0,0,0,0,0,0,0
2007-12-27,11889,-11889,0,0,0,0,0,0,0,0,0
2007-12-26,-3622,3622,0,0,0,0,0,0,0,0,0
2007-12-24,17510,7490,0,0,0,0,0,0,0,0,-25000
2007-12-21,30936,-22436,0,0,0,0,0,0,0,0,-8500
2007-12-20,3846,-3826,-20,0,0,-20,0,0,0,0,0
2007-12-18,6005,-6010,0,0,0,0,0,0,0,0,0
2007-12-17,8144,-8214,70,0,0,70,0,0,0,0,0
2007-12-14,-5540,6170,-630,0,0,-630,0,0,0,0,0
2007-12-13,-6696,6696,0,0,0,0,0,0,0,0,0
2007-12-12,-2491,2491,0,0,0,0,0,0,0,0,0
2007-12-11,-1756,1756,0,0,0,0,0,0,0,0,0
2007-12-10,1412,-1412,0,0,0,0,0,0,0,0,0
2007-12-07,7811,-2141,-5670,0,0,-5670,0,0,0,0,0
2007-12-06,-2753,2753,0,0,0,0,0,0,0,0,0
2007-12-05,-11320,11320,0,0,0,0,0,0,0,0,0
2007-12-04,-8746,8746,0,0,0,0,0,0,0,0,0
2007-12-03,-5009,5009,0,0,0,0,0,0,0,0,0
2007-11-30,4933,-4933,0,0,0,0,0,0,0,0,0
2007-11-29,-2833,2833,0,0,0,0,0,0,0,0,0
2007-11-28,-1437,1452,-15,0,0,-15,0,0,0,0,0
2007-11-27,-1927,1927,0,0,0,0,0,0,0,0,0
2007-11-26,-1983,1998,-15,0,0,-15,0,0,0,0,0
2007-11-23,0,0,0,0,0,0,0,0,0,0,0
2007-11-22,1608,-1608,0,0,0,0,0,0,0,0,0
2007-11-21,917,-917,0,0,0,0,0,0,0,0,0
2007-11-20,-2073,2073,0,0,0,0,0,0,0,0,0
2007-11-19,946,-946,0,0,0,0,0,0,0,0,0
2007-11-16,4673,-673,0,0,0,0,0,0,0,0,0
2007-11-15,3239,-3239,0,0,0,0,0,0,0,0,0
2007-11-14,-5310,5310,0,0,0,0,0,0,0,0,0
2007-11-13,5683,-5064,770,0,0,770,0,0,0,0,660
2007-11-12,-5113,5064,0,0,0,0,0,0,0,0,0
2007-11-09,15650,-16150,0,0,0,0,0,0,0,0,0
2007-11-08,54168,-53175,0,0,0,0,0,0,0,0,0
2007-11-07,-3991,2498,0,0,0,0,0,0,0,0,0
2007-11-06,-216,546,-330,0,0,-330,0,0,0,0,0
2007-11-05,1791,-1791,0,0,0,0,0,0,0,0,0
2007-11-02,16476,-16976,0,0,0,0,0,0,0,0,0
2007-11-01,16858,-7358,0,0,0,0,0,0,0,0,-10000
2007-10-31,-2028,-7532,-440,0,0,-440,0,0,0,0,10000
2007-10-30,-15149,15179,-330,0,0,-330,0,0,0,0,0
2007-10-29,21492,-21492,0,0,0,0,0,0,0,0,0
2007-10-26,-72126,7110,0,0,0,0,0,0,0,0,65016
2007-10-25,-160996,1116,0,0,0,0,0,0,0,0,159980
2007-10-24,-69830,-15054,0,0,0,0,0,0,0,0,83984
2007-10-23,28991,-28991,0,0,0,0,0,0,0,0,0
2007-10-22,7598,-13048,-550,0,0,-550,0,0,0,0,6000
2007-10-19,-17394,17394,0,0,0,0,0,0,0,0,0
2007-10-18,-32855,34055,0,0,0,0,0,0,0,0,0
2007-10-17,-29822,26322,0,0,0,0,0,0,0,0,3500
2007-10-16,-26839,24839,0,0,0,0,0,0,0,0,0
2007-10-15,-29955,28015,-550,0,0,-550,0,0,0,0,0
2007-10-12,-25003,24493,0,0,0,0,0,0,0,0,0
2007-10-11,3540,-3540,0,0,0,0,0,0,0,0,0
2007-10-10,800,0,0,0,0,0,0,0,0,0,0
2007-10-09,1100,0,0,0,0,0,0,0,0,0,0
2007-10-08,153292,-147292,0,0,0,0,0,0,0,0,0
2007-10-05,-73365,74065,0,0,0,0,0,0,0,0,0
2007-10-04,-21638,24038,0,0,0,0,0,0,0,0,0
2007-10-02,-35394,33964,30,0,0,30,0,0,0,0,0
2007-10-01,-10991,10691,0,0,0,0,0,0,0,0,0
2007-09-28,-3521,3121,0,0,0,0,0,0,0,0,0
2007-09-27,-1413,1413,0,0,0,0,0,0,0,0,0
2007-09-21,62675,-62675,0,0,0,0,0,0,0,0,0
2007-09-20,68815,-69834,20,0,0,20,0,0,0,0,-1
2007-09-19,-131121,131110,10,0,0,10,0,0,0,0,1
2007-09-18,57849,-57869,20,0,0,20,0,0,0,0,0
2007-09-17,-944,22116,0,0,0,0,0,0,0,0,-32522
2007-09-14,-46807,16147,10,0,0,10,0,0,0,0,30000
2007-09-13,-18095,15375,20,0,0,20,0,0,0,0,0
2007-09-12,47111,-45111,0,0,0,0,0,0,0,0,-2000
2007-09-11,-20746,12326,20,0,0,20,0,0,0,0,0
2007-09-10,-10948,11348,0,0,0,0,0,0,0,0,0
2007-09-07,5520,-5520,0,0,0,0,0,0,0,0,-1000
2007-09-06,-20293,21293,0,0,0,0,0,0,0,0,0
2007-09-05,8130,-7630,0,0,0,0,0,0,0,0,0
2007-09-04,14046,-14056,10,0,0,10,0,0,0,0,0
2007-09-03,-5226,1026,0,0,0,0,0,0,0,0,0
2007-08-31,-5111,5111,0,0,0,0,0,0,0,0,0
2007-08-30,4164,-3674,10,0,0,10,0,0,0,0,0
2007-08-29,-2421,2401,0,0,0,0,0,0,0,0,20
2007-08-28,-2258,-1542,0,0,0,0,0,0,0,0,0
2007-08-27,5227,-4537,10,0,0,10,0,0,0,0,0
2007-08-24,-3237,4137,0,0,0,0,0,0,0,0,0
2007-08-23,41088,-29808,20,0,0,20,0,0,0,0,-7000
2007-08-22,13668,-9498,30,0,0,30,0,0,0,0,0
2007-08-21,-90190,2690,81500,81500,0,0,0,0,0,0,0
2007-08-20,-87061,38261,50000,50000,0,0,0,0,0,0,0
2007-08-17,4133,-4143,10,0,0,10,0,0,0,0,0
2007-08-16,-45688,0,50130,50110,0,20,0,0,0,0,358
2007-08-14,32010,-34231,1221,1221,0,0,0,0,0,0,0
2007-08-13,-28527,-22473,50000,50000,0,0,0,0,0,0,0
2007-08-10,18747,-20615,868,868,0,0,0,0,0,0,0
2007-08-09,-33216,3416,30000,30000,0,0,0,0,0,0,0
2007-08-08,2031,-1431,0,0,0,0,0,0,0,0,0
2007-08-07,-31174,-14842,46016,46016,0,0,0,0,0,0,0
2007-08-06,-12803,12102,701,701,0,0,0,0,0,0,0
2007-08-03,-6207,6207,0,0,0,0,0,0,0,0,0
2007-08-02,-99479,-616,100000,100000,0,0,0,0,0,0,95
2007-08-01,-62560,-37440,100000,100000,0,0,0,0,0,0,0
2007-07-31,-38573,38573,0,0,0,0,0,0,0,0,0
2007-07-30,-773,773,0,0,0,0,0,0,0,0,0
2007-07-27,-95588,-4412,100000,100000,0,0,0,0,0,0,0
2007-07-26,-11935,1568,11267,11267,0,0,0,0,0,0,0
2007-07-25,-107684,2844,103190,100000,0,3190,0,0,0,0,1650
2007-07-24,-27758,-1172,28430,27000,0,1430,0,0,0,0,0
2007-07-23,-164102,1172,163530,162320,0,1210,0,0,0,0,0
2007-07-20,-600,0,0,0,0,0,0,0,0,0,0
2007-07-19,8156,0,0,0,0,0,0,0,0,0,0
2007-07-18,3380,-10936,0,0,0,0,0,0,0,0,0
2007-07-16,19255,-19822,0,0,0,0,0,0,0,0,567
2007-07-13,13166,-11728,0,0,0,0,0,0,0,0,0
2007-07-12,-645,-9393,0,0,0,0,0,0,0,0,7000
2007-07-11,-2514,2514,0,0,0,0,0,0,0,0,0
2007-07-10,-47164,48564,0,0,0,0,0,0,0,0,0
2007-07-09,5288,-5121,0,0,0,0,0,0,0,0,-867
2007-07-06,4765,-4765,0,0,0,0,0,0,0,0,0
2007-07-05,11819,-11819,0,0,0,0,0,0,0,0,0
2007-07-04,20710,-21810,0,0,0,0,0,0,0,0,0
2007-07-03,-3099,3099,0,0,0,0,0,0,0,0,0
2007-07-02,-18906,18906,0,0,0,0,0,0,0,0,0
2007-06-29,40560,-40033,0,0,0,0,0,0,0,0,0
2007-06-28,-14929,14402,0,0,0,0,0,0,0,0,0
2007-06-27,18696,-18696,0,0,0,0,0,0,0,0,0
2007-06-26,50978,-50978,0,0,0,0,0,0,0,0,0
2007-06-25,-3587,3587,0,0,0,0,0,0,0,0,0
2007-06-22,-12866,14866,0,0,0,0,0,0,0,0,0
2007-06-21,-23162,34162,-11000,0,0,0,0,-11000,0,0,0
2007-06-20,5711,-7161,0,0,0,0,0,0,0,0,0
2007-06-19,49975,-26825,-22650,0,0,0,-22650,0,0,0,0
2007-06-18,-31326,11576,22650,0,0,0,22650,0,0,0,0
2007-06-15,-36281,34281,0,0,0,0,0,0,0,0,0
2007-06-14,-4822,4822,0,0,0,0,0,0,0,0,0
2007-06-13,5845,18155,-24000,0,0,0,-24000,0,0,0,0
2007-06-12,104860,-97657,9000,0,0,0,9000,0,0,0,-18000
2007-06-11,-66433,34230,15000,0,0,0,15000,0,0,0,18000
2007-06-08,9898,17361,-28259,0,0,0,-28259,0,0,0,0
2007-06-07,-103583,75464,28259,0,0,0,28259,0,0,0,0
2007-06-05,-895,755,0,0,0,0,0,0,0,0,0
2007-06-04,16225,-14535,0,0,0,0,0,0,0,0,-200
2007-06-01,10979,-19,-8000,0,0,0,-8000,0,0,0,-4450
2007-05-31,-13962,2302,8000,0,0,0,8000,0,0,0,4660
2007-05-30,39538,-28238,-4000,0,0,0,-4000,0,0,0,-7300
2007-05-29,-19768,1954,15000,0,0,0,4000,11000,0,0,7300
2007-05-28,-912,748,0,0,0,0,0,0,0,0,0
2007-05-25,-34468,36677,0,0,0,0,0,0,0,0,-1521
2007-05-23,-1082,1111,0,0,0,0,0,0,0,0,-1039
2007-05-22,54820,-58320,0,0,0,0,0,0,0,0,0
2007-05-21,4557,-4557,0,0,0,0,0,0,0,0,0
2007-05-18,918,-918,0,0,0,0,0,0,0,0,0
2007-05-17,-29510,33495,0,0,0,0,0,0,0,0,-1000
2007-05-16,-1285,1000,0,0,0,0,0,0,0,0,0
2007-05-15,31225,-32125,0,0,0,0,0,0,0,0,1000
2007-05-14,18799,-16198,0,0,0,0,0,0,0,0,0
2007-05-11,-27441,29631,0,0,0,0,0,0,0,0,0
2007-05-10,-9011,0,0,0,0,0,0,0,0,0,0
2007-05-09,-5951,2728,0,0,0,0,0,0,0,0,623
2007-05-08,49192,-48592,0,0,0,0,0,0,0,0,0
2007-05-07,-32279,32582,0,0,0,0,0,0,0,0,1497
2007-05-04,-5218,6818,0,0,0,0,0,0,0,0,0
2007-05-03,12472,-11072,0,0,0,0,0,0,0,0,-500
2007-05-02,3189,498,0,0,0,0,0,0,0,0,940
2007-04-30,-45930,46130,0,0,0,0,0,0,0,0,0
2007-04-27,-4627,0,0,0,0,0,0,0,0,0,0
2007-04-26,1441,0,0,0,0,0,0,0,0,0,-855
2007-04-25,77879,-75437,0,0,0,0,0,0,0,0,-10
2007-04-24,-5469,12373,0,0,0,0,0,0,0,0,-6990
2007-04-23,11275,-4296,0,0,0,0,0,0,0,0,-12307
2007-04-20,-2787,-153,0,0,0,0,0,0,0,0,4940
2007-04-19,-3171,-466,0,0,0,0,0,0,0,0,737
2007-04-18,61811,-68582,0,0,0,0,0,0,0,0,8571
2007-04-17,30358,-28731,0,0,0,0,0,0,0,0,2684
2007-04-16,-35145,-14868,-9000,-1000,0,0,-8000,0,0,0,55310
2007-04-13,-27266,-19163,8000,0,0,0,8000,0,0,0,38009
2007-04-12,-73788,71359,0,0,0,0,0,0,0,0,-2683
2007-04-11,-6325,15490,-8100,0,0,0,-8100,0,0,0,386
2007-04-10,-76756,80271,8100,0,0,0,8100,0,0,0,1432
2007-04-09,-60793,35683,1000,1000,0,0,0,0,0,0,10013
2007-04-06,17485,-16629,0,0,0,0,0,0,0,0,-957
2007-04-05,-16978,20169,0,0,0,0,0,0,0,0,1309
2007-04-04,-32,0,0,0,0,0,0,0,0,0,-4068
2007-04-03,4500,0,0,0,0,0,0,0,0,0,-1000
2007-04-02,3850,0,0,0,0,0,0,0,0,0,-1550
2007-03-30,-2321,0,0,0,0,0,0,0,0,0,-279
2007-03-29,4118,0,0,0,0,0,0,0,0,0,-6518
2007-03-28,147073,-124029,-20000,0,0,0,-20000,0,0,0,-4324
2007-03-27,-146659,124029,20000,0,0,0,20000,0,0,0,11022
2007-03-26,58807,-44484,0,0,0,0,0,0,0,0,-12384
2007-03-23,-85145,72327,0,0,0,0,0,0,0,0,10318
2007-03-22,12793,-4307,-12500,0,0,0,-12500,0,0,0,3163
2007-03-21,3090,-19110,7500,0,0,0,7500,0,0,0,2320
2007-03-20,93427,-88627,5000,0,0,0,5000,0,0,0,-9550
2007-03-19,-33939,24969,0,0,0,0,0,0,0,0,9720
2007-03-16,42772,2238,0,0,0,0,0,0,0,0,-37000
2007-03-15,-40695,33985,0,0,0,0,0,0,0,0,1000
2007-03-14,-7358,1258,-2200,0,0,0,-2200,0,0,0,5500
2007-03-13,-114,-1586,0,0,0,0,0,0,0,0,200
2007-03-12,-81347,96007,2200,0,0,0,2200,0,0,0,-13590
2007-03-09,21870,-17905,0,0,0,0,0,0,0,0,135
2007-03-08,-39900,31368,0,0,0,0,0,0,0,0,11635
2007-03-07,64,-5900,0,0,0,0,0,0,0,0,2000
2007-03-06,-548,5900,0,0,0,0,0,0,0,0,-1000
2007-03-05,782,0,0,0,0,0,0,0,0,0,-5421
2007-03-02,-11368,-5000,0,0,0,0,0,0,0,0,15219
2007-02-28,-2631,5000,0,0,0,0,0,0,0,0,-3070
2007-02-27,5777,0,0,0,0,0,0,0,0,0,-5057
2007-02-26,2612,-2000,0,0,0,0,0,0,0,0,10015
2007-02-23,-19541,2000,0,0,0,0,0,0,0,0,10394
2007-02-22,-5150,0,0,0,0,0,0,0,0,0,1190
2007-02-21,5110,0,0,0,0,0,0,0,0,0,250
2007-02-20,-7400,0,0,0,0,0,0,0,0,0,2000
2007-02-16,3615,0,0,0,0,0,0,0,0,0,-10
2007-02-15,13912,-15277,0,0,0,0,0,0,0,0,-40
2007-02-14,51779,-4705,0,0,0,0,0,0,0,0,-43310
2007-02-13,2598,2368,0,0,0,0,0,0,0,0,-7230
2007-02-12,-16334,10614,0,0,0,0,0,0,0,0,7790
2007-02-09,17592,0,0,0,0,0,0,0,0,0,-17662
2007-02-08,21838,0,-20000,0,0,-20000,0,0,0,0,-5838
2007-02-07,122600,0,0,0,0,0,0,0,0,0,-123600
2007-02-06,-153032,0,20000,0,0,20000,0,0,0,0,133032
2007-02-05,14971,-16461,0,0,0,0,0,0,0,0,3090
2007-02-02,59811,-37439,-950,0,0,0,-950,0,0,0,-22422
2007-02-01,-82072,60900,950,0,0,0,950,0,0,0,14372
2007-01-31,18279,0,-5000,0,0,-5000,0,0,0,0,-11652
2007-01-30,144598,-51969,-106236,0,0,5000,-111236,0,0,0,11767
2007-01-29,-143550,10483,131236,0,0,20000,111236,0,0,0,1554
2007-01-26,69104,-67272,0,0,0,0,0,0,0,0,-1832
2007-01-25,-45710,-16201,-1000,0,0,-1000,0,0,0,0,61911
2007-01-24,513277,100043,-111000,0,0,-111000,0,0,0,0,-502320
2007-01-23,-599470,-390,600500,0,0,600500,0,0,0,0,-640
2007-01-22,79619,25306,24000,0,0,24000,0,0,0,0,-126425
2007-01-19,155525,-90788,67000,0,0,67000,0,0,0,0,-134247
2007-01-18,-273427,96788,180000,0,0,180000,0,0,0,0,-2861
2007-01-17,214117,-66883,-6000,0,0,-6000,0,0,0,0,-138847
2007-01-16,-212140,52893,118000,0,0,118000,0,0,0,0,41220
2007-01-15,632145,-173233,-101000,0,0,-101000,0,0,0,0,-359360
2007-01-12,-652281,186223,395000,0,0,395000,0,0,0,0,69146
2007-01-11,134039,-11000,-1000,0,0,-1000,0,0,0,0,-114168
2007-01-10,180318,-130738,33841,0,0,33841,0,0,0,0,-86375
2007-01-09,194436,63673,55159,0,0,60159,-5000,0,0,0,-319033
2007-01-08,-359410,26450,253884,0,0,248884,5000,0,0,0,78476
2007-01-05,-80508,52615,35000,0,0,35000,0,0,0,0,-6859
2007-01-04,-61348,0,70000,0,0,70000,0,0,0,0,-2053
2007-01-03,48806,0,-1000,0,0,-1000,0,0,0,0,-50355
2007-01-02,-14575,0,59000,0,0,59000,0,0,0,0,-29259
2006-12-28,101617,-10000,29000,0,0,29000,0,0,0,0,-127238
2006-12-27,-2638,4000,38000,0,0,38000,0,0,0,0,-41406
2006-12-26,16659,-5000,-15400,0,0,-1000,-14400,0,0,0,3007
2006-12-22,23539,5000,20000,0,0,20000,0,0,0,0,-40406
2006-12-21,-140468,0,0,0,0,0,0,0,0,0,140068
2006-12-20,60536,-62587,0,0,0,0,0,0,0,0,8341
2006-12-19,-72182,83487,14400,0,0,0,14400,0,0,0,-205
2006-12-18,-23947,0,0,0,0,0,0,0,0,0,-1143
2006-12-15,-14404,0,0,0,0,0,0,0,0,0,-1368
2006-12-14,2792,0,0,0,0,0,0,0,0,0,200
2006-12-13,6123,0,0,0,0,0,0,0,0,0,1000
2006-12-12,5368,-5000,0,0,0,0,0,0,0,0,-2261
2006-12-11,143061,-46247,-1000,0,0,-1000,0,0,0,0,-107242
2006-12-08,389914,-16926,81951,0,0,81951,0,0,0,0,-441511
2006-12-07,-413523,68173,434877,0,0,434877,0,0,0,0,-71825
2006-12-06,-142852,0,85000,0,0,85000,0,0,0,0,18800
2006-12-05,12572,-5,0,0,0,0,0,0,0,0,-1067
2006-12-04,6588,0,0,0,0,0,0,0,0,0,-1175
2006-12-01,209982,0,0,0,0,0,0,0,0,0,-202654
2006-11-30,91320,17000,-1000,0,0,-1000,0,0,0,0,-113941
2006-11-29,-38881,0,51000,0,0,51000,0,0,0,0,5539
2006-11-28,70958,0,0,0,0,0,0,0,0,0,-74236
2006-11-27,-26983,-993,0,0,0,0,0,0,0,0,24947
2006-11-24,48168,-4007,-1000,0,0,-1000,0,0,0,0,-63132
2006-11-23,-7890,5000,9000,0,0,9000,0,0,0,0,-15410
2006-11-22,505,0,14000,0,0,14000,0,0,0,0,-16205
2006-11-21,284776,0,-260000,-290000,0,30000,0,0,0,0,-24776
2006-11-20,-308500,0,290000,290000,0,0,0,0,0,0,19000
2006-11-17,15189,0,0,0,0,0,0,0,0,0,-16689
2006-11-16,-16560,0,0,0,0,0,0,0,0,0,16560
2006-11-15,177542,-2000,-157000,-157000,0,0,0,0,0,0,1558
2006-11-14,-139291,2000,157000,157000,0,0,0,0,0,0,-19709
2006-11-13,239491,0,-151000,0,0,-151000,0,0,0,0,-88591
2006-11-10,-151500,0,170000,0,0,170000,0,0,0,0,-14500
2006-11-09,13174,0,0,0,0,0,0,0,0,0,-15174
2006-11-08,148952,0,-1000,0,0,-1000,0,0,0,0,-146802
2006-11-07,113880,-1542,28989,0,0,28989,0,0,0,0,-135977
2006-11-06,-267944,1542,264402,0,0,264402,0,0,0,0,0
2006-11-03,515,-1515,0,0,0,0,0,0,0,0,0
2006-11-02,-2349,1515,0,0,0,0,0,0,0,0,-4666
2006-11-01,63000,-4000,-9000,0,0,-9000,0,0,0,0,-50000
2006-10-31,26100,4000,45000,-12000,0,57000,0,0,0,0,-71600
2006-10-30,211836,0,-87000,-20000,0,-67000,0,0,0,0,-126836
2006-10-27,-194452,0,201864,-32000,0,233864,0,0,0,0,-6412
2006-10-26,18800,-8000,-16000,64000,0,-80000,0,0,0,0,4200
2006-10-25,25588,8000,-1000,0,0,-1000,0,0,0,0,-30188
2006-10-24,-136781,-11000,142500,0,0,142500,0,0,0,0,5281
2006-10-23,47153,0,-11000,0,0,-11000,0,0,0,0,-36153
2006-10-20,-76072,4000,60000,0,0,60000,0,0,0,0,11572
2006-10-19,-8500,7000,0,0,0,0,0,0,0,0,0
2006-10-18,2093,0,0,0,0,0,0,0,0,0,-3093
2006-10-17,13665,-12458,0,0,0,0,0,0,0,0,-7
2006-10-16,0,0,0,0,0,0,0,0,0,0,0
2006-10-13,9400,0,-9600,0,0,-9600,0,0,0,0,100
2006-10-12,-9600,0,9600,0,0,9600,0,0,0,0,0
2006-10-11,-7741,7741,0,0,0,0,0,0,0,0,0
2006-10-10,-172,172,0,0,0,0,0,0,0,0,0
2006-10-09,-60148,148,0,0,0,0,0,0,0,0,60000
2006-10-04,-207193,590,0,0,0,0,0,0,0,0,206603
2006-10-02,-4309,3761,0,0,0,0,0,0,0,0,-1452
2006-09-29,14055,-9055,0,0,0,0,0,0,0,0,-5000
2006-09-28,1892,2108,0,0,0,0,0,0,0,0,-4000
2006-09-27,-152778,-3250,0,0,0,0,0,0,0,0,156028
2006-09-26,28263,-27263,0,0,0,0,0,0,0,0,0
2006-09-25,15184,-15184,0,0,0,0,0,0,0,0,0
2006-09-22,-75499,-48501,0,0,0,0,0,0,0,0,125000
2006-09-21,3112,-2112,0,0,0,0,0,0,0,0,-1000
2006-09-20,2183,-2183,0,0,0,0,0,0,0,0,0
2006-09-19,-1275,3275,0,0,0,0,0,0,0,0,-2000
2006-09-18,-58045,60045,0,0,0,0,0,0,0,0,0
2006-09-15,-37783,37783,0,0,0,0,0,0,0,0,0
2006-09-14,-3168,1168,0,0,0,0,0,0,0,0,0
2006-09-13,-120,120,0,0,0,0,0,0,0,0,0
2006-09-12,8207,3065,-11272,0,0,-11272,0,0,0,0,0
2006-09-11,-10747,-4,11272,0,0,11272,0,0,0,0,-521
2006-09-08,5056,-3055,0,0,0,0,0,0,0,0,-2001
2006-09-07,15575,-14000,0,0,0,0,0,0,0,0,-1575
2006-09-06,-3399,3398,0,0,0,0,0,0,0,0,1
2006-09-05,-345,-555,0,0,0,0,0,0,0,0,900
2006-09-04,51837,163,0,0,0,0,0,0,0,0,-52000
2006-09-01,-8032,11032,0,0,0,0,0,0,0,0,0
2006-08-31,26355,-12597,-1000,0,0,-1000,0,0,0,0,-9000
2006-08-30,-25099,15099,10000,0,0,10000,0,0,0,0,0
2006-08-29,-34,34,0,0,0,0,0,0,0,0,0
2006-08-28,50893,-30893,-1000,0,0,-1000,0,0,0,0,-19000
2006-08-25,527665,-5257,-191000,0,0,-191000,0,0,0,0,-331408
2006-08-24,-541760,-648,539408,0,0,539408,0,0,0,0,3000
2006-08-23,-50886,886,0,0,0,0,0,0,0,0,50000
2006-08-22,6436,-436,0,0,0,0,0,0,0,0,-6000
2006-08-21,-17760,11760,0,0,0,0,0,0,0,0,6000
2006-08-18,-1113,1113,0,0,0,0,0,0,0,0,0
2006-08-17,4976,112,0,0,0,0,0,0,0,0,-5088
2006-08-16,-12800,7712,0,0,0,0,0,0,0,0,5088
2006-08-14,15511,-13611,0,0,0,0,0,0,0,0,-1900
2006-08-11,4325,168,0,0,0,0,0,0,0,0,1900
2006-08-10,-3854,711,0,0,0,0,0,0,0,0,0
2006-08-09,-732,732,0,0,0,0,0,0,0,0,0
2006-08-08,256,-256,0,0,0,0,0,0,0,0,0
2006-08-07,24498,-26498,0,0,0,0,0,0,0,0,0
2006-08-04,5676,-7676,0,0,0,0,0,0,0,0,2000
2006-08-03,21231,-21231,0,0,0,0,0,0,0,0,0
2006-08-02,2155,-2155,0,0,0,0,0,0,0,0,0
2006-08-01,-190,190,0,0,0,0,0,0,0,0,0
2006-07-31,-2136,2136,0,0,0,0,0,0,0,0,0
2006-07-28,-5224,8724,0,0,0,0,0,0,0,0,-3500
2006-07-27,-7798,4298,0,0,0,0,0,0,0,0,3500
2006-07-26,-9671,9671,0,0,0,0,0,0,0,0,0
2006-07-25,-17629,17629,0,0,0,0,0,0,0,0,0
2006-07-24,-4904,4904,0,0,0,0,0,0,0,0,0
2006-07-21,-4601,4601,0,0,0,0,0,0,0,0,0
2006-07-20,-21631,21631,0,0,0,0,0,0,0,0,0
2006-07-19,-3151,2049,0,0,0,0,0,0,0,0,1102
2006-07-18,32279,-32004,0,0,0,0,0,0,0,0,-275
2006-07-14,29642,-29642,0,0,0,0,0,0,0,0,0
2006-07-13,-8939,8939,0,0,0,0,0,0,0,0,0
2006-07-12,-16031,16031,0,0,0,0,0,0,0,0,0
2006-07-11,-29235,31675,0,0,0,0,0,0,0,0,-3440
2006-07-10,-1780,2166,0,0,0,0,0,0,0,0,-386
2006-07-07,7025,-7411,0,0,0,0,0,0,0,0,386
2006-07-06,27073,-30176,0,0,0,0,0,0,0,0,3103
2006-07-05,-1101,1101,0,0,0,0,0,0,0,0,0
2006-07-04,10978,-10360,0,0,0,0,0,0,0,0,-618
2006-07-03,-17479,19464,0,0,0,0,0,0,0,0,-1985
2006-06-30,-7105,8120,0,0,0,0,0,0,0,0,-15
2006-06-29,-11156,-844,0,0,0,0,0,0,0,0,2000
2006-06-28,8769,-18769,0,0,0,0,0,0,0,0,0
2006-06-27,-52704,51194,0,0,0,0,0,0,0,0,1510
2006-06-26,5355,-2855,0,0,0,0,0,0,0,0,-3500
2006-06-23,-3520,3520,0,0,0,0,0,0,0,0,0
2006-06-22,0,0,0,0,0,0,0,0,0,0,0
2006-06-21,7021,-7021,0,0,0,0,0,0,0,0,0
2006-06-20,63289,-64244,0,0,0,0,0,0,0,0,955
2006-06-19,-61,-999,0,0,0,0,0,0,0,0,1060
2006-06-16,2000,-2000,0,0,0,0,0,0,0,0,0
2006-06-15,39489,-38255,0,0,0,0,0,0,0,0,-1234
2006-06-14,29403,-32708,0,0,0,0,0,0,0,0,3305
2006-06-13,11509,-11509,0,0,0,0,0,0,0,0,0
2006-06-12,-78878,78878,0,0,0,0,0,0,0,0,0
2006-06-09,1940,-1810,0,0,0,0,0,0,0,0,-130
2006-06-08,28612,-28742,0,0,0,0,0,0,0,0,130
2006-06-07,-6821,6821,0,0,0,0,0,0,0,0,0
2006-06-05,6288,-6288,0,0,0,0,0,0,0,0,0
2006-06-02,-1855,1855,0,0,0,0,0,0,0,0,0
2006-06-01,4246,-3000,0,0,0,0,0,0,0,0,-1246
2006-05-30,3951,-5197,0,0,0,0,0,0,0,0,1246
2006-05-29,-46156,46156,0,0,0,0,0,0,0,0,0
2006-05-26,1132,-1132,0,0,0,0,0,0,0,0,0
2006-05-25,-741,4519,0,0,0,0,0,0,0,0,-3778
2006-05-24,5342,-5342,0,0,0,0,0,0,0,0,0
2006-05-23,7382,-12356,0,0,0,0,0,0,0,0,4974
2006-05-22,-23041,23042,0,0,0,0,0,0,0,0,-1
2006-05-19,-38191,53191,0,0,0,0,0,0,0,0,0
2006-05-18,6953,-711,0,0,0,0,0,0,0,0,-6242
2006-05-17,-9713,6852,0,0,0,0,0,0,0,0,2861
2006-05-16,-10649,-232,0,0,0,0,0,0,0,0,-4119
2006-05-15,17036,-768,0,0,0,0,0,0,0,0,-3768
2006-05-12,526,1000,0,0,0,0,0,0,0,0,-1526
2006-05-11,-7950,0,0,0,0,0,0,0,0,0,8200
2006-05-10,-4103,0,0,0,0,0,0,0,0,0,4103
2006-05-09,-2450,0,0,0,0,0,0,0,0,0,-50
2006-05-08,4646,-700,0,0,0,0,0,0,0,0,-1446
2006-05-04,20111,0,0,0,0,0,0,0,0,0,-19111
2006-05-03,-24417,700,0,0,0,0,0,0,0,0,20217
2006-05-02,8407,0,0,0,0,0,0,0,0,0,-907
2006-04-28,23890,-21490,0,0,0,0,0,0,0,0,-2400
2006-04-27,-23614,21490,0,0,0,0,0,0,0,0,2124
2006-04-26,-1097,-1000,0,0,0,0,0,0,0,0,2097
2006-04-25,18771,-17630,0,0,0,0,0,0,0,0,-1141
2006-04-24,511024,-510893,0,0,0,0,0,0,0,0,-131
2006-04-21,-20255,10563,0,0,0,0,0,0,0,0,-5808
2006-04-20,-3900,0,0,0,0,0,0,0,0,0,2900
2006-04-19,-4660,0,0,0,0,0,0,0,0,0,4660
2006-04-18,450,0,0,0,0,0,0,0,0,0,-450
2006-04-17,0,0,0,0,0,0,0,0,0,0,0
2006-04-14,0,0,0,0,0,0,0,0,0,0,0
2006-04-13,101355,-625,-20000,0,0,-20000,0,0,0,0,-80730
2006-04-12,308775,-248075,20000,0,0,20000,0,0,0,0,-80700
2006-04-11,382358,-410058,17500,0,0,17500,0,0,0,0,10200
2006-04-10,-103270,8270,99000,0,0,99000,0,0,0,0,-4000
2006-04-07,-10269,1788,0,0,0,0,0,0,0,0,8481
2006-04-06,-27958,0,1700,0,0,1700,0,0,0,0,26258
2006-04-05,-6820,0,0,0,0,0,0,0,0,0,6820
2006-04-04,-3045,-6295,0,0,0,0,0,0,0,0,4840
2006-04-03,55882,4652,-25000,0,0,-25000,0,0,0,0,-26034
2006-03-31,277145,-322027,25000,0,0,25000,0,0,0,0,19882
2006-03-30,425300,-425000,0,0,0,0,0,0,0,0,-500
2006-03-29,115152,-121242,0,0,0,0,0,0,0,0,6090
2006-03-28,460749,-463804,0,0,0,0,0,0,0,0,2155
2006-03-27,22543,-23551,0,0,0,0,0,0,0,0,1008
2006-03-24,-60867,59867,0,0,0,0,0,0,0,0,1000
2006-03-23,263230,-259480,0,0,0,0,0,0,0,0,-7950
2006-03-22,-1497,0,0,0,0,0,0,0,0,0,1497
2006-03-21,257649,-259480,0,0,0,0,0,0,0,0,1831
2006-03-20,2599,0,0,0,0,0,0,0,0,0,-2599
2006-03-17,32191,-34991,0,0,0,0,0,0,0,0,3700
2006-03-16,-35612,34991,0,0,0,0,0,0,0,0,-3379
2006-03-15,1795,-1000,0,0,0,0,0,0,0,0,-795
2006-03-14,-650,0,0,0,0,0,0,0,0,0,650
2006-03-13,8046,0,0,0,0,0,0,0,0,0,-9246
2006-03-10,260,-890,0,0,0,0,0,0,0,0,754
2006-03-09,-11101,0,0,0,0,0,0,0,0,0,10377
2006-03-08,-5758,1000,0,0,0,0,0,0,0,0,4558
2006-03-07,21970,0,0,0,0,0,0,0,0,0,-21970
2006-03-06,5251,0,0,0,0,0,0,0,0,0,12088
2006-03-03,-5026,0,0,0,0,0,0,0,0,0,5026
2006-03-02,-2280,0,0,0,0,0,0,0,0,0,2280
2006-02-28,388278,-381928,0,0,0,0,0,0,0,0,-2350
2006-02-27,-119519,121448,0,0,0,0,0,0,0,0,-1929
2006-02-24,3824,-305,0,0,0,0,0,0,0,0,-3519
2006-02-23,-6079,1000,0,0,0,0,0,0,0,0,5080
2006-02-22,632,0,0,0,0,0,0,0,0,0,-632
2006-02-21,5261,1200,0,0,0,0,0,0,0,0,-6461
2006-02-20,6070,0,0,0,0,0,0,0,0,0,-6070
2006-02-17,2866,0,0,0,0,0,0,0,0,0,-2866
2006-02-16,-5296,0,0,0,0,0,0,0,0,0,5446
2006-02-15,221976,-230229,0,0,0,0,0,0,0,0,8253
2006-02-14,155963,-158991,0,0,0,0,0,0,0,0,2878
2006-02-13,5291,0,0,0,0,0,0,0,0,0,-5291
2006-02-10,-10681,0,0,0,0,0,0,0,0,0,10681
2006-02-09,2000,0,0,0,0,0,0,0,0,0,0
2006-02-08,-1500,0,0,0,0,0,0,0,0,0,-500
2006-02-07,1200,0,0,0,0,0,0,0,0,0,-1200
2006-02-06,300,0,0,0,0,0,0,0,0,0,1700
2006-02-03,-2000,0,0,0,0,0,0,0,0,0,0
2006-02-02,127312,-113170,0,0,0,0,0,0,0,0,-13000
2006-02-01,99670,-100931,0,0,0,0,0,0,0,0,-739
2006-01-31,-22113,17499,0,0,0,0,0,0,0,0,4614
2006-01-27,-6099,-1810,0,0,0,0,0,0,0,0,7909
2006-01-26,-89821,35821,0,0,0,0,0,0,0,0,54000
2006-01-25,168247,-163411,0,0,0,0,0,0,0,0,-4836
2006-01-24,-227766,32232,0,0,0,0,0,0,0,0,195534
2006-01-23,-3572,11572,0,0,0,0,0,0,0,0,-8000
2006-01-20,-9618,22718,0,0,0,0,0,0,0,0,-13100
2006-01-19,-7300,0,0,0,0,0,0,0,0,0,7300
2006-01-18,-4415,0,0,0,0,0,0,0,0,0,4678
2006-01-17,259253,-259480,0,0,0,0,0,0,0,0,2227
2006-01-16,-2013,0,0,0,0,0,0,0,0,0,13
2006-01-13,3100,0,0,0,0,0,0,0,0,0,1900
2006-01-12,7180,0,0,0,0,0,0,0,0,0,-7180
2006-01-11,-10000,-1000,0,0,0,0,0,0,0,0,11000
2006-01-10,5000,0,0,0,0,0,0,0,0,0,-5000
2006-01-09,241980,-258480,0,0,0,0,0,0,0,0,13000
2006-01-06,4500,0,0,0,0,0,0,0,0,0,-3000
2006-01-05,2000,0,0,0,0,0,0,0,0,0,-7000
2006-01-04,-16340,0,0,0,0,0,0,0,0,0,0
2006-01-03,15446,0,-5000,-5000,0,0,0,0,0,0,-10446
