일자,시가,고가,저가,종가,거래량,거래대금,수정주가구분,수정비율
2024-03-13,191100,191200,188300,188400,812716,153833,,
2024-03-12,190700,191200,188400,190500,708580,134576,,
2024-03-11,188200,190900,188200,189900,653165,124041,,
2024-03-08,190000,190700,188000,188000,750757,142003,,
2024-03-07,191200,191500,188200,189000,775759,146867,,
2024-03-06,189000,192800,189000,189800,876283,166888,,
2024-03-05,191800,192800,188700,188700,1096733,208364,,
2024-03-04,194400,197400,192000,192000,1186323,230240,,
2024-02-29,200000,200500,195000,195000,2016957,397064,,
2024-02-28,200500,204000,199700,204000,597421,120373,,
2024-02-27,199900,200500,198700,200000,650795,129862,,
2024-02-26,200000,201500,199500,199900,630834,126298,,
2024-02-23,202500,203000,200000,200500,731357,146816,,
2024-02-22,204000,204500,200500,202000,881700,177987,,
2024-02-21,202000,203500,201000,202500,592041,119871,,
2024-02-20,203500,205500,202000,202500,708867,144088,,
2024-02-19,206500,206500,203000,203500,618150,126017,,
2024-02-16,205500,209000,204000,205000,999143,205912,,
2024-02-15,205000,209500,203500,203500,945641,194797,,
2024-02-14,200500,203500,199300,202500,627951,126590,,
2024-02-13,206500,208000,204500,205000,860778,177300,,
2024-02-08,206500,208000,205000,206000,628984,129754,,
2024-02-07,208000,209500,204000,204500,706209,145825,,
2024-02-06,208000,209000,203500,205500,896400,183988,,
2024-02-05,220500,221500,208000,208000,1721981,363090,,
2024-02-02,209500,221500,208000,221500,1841501,397797,,
2024-02-01,199500,202500,198600,202500,818613,164628,,
2024-01-31,208500,209500,200000,200500,1318605,267032,,
2024-01-30,214000,214500,208000,209500,614246,128853,,
2024-01-29,216500,218000,211500,212000,616505,131915,,
2024-01-26,211500,218500,211500,216500,406869,88143,,
2024-01-25,216000,217000,212500,213500,582265,124605,,
2024-01-24,219000,219500,215500,218000,380731,82857,,
2024-01-23,218000,219500,215500,218000,388908,84617,,
2024-01-22,219000,222500,217000,217000,533513,116756,,
2024-01-19,219000,221500,213500,215500,916193,198301,,
2024-01-18,217000,219500,215000,216500,730722,158374,,
2024-01-17,228500,230500,218500,219000,961856,213976,,
2024-01-16,227500,235500,227000,230000,695734,160921,,
2024-01-15,230000,230500,223500,229500,536029,122094,,
2024-01-12,232000,232500,228000,230500,516678,118930,,
2024-01-11,232500,234500,229500,231500,879647,204400,,
2024-01-10,229500,233500,227000,231000,702562,162105,,
2024-01-09,229500,233000,228500,229500,835945,192639,,
2024-01-08,222000,231500,222000,226500,1054917,240424,,
2024-01-05,222500,224000,219500,220500,387884,85907,,
2024-01-04,221000,225500,220500,223000,538911,120372,,
2024-01-03,223500,224000,220000,222000,690960,153542,,
2024-01-02,222500,229000,221000,227500,716469,161946,,
2023-12-28,224000,224000,221000,224000,525435,117082,,
2023-12-27,216000,223000,215500,223000,609910,134276,4,0.00
2023-12-26,216500,217500,215000,215500,458545,99074,,
2023-12-22,218500,219000,215000,215000,571741,123873,,
2023-12-21,218500,220000,215500,216500,844340,183270,,
2023-12-20,224000,225500,219500,220500,874344,194090,,
2023-12-19,222500,224500,221000,222500,497403,110638,,
2023-12-18,226000,226500,222000,223000,555176,123838,,
2023-12-15,223000,226500,222000,226000,899325,202598,,
2023-12-14,218500,225000,217000,223000,1761941,391128,,
2023-12-13,212000,215500,212000,213500,435945,93264,,
2023-12-12,216500,219500,212500,213500,710270,152571,,
2023-12-11,218500,220500,215000,217500,513760,111648,,
2023-12-08,215500,219000,215000,217500,685720,149070,,
2023-12-07,214000,215000,210000,212500,521170,110867,,
2023-12-06,214000,215500,212500,213500,494143,105736,,
2023-12-05,210000,216500,209500,213000,890514,189990,,
2023-12-04,208000,214000,207500,210500,706500,148872,,
2023-12-01,208000,210000,204000,206000,542598,112346,,
2023-11-30,206500,209500,206500,208000,642304,133660,,
2023-11-29,208500,209000,205500,207500,496563,102977,,
2023-11-28,208000,210000,204500,207500,550801,114063,,
2023-11-27,205500,211000,205000,206000,538210,111663,,
2023-11-24,205500,207500,204000,205500,335280,68832,,
2023-11-23,206500,208000,204500,205500,345224,71169,,
2023-11-22,202500,207500,200500,207500,357391,73212,,
2023-11-21,205000,207500,204000,204500,463033,95133,,
2023-11-20,200500,203500,200000,202500,272327,55131,,
2023-11-17,203000,204000,200000,202000,406874,82233,,
2023-11-16,204000,204500,200500,203000,425403,85988,,
2023-11-15,203500,206000,202000,205500,846436,173065,,
2023-11-14,194100,198900,194000,198600,478385,94267,,
2023-11-13,197400,199000,192500,192600,499910,97438,,
2023-11-10,196300,198500,193500,194700,674585,131666,,
2023-11-09,197100,200500,196000,198200,592942,117641,,
2023-11-08,200000,202000,197400,197400,586525,116762,,
2023-11-07,202500,204000,197600,200500,782666,156755,,
2023-11-06,204500,207500,200000,205500,1000560,202940,,
2023-11-03,195800,200500,193100,200500,1272388,252316,,
2023-11-02,191100,192700,190300,190800,633508,121178,,
2023-11-01,190000,191600,187000,187700,511161,96487,,
2023-10-31,191000,192700,186700,187400,823369,155397,,
2023-10-30,184100,187200,183000,186100,392043,72737,,
2023-10-27,183400,186300,182500,185400,520566,96097,,
2023-10-26,184000,186800,181300,181900,757629,138726,,
2023-10-25,189900,191200,184800,189100,802846,150605,,
2023-10-24,181500,187100,180100,187000,802790,147299,,
2023-10-23,179300,182200,178200,178300,446010,80187,,
2023-10-20,178400,181600,178000,180200,579075,103996,,
2023-10-19,183100,183600,180700,181400,789241,143539,,
2023-10-18,188400,190000,185500,186300,531306,99480,,
2023-10-17,191500,192800,188500,188500,512662,97190,,
2023-10-16,190500,192000,188400,189700,568781,107813,,
2023-10-13,191700,193700,190900,191800,368249,70838,,
2023-10-12,193700,194900,191500,193600,570782,110291,,
2023-10-11,194000,195800,192800,193000,603727,116964,,
2023-10-10,192800,196300,189800,191200,627779,121164,,
2023-10-06,189300,192300,189200,190900,403501,76939,,
2023-10-05,192500,193800,189000,189400,622759,118946,,
2023-10-04,196000,198100,191200,191200,1163452,226121,,
2023-09-27,198000,202500,197600,201500,419270,83937,,
2023-09-26,207000,207500,200000,201000,660374,133283,,
2023-09-25,209000,211500,206000,206500,490044,101866,,
2023-09-22,206500,210000,206000,208000,485769,101107,,
2023-09-21,215000,216500,210000,210000,685787,145561,,
2023-09-20,219000,221500,216500,217500,374274,81704,,
2023-09-19,222000,222000,219000,219500,448589,98884,,
2023-09-18,227000,229000,221500,221500,720909,162201,,
2023-09-15,225000,230000,224500,229500,1162871,265087,,
2023-09-14,223000,226000,220500,225500,990793,221989,,
2023-09-13,220000,222000,215500,222000,923349,202362,,
2023-09-12,213500,222500,213000,219500,1284472,280076,,
2023-09-11,214000,214500,210000,211500,724040,153198,,
2023-09-08,218000,218000,212500,215000,595117,127732,,
2023-09-07,216000,222000,214500,216500,1234068,268984,,
2023-09-06,210500,214500,207500,214000,808331,170374,,
2023-09-05,211500,213000,209500,212000,390882,82527,,
2023-09-04,213500,214000,207500,211500,660388,138877,,
2023-09-01,215000,215500,212000,214500,569772,121795,,
2023-08-31,217500,219000,213000,214500,808546,173582,,
2023-08-30,221000,222000,216500,217500,600149,131189,,
2023-08-29,213500,218500,213500,218000,805948,174417,,
2023-08-28,213000,213500,210000,213500,695518,147464,,
2023-08-25,221500,222000,210500,211000,2072800,445537,,
2023-08-24,221000,235000,218500,229000,3013711,686839,,
2023-08-23,222000,222000,215500,215500,868139,188325,,
2023-08-22,218000,224500,217000,221000,1005692,222432,,
2023-08-21,213000,218000,213000,214500,691652,149181,,
2023-08-18,213500,217500,211000,212500,886686,189097,,
2023-08-17,221000,222000,216000,218000,880587,192114,,
2023-08-16,219500,225500,218000,222500,943493,209921,,
2023-08-14,222500,224500,220500,221000,572079,126952,,
2023-08-11,227000,231500,222000,222000,939248,211344,,
2023-08-10,223500,225000,220000,225000,928409,206705,,
2023-08-09,225000,232500,224000,227500,1277473,291434,,
2023-08-08,241000,241500,223000,223000,1933999,444767,,
2023-08-07,226500,241500,225000,234500,3055268,720914,,
2023-08-04,230500,235500,220000,223500,2561625,579380,,
2023-08-03,226500,227500,219000,223000,1430439,318355,,
2023-08-02,235000,235000,226000,227500,1388773,319001,,
2023-08-01,232500,239500,230500,233000,3102468,731182,,
2023-07-31,214500,228000,212500,227000,2725703,608127,,
2023-07-28,211500,212500,206000,211000,952122,199519,,
2023-07-27,197500,212000,197000,211500,1442727,299082,,
2023-07-26,201500,202500,194900,197700,1068784,211699,,
2023-07-25,202000,203500,199300,201000,661241,132556,,
2023-07-24,205500,206500,201500,203000,662414,134678,,
2023-07-21,202500,206500,200500,206000,629745,128605,,
2023-07-20,202500,208500,202500,204500,578731,118765,,
2023-07-19,209500,209500,204500,204500,687227,141717,,
2023-07-18,205500,209500,204500,209000,803341,166806,,
2023-07-17,206000,207000,202500,206500,705819,145205,,
2023-07-14,202000,204500,200500,204500,739825,150326,,
2023-07-13,204500,206500,199500,199700,941626,189726,,
2023-07-12,197400,202500,195700,202000,865666,172367,,
2023-07-11,196700,197600,194600,197400,524208,102886,,
2023-07-10,195000,196300,192700,193200,509523,98909,,
2023-07-07,195600,197300,193800,195000,832803,162685,,
2023-07-06,185500,196200,185500,195500,1503767,291223,,
2023-07-05,188000,190200,186500,186500,686759,129219,,
2023-07-04,188200,190200,186700,188700,491576,92643,,
2023-07-03,182800,190600,182800,189300,869777,163801,,
2023-06-30,183300,184500,180600,182800,683584,124515,,
2023-06-29,183800,186200,183400,183400,578195,106807,4,0.00
2023-06-28,187500,188100,182800,184800,717140,132329,,
2023-06-27,188000,188000,184100,185900,877288,163127,,
2023-06-26,187700,191200,187600,188900,489487,92747,,
2023-06-23,191500,192000,188900,188900,689964,130988,,
2023-06-22,189400,193200,189300,191300,580244,111062,,
2023-06-21,199100,199200,189900,189900,1358963,260781,,
2023-06-20,199500,201000,197900,198500,437974,87185,,
2023-06-19,202500,202500,198500,198600,669785,133823,,
2023-06-16,202500,204500,202000,202500,751013,152493,,
2023-06-15,200000,202500,199900,200500,557684,112241,,
2023-06-14,201000,202000,198300,199200,666340,133025,,
2023-06-13,202000,203000,199600,201000,565013,113504,,
2023-06-12,202500,203500,199700,200500,417698,83979,,
2023-06-09,202000,205000,200500,200500,546093,109979,,
2023-06-08,203000,203500,200000,200500,717690,144260,,
2023-06-07,206500,208000,204000,205000,553505,113754,,
2023-06-05,205500,206500,204000,204500,428762,87918,,
2023-06-02,204500,205000,202500,204500,405330,82744,,
2023-06-01,199900,204000,199900,204000,547388,110974,,
2023-05-31,201500,203000,199100,199500,993582,198857,,
2023-05-30,205000,205000,200500,201500,609318,123248,,
2023-05-26,204500,207000,202500,202500,505880,103168,,
2023-05-25,202500,207500,202500,206000,791642,162235,,
2023-05-24,208000,209500,202500,203000,1210194,248281,,
2023-05-23,215500,216000,211500,212000,550247,117082,,
2023-05-22,215500,218000,214000,215000,534887,115474,,
2023-05-19,214000,217000,212500,216500,870698,187589,,
2023-05-18,213500,214000,210000,212500,378470,80225,,
2023-05-17,207500,214000,207500,213000,538104,114046,,
2023-05-16,212500,213500,207000,207500,528940,110567,,
2023-05-15,212000,213500,207500,212000,584184,123246,,
2023-05-12,212000,214000,210000,213500,666880,142028,,
2023-05-11,213000,216000,210500,211000,825757,175421,,
2023-05-10,211000,212500,206500,210000,763447,160235,,
2023-05-09,209000,214500,208500,211000,1855368,393085,,
2023-05-08,200500,207500,198200,207000,2034862,414445,,
2023-05-04,191100,197300,189000,196100,900385,174280,,
2023-05-03,191800,193400,191300,192600,448203,86299,,
2023-05-02,192200,193200,191400,193200,491178,94522,,
2023-04-28,190000,193400,190000,192300,902999,173345,,
2023-04-27,188000,189400,186500,188200,470891,88332,,
2023-04-26,185800,190900,185700,188100,671910,126652,,
2023-04-25,190000,191200,186000,186100,778485,146080,,
2023-04-24,189000,191800,188500,190000,469050,89065,,
2023-04-21,191500,192100,190100,190300,479007,91303,,
2023-04-20,191600,192700,189900,191600,581315,111276,,
2023-04-19,192400,192500,191400,191400,612192,117371,,
2023-04-18,196100,196900,191500,192800,1022386,197166,,
2023-04-17,199000,199300,196300,197000,556371,109664,,
2023-04-14,198700,200500,197000,199000,964852,192128,,
2023-04-13,196200,198800,195600,196400,727674,143043,,
2023-04-12,199300,200500,196900,198000,700638,138647,,
2023-04-11,193300,200000,193300,199900,1137837,224401,,
2023-04-10,193300,193700,190500,193000,783772,150813,,
2023-04-07,193000,195400,192900,193400,531141,103063,,
2023-04-06,198200,198300,191900,191900,1409355,273016,,
2023-04-05,201000,202500,199100,199200,485125,97168,,
2023-04-04,198200,201000,198100,201000,575220,114958,,
2023-04-03,203500,204500,198100,198200,794745,158979,,
2023-03-31,203500,203500,199100,202000,937726,188789,,
2023-03-30,200500,201000,198100,201000,788108,157656,,
2023-03-29,198000,201000,198000,199100,442034,87966,,
2023-03-28,199600,201000,197800,199500,586388,116775,,
2023-03-27,201500,202000,198200,199300,611569,121929,,
2023-03-24,204500,204500,200500,202500,599102,121087,,
2023-03-23,204000,205000,202000,204000,607503,123675,,
2023-03-22,203500,207500,203000,207000,655503,134407,,
2023-03-21,202500,203500,200000,200500,403322,81071,,
2023-03-20,198000,204000,198000,201500,602589,121586,,
2023-03-17,201000,202000,197200,198000,778496,154733,,
2023-03-16,193600,198400,192100,197100,708127,139022,,
2023-03-15,200000,201000,194500,196400,838555,165201,,
2023-03-14,200000,202000,196000,196000,776395,153758,,
2023-03-13,199800,203000,194600,202500,1035513,205819,,
2023-03-10,198000,201000,197800,199800,854741,170284,,
2023-03-09,204500,206000,202000,202000,760330,154315,,
2023-03-08,208500,209000,202000,202500,1027023,209639,,
2023-03-07,214000,214500,210500,211000,640146,135703,,
2023-03-06,208500,214500,208500,214500,1052243,223128,,
2023-03-03,207500,210500,205500,205500,729689,151737,,
2023-03-02,207500,209500,205000,206000,817689,169312,,
2023-02-28,209500,212000,207500,208500,848323,177496,,
2023-02-27,204000,209000,204000,208000,930467,192219,,
2023-02-24,213500,214000,207000,208000,851405,178205,,
2023-02-23,212000,214500,211000,213500,563669,120009,,
2023-02-22,211500,213500,210500,211500,820639,173884,,
2023-02-21,220500,220500,215000,215500,646501,139830,,
2023-02-20,215500,220000,213500,219000,571053,124386,,
2023-02-17,216000,219000,212000,215500,904481,195378,,
2023-02-16,218000,222500,218000,220500,959443,211852,,
2023-02-15,224500,224500,215000,215500,1424562,310306,,
2023-02-14,226500,228500,223000,224000,745937,167898,,
2023-02-13,231000,231000,220500,223000,1308899,293556,,
2023-02-10,226000,230500,222000,230000,1412939,319937,,
2023-02-09,224500,230500,224000,230000,1575905,358425,,
2023-02-08,224500,232000,224000,230500,1777709,406772,,
2023-02-07,216000,220500,215000,219500,1041746,227368,,
2023-02-06,221000,224500,215500,215500,1390741,305466,,
2023-02-03,214000,225500,210500,223500,3065767,677850,,
2023-02-02,213000,213500,210500,211500,1245591,264142,,
2023-02-01,204500,208500,202500,205500,860204,176353,,
2023-01-31,206000,208500,202000,202500,1076468,220320,,
2023-01-30,212000,214000,206500,207000,1204050,251662,,
2023-01-27,204500,211500,202000,211500,1212987,252900,,
2023-01-26,202500,204000,199900,204000,873219,176493,,
2023-01-25,200500,203500,199600,202000,988822,199404,,
2023-01-20,195500,201000,195000,196000,787881,155776,,
2023-01-19,194000,196500,192500,196000,475600,92616,,
2023-01-18,194000,196000,193000,195500,518929,100919,,
2023-01-17,201000,201000,193500,193500,976576,191481,,
2023-01-16,197000,201000,195000,200500,846276,168764,,
2023-01-13,196000,200500,195000,195000,869459,171693,,
2023-01-12,198000,199000,194000,194000,797343,155598,,
2023-01-11,197500,200500,194500,195000,1030650,202268,,
2023-01-10,193000,196000,190500,193000,839225,162224,,
2023-01-09,189500,196500,189000,196500,1115201,215481,,
2023-01-06,185500,187000,182500,185000,741129,137034,,
2023-01-05,184500,190000,184000,186000,1107483,207512,,
2023-01-04,177000,183500,177000,182500,792920,143922,,
2023-01-03,177000,179500,173500,178500,573137,101144,,
2023-01-02,179500,180000,176000,179500,438162,78054,,
2022-12-29,180000,185000,177500,177500,656658,118186,,
2022-12-28,179000,183500,178000,180000,580495,104938,4,0.00
2022-12-27,179500,182500,179000,181000,492232,88793,,
2022-12-26,178500,180500,177000,178500,350843,62675,,
2022-12-23,180500,182000,178000,178000,613209,109970,,
2022-12-22,182000,185500,180500,184500,466951,85482,,
2022-12-21,182500,183000,180000,180000,302976,54874,,
2022-12-20,182000,184000,179000,180500,625022,113353,,
2022-12-19,179500,184000,179500,183500,574398,104572,,
2022-12-16,178000,182500,177500,180500,913806,164592,,
2022-12-15,191000,191000,182500,182500,1270685,236035,,
2022-12-14,194000,195000,191500,193500,708760,136961,,
2022-12-13,195500,197000,191000,193000,692706,133842,,
2022-12-12,192500,196500,190500,193000,652814,126128,,
2022-12-09,187500,195000,187000,195000,1081470,208177,,
2022-12-08,184000,186500,181500,185500,709428,131169,,
2022-12-07,183000,187500,182500,183500,646753,119705,,
2022-12-06,189500,190000,185000,185500,877534,163770,,
2022-12-05,187000,195000,186500,191500,1224361,235936,,
2022-12-02,188000,190500,185500,185500,796841,149441,,
2022-12-01,194500,195000,187500,187500,1218297,233328,,
2022-11-30,181500,187000,180500,187000,880333,163075,,
2022-11-29,178500,183500,178500,182500,481120,87501,,
2022-11-28,184000,184500,180500,180500,550985,100022,,
2022-11-25,187000,189000,185000,185000,440351,82198,,
2022-11-24,183000,188000,182500,188000,969322,180407,,
2022-11-23,184000,186000,181000,181500,780342,142769,,
2022-11-22,181500,184500,179500,180500,631550,114620,,
2022-11-21,186000,187500,181000,182500,614738,112629,,
2022-11-18,187500,190000,184500,185500,784241,146619,,
2022-11-17,188000,189500,186500,188000,825254,155262,,
2022-11-16,194000,194500,187000,189500,1156594,219231,,
2022-11-15,190000,192500,188000,192000,889734,169572,,
2022-11-14,194000,194500,188000,188500,1776156,339414,,
2022-11-11,189000,196500,186000,193500,3312709,634376,,
2022-11-10,177500,180000,176000,176000,975484,172921,,
2022-11-09,178500,183000,177500,180000,1596245,288597,,
2022-11-08,172000,179000,171000,177500,2549625,449446,,
2022-11-07,177000,178000,168000,169000,2128304,366316,,
2022-11-04,167500,174500,167500,174000,1248339,215786,,
2022-11-03,168500,170500,166000,169000,1017930,171357,,
2022-11-02,170000,177000,169000,174000,1585072,276078,,
2022-11-01,168000,171000,166500,170500,768757,129998,,
2022-10-31,163500,170500,161500,169500,1585289,265166,,
2022-10-28,158000,161000,157000,160000,777329,123988,,
2022-10-27,159000,162000,156000,161000,1058992,169205,,
2022-10-26,165000,165000,159000,159500,1352211,218274,,
2022-10-25,164500,167000,164000,165500,547041,90585,,
2022-10-24,169000,170000,163000,164000,888373,147733,,
2022-10-21,165000,168000,164000,166000,749769,124490,,
2022-10-20,168000,168500,163000,168500,1098598,182613,,
2022-10-19,172500,173500,168500,168500,1172766,199987,,
2022-10-18,170500,173000,169000,172500,1414552,242594,,
2022-10-17,162500,168000,160500,167000,1436527,237067,,
2022-10-14,163500,168500,163000,165500,1568930,260614,,
2022-10-13,160500,161000,155000,158500,1487183,234805,,
2022-10-12,158500,164500,158000,162000,1515631,245057,,
2022-10-11,156500,159500,156000,158500,1835014,289026,,
2022-10-07,164000,167500,159500,160000,2596863,420928,,
2022-10-06,163500,169000,163000,167000,3477299,579928,,
2022-10-05,170500,176000,164000,164000,6634375,1116428,,
2022-10-04,192000,192000,175500,176500,3753785,681177,,
2022-09-30,191500,198000,190500,193500,924294,179743,,
2022-09-29,203000,205000,196000,196500,612278,122938,4,0.00
2022-09-28,202500,203500,198000,200500,579635,115871,,
2022-09-27,202500,206000,199000,204500,641394,129697,,
2022-09-26,205500,208000,204000,204500,513342,105446,,
2022-09-23,207500,212500,207500,210500,655441,137677,,
2022-09-22,207500,209500,204000,206500,693460,143248,,
2022-09-21,216500,217000,212000,213000,493972,105538,,
2022-09-20,220500,222000,218000,218000,240498,52730,,
2022-09-19,219500,221000,217000,218000,502182,109614,,
2022-09-16,221500,223000,219500,220000,777712,171752,,
2022-09-15,231000,231000,225500,225500,525459,119408,,
2022-09-14,228500,231000,226000,230000,552863,126271,,
2022-09-13,236000,239500,235500,238500,510894,121612,,
2022-09-08,233000,234500,228500,231500,542651,125713,,
2022-09-07,233500,233500,228000,231500,480805,110586,,
2022-09-06,237500,237500,233500,235000,240015,56415,,
2022-09-05,233500,238000,233500,236000,327916,77288,,
2022-09-02,237500,239000,232500,234000,374672,88117,,
2022-09-01,236000,238000,233000,236000,410984,96557,,
2022-08-31,234500,240500,232500,240000,424718,100955,,
2022-08-30,234500,239500,234500,238000,306143,72623,,
2022-08-29,232500,235500,231500,234000,610295,142270,,
2022-08-26,246000,246500,241500,242000,306637,74743,,
2022-08-25,243000,248500,242000,244500,347778,85345,,
2022-08-24,242000,243500,240500,241500,344838,83245,,
2022-08-23,243500,244500,240000,241000,400035,96856,,
2022-08-22,245000,247000,241500,245500,340467,83327,,
2022-08-19,250500,251000,246000,248000,382703,94968,,
2022-08-18,254000,256000,249000,250000,788467,198256,,
2022-08-17,259000,260000,254500,258000,433453,111654,,
2022-08-16,268500,269000,258000,259500,864710,225691,,
2022-08-12,267500,269500,265000,265500,402713,107088,,
2022-08-11,269500,271000,266000,267500,517715,138698,,
2022-08-10,262500,266000,261000,262000,317975,83423,,
2022-08-09,261000,267000,259500,265000,529474,139420,,
2022-08-08,261000,261500,257000,258500,940226,243470,,
2022-08-05,277500,281000,265500,267000,949836,257239,,
2022-08-04,272500,278000,271000,273500,960547,263195,,
2022-08-03,256000,271000,255000,269000,831121,221525,,
2022-08-02,260500,260500,254000,259000,551218,141672,,
2022-08-01,260500,261500,256500,259000,532517,137976,,
2022-07-29,252000,262000,251500,259000,1105156,285999,,
2022-07-28,251000,255000,245500,247000,564324,140892,,
2022-07-27,247500,247500,241000,246000,576997,141183,,
2022-07-26,244500,245000,240500,245000,432397,105057,,
2022-07-25,248000,249000,244000,248000,380368,93848,,
2022-07-22,250000,253500,247000,250000,465586,116509,,
2022-07-21,248500,256500,246500,250500,567875,143177,,
2022-07-20,251000,253500,244500,246000,635582,158623,,
2022-07-19,242500,244000,240000,243500,350932,85007,,
2022-07-18,234000,247000,233000,246500,986963,239420,,
2022-07-15,234500,234500,228000,231000,826920,190631,,
2022-07-14,232000,236000,231000,233500,611226,142584,,
2022-07-13,232000,239000,232000,237500,451619,106835,,
2022-07-12,236500,237500,230500,233500,601679,139981,,
2022-07-11,246000,248000,238500,240500,554603,134603,,
2022-07-08,247000,252500,246000,249000,652395,162485,,
2022-07-07,246000,249000,243000,245000,547620,134299,,
2022-07-06,240000,249500,236500,243500,875386,214620,,
2022-07-05,238500,248500,237000,243000,654854,159394,,
2022-07-04,237500,240000,230500,235000,512776,120383,,
2022-07-01,240000,242500,233500,237000,527033,124814,,
2022-06-30,241500,245000,236500,240000,764891,184133,,
2022-06-29,246500,249000,244500,246500,464699,114555,,
2022-06-28,248500,253000,246000,252500,460119,115089,,
2022-06-27,247500,253500,244500,249000,634239,158347,,
2022-06-24,238500,250000,236000,247500,990710,241851,,
2022-06-23,229000,239500,229000,234000,894526,209532,,
2022-06-22,239500,239500,227000,229000,894578,206192,,
2022-06-21,236000,241500,234500,239500,526317,125525,,
2022-06-20,239500,241000,230000,234000,719666,167863,,
2022-06-17,232500,241500,232500,237500,990192,235419,,
2022-06-16,249000,251000,239500,240000,737844,179794,,
2022-06-15,250000,252000,241500,244500,751618,183981,,
2022-06-14,246000,255500,245000,253000,731127,182999,,
2022-06-13,262000,263000,254000,254000,928643,239293,,
2022-06-10,269000,274500,268500,270000,497525,134773,,
2022-06-09,275500,277500,269000,273000,753205,205372,,
2022-06-08,279500,280000,274500,278000,400681,111250,,
2022-06-07,282500,284000,276000,278000,660801,184437,,
2022-06-03,293500,294500,286000,287500,470483,136624,,
2022-06-02,290500,291000,284000,290000,608586,175145,,
2022-05-31,281500,289500,277500,288000,1515701,434458,,
2022-05-30,274000,282500,273500,281000,751170,209793,,
2022-05-27,271000,272000,268500,270000,481191,130077,,
2022-05-26,269500,272500,266000,266000,541194,145411,,
2022-05-25,266500,268500,262500,266000,533307,141872,,
2022-05-24,275000,275500,266000,266000,574617,154581,,
2022-05-23,275000,278000,273500,277500,317519,87702,,
2022-05-20,270000,277000,269000,275000,468832,128270,,
2022-05-19,268500,273000,266500,271500,625683,168844,,
2022-05-18,279500,280500,275000,276500,536493,148865,,
2022-05-17,273500,276000,272000,275500,430794,118408,,
2022-05-16,278000,279000,273000,273500,385763,106106,,
2022-05-13,272000,275000,269500,274500,474153,129232,,
2022-05-12,273500,276000,270000,270000,611860,166454,,
2022-05-11,273500,279000,273000,279000,473201,130915,,
2022-05-10,269000,277500,269000,276000,732705,200871,,
2022-05-09,269500,277000,269000,275000,538607,147795,,
2022-05-06,272500,275000,268000,272000,787063,213273,,
2022-05-04,282000,287000,279500,282000,394212,111233,,
2022-05-03,280500,284000,280000,282000,419535,118390,,
2022-05-02,281000,282500,279000,281000,509250,142651,,
2022-04-29,282500,287500,281500,286500,540274,153821,,
2022-04-28,286000,286000,278500,280500,547958,154063,,
2022-04-27,279500,282000,277000,280500,875090,244505,,
2022-04-26,288500,291500,285000,287000,804555,231616,,
2022-04-25,292500,295000,288000,288500,823308,239262,,
2022-04-22,302000,304000,299500,300000,1166406,350369,,
2022-04-21,310500,311000,306000,309500,803990,248215,,
2022-04-20,315500,317000,312000,315500,496286,156121,,
2022-04-19,308000,314000,307500,312000,371024,115444,,
2022-04-18,306000,308000,305000,306500,209787,64276,,
2022-04-15,309000,314000,305500,308500,369642,114203,,
2022-04-14,311500,315500,308500,313000,459979,143766,,
2022-04-13,306000,311500,304000,310500,519629,159935,,
2022-04-12,306000,311000,305000,308500,467984,143568,,
2022-04-11,311000,313000,308000,313000,507362,157176,,
2022-04-08,322000,324500,311500,316500,626173,197400,,
2022-04-07,323000,328500,321000,321000,493204,159318,,
2022-04-06,336500,338000,329000,330000,647201,215525,,
2022-04-05,340500,343000,338000,342500,389951,132760,,
2022-04-04,335500,339000,332000,338000,283687,95338,,
2022-04-01,340000,340500,335500,335500,446987,150555,,
2022-03-31,341500,342000,338500,340500,427064,145424,,
2022-03-30,342000,342000,337000,339000,454373,154228,,
2022-03-29,334500,338000,332000,334000,323767,108381,,
2022-03-28,329500,332500,324000,331500,356589,117390,,
2022-03-25,339500,340000,332500,333000,559026,186974,,
2022-03-24,339500,342000,335000,340000,528012,178229,,
2022-03-23,343000,347500,341500,345500,504911,173753,,
2022-03-22,340000,341000,336000,339500,301259,102136,,
2022-03-21,347500,347500,336000,339000,398441,135399,,
2022-03-18,345000,346500,341500,344500,722326,248867,,
2022-03-17,337500,348000,337500,344500,1070200,368632,,
2022-03-16,333500,334000,324000,330500,584708,192295,,
2022-03-15,328500,335000,326000,327500,627012,207069,,
2022-03-14,328500,338000,325000,329000,679812,224916,,
2022-03-11,330000,332000,323000,329000,737003,241044,,
2022-03-10,319000,337000,316000,330500,1521280,502345,,
2022-03-08,302000,309500,301500,304500,559921,171093,,
2022-03-07,309000,309500,305000,307000,535033,164297,,
2022-03-04,325500,326000,317000,317500,445607,142456,,
2022-03-03,319000,327000,318500,325500,580888,188682,,
2022-03-02,319000,319500,312000,317000,546099,173109,,
2022-02-28,312000,318500,310500,318000,542469,171204,,
2022-02-25,308000,317500,305000,314500,857872,267936,,
2022-02-24,305000,306000,300000,302500,666538,201503,,
2022-02-23,316000,316500,308500,309000,443348,137585,,
2022-02-22,309500,313000,308000,313000,484404,150306,,
2022-02-21,311000,318500,308000,318000,550016,172504,,
2022-02-18,319500,320000,315500,318000,549382,174480,,
2022-02-17,325000,328000,319000,324500,481773,156613,,
2022-02-16,322500,325500,320000,324500,447832,144682,,
2022-02-15,325000,325500,316000,318500,335584,107442,,
2022-02-14,326000,327000,318000,322000,424845,136939,,
2022-02-11,326500,330500,323500,327500,450896,147578,,
2022-02-10,326500,337500,326500,331500,701866,233901,,
2022-02-09,324000,327000,322000,326000,377538,122523,,
2022-02-08,329000,329500,320000,322000,427530,138555,,
2022-02-07,328500,329000,320500,327000,492656,160095,,
2022-02-04,321500,329500,321000,327500,548945,179262,,
2022-02-03,325500,326000,320000,320500,884438,285968,,
2022-01-28,297000,311000,297000,310000,974351,297142,,
2022-01-27,307000,315500,303000,303000,949565,292134,,
2022-01-26,318500,321000,312000,313000,811297,255362,,
2022-01-25,329500,331500,318000,322000,799996,257971,,
2022-01-24,333000,334000,327500,328500,494977,163283,,
2022-01-21,330500,340500,330000,333000,580928,194092,,
2022-01-20,331000,336500,326500,335000,695553,230148,,
2022-01-19,330000,334000,328000,332500,749338,247649,,
2022-01-18,346500,348000,335500,338000,441573,150024,,
2022-01-17,340500,346500,339500,343500,418789,143604,,
2022-01-14,341000,342500,335500,342000,504907,171404,,
2022-01-13,348000,352000,344000,348000,677226,236323,,
2022-01-12,339500,352500,339500,345500,1047713,364058,,
2022-01-11,336000,344500,334500,335000,805084,272271,,
2022-01-10,339000,339500,329000,335000,828611,276479,,
2022-01-07,338000,343500,337000,338000,787839,267513,,
2022-01-06,348500,349500,337500,338500,1280916,438426,,
2022-01-05,362000,362000,352000,355000,1151703,409304,,
2022-01-04,376000,376000,365000,365500,803676,295845,,
2022-01-03,379000,381000,375500,376000,378920,142954,,
2021-12-30,381000,382000,376000,378500,369314,139545,,
2021-12-29,389000,389000,382000,382000,352409,135292,4,0.00
2021-12-28,380000,385500,378000,384500,551228,210627,,
2021-12-27,384500,384500,380000,380500,226757,86464,,
2021-12-24,378000,388000,378000,384000,412695,158903,,
2021-12-23,379500,380500,374500,378000,354342,133398,,
2021-12-22,376000,380000,375500,378500,263513,99580,,
2021-12-21,370000,379000,370000,375000,480367,180308,,
2021-12-20,381500,383000,373000,373000,630690,236774,,
2021-12-17,387000,387500,383500,384500,505284,194507,,
2021-12-16,389500,395500,384500,387500,543865,210995,,
2021-12-15,387000,390000,387000,387500,290339,112691,,
2021-12-14,388500,392500,387000,392000,322068,125506,,
2021-12-13,398000,398000,390000,390500,346330,136198,,
2021-12-10,394000,396500,393500,395000,224452,88609,,
2021-12-09,397000,399500,394000,399500,748143,297838,,
2021-12-08,395000,399500,394000,395000,534080,205516,,
2021-12-07,390500,392500,388500,391000,384366,149994,,
2021-12-06,400500,400500,389500,392000,456773,179249,,
2021-12-03,397500,402000,394500,402000,501099,200205,,
2021-12-02,382500,399000,382000,398500,613006,241738,,
2021-12-01,385000,392500,382000,390000,548840,212994,,
2021-11-30,391000,392500,381000,381000,1103481,423328,,
2021-11-29,386500,391500,382500,386500,457264,177252,,
2021-11-26,394000,395500,388000,389500,473540,184920,,
2021-11-25,400000,401000,395500,397000,323058,128517,,
2021-11-24,399000,401000,392000,395000,554151,219240,,
2021-11-23,401000,405000,399500,400000,682033,273487,,
2021-11-22,403000,411500,400500,410000,555854,225800,,
2021-11-19,407000,410000,404000,404000,415847,168844,,
2021-11-18,403500,413000,402000,407000,729079,297629,,
2021-11-17,406000,406500,399000,401000,540444,216815,,
2021-11-16,410000,412500,405000,405500,490783,199916,,
2021-11-15,409000,412500,408000,411000,331770,136229,,
2021-11-12,407500,412500,403500,409000,412100,168322,,
2021-11-11,411000,413000,405000,407000,566739,231045,,
2021-11-10,415500,419000,411000,414500,414599,171906,,
2021-11-09,409500,419000,408500,417500,542759,225068,,
2021-11-08,414500,415500,405500,408000,365376,149425,,
2021-11-05,411500,415000,405000,410500,309468,126495,,
2021-11-04,409500,415500,406500,411500,537599,221702,,
2021-11-03,410000,411000,400000,402500,366530,148047,,
2021-11-02,409500,414500,409000,410000,352579,144799,,
2021-11-01,407000,411500,404000,408500,337049,137638,,
2021-10-29,413000,414500,405500,407000,472080,192908,,
2021-10-28,419000,419500,411500,413000,494766,205504,,
2021-10-27,415000,419000,411500,414500,497113,206259,,
2021-10-26,402500,413500,402500,412500,471083,193167,,
2021-10-25,408500,413000,401500,402500,461889,186872,,
2021-10-22,411500,411500,402500,407500,395564,160321,,
2021-10-21,407500,412000,404000,410500,482389,196716,,
2021-10-20,411500,417000,407000,407500,591636,243820,,
2021-10-19,400000,408000,398500,407500,560257,226717,,
2021-10-18,395000,399500,389000,396500,448726,177800,,
2021-10-15,400000,400000,392000,393500,444506,175660,,
2021-10-14,387500,396000,385500,395000,689827,271716,,
2021-10-13,372500,383000,372000,382000,612239,232431,,
2021-10-12,384500,387000,372000,372000,817135,306984,,
2021-10-08,397500,397500,388000,388500,542514,211929,,
2021-10-07,380500,394000,378000,393500,832068,324428,,
2021-10-06,373000,383500,371500,373000,826716,310559,,
2021-10-05,378500,380000,370000,370500,828794,309457,,
2021-10-01,388500,389500,381500,382000,402239,154540,,
2021-09-30,383000,390000,381000,388000,611128,236266,,
2021-09-29,380500,390000,380000,387000,664216,255577,,
2021-09-28,399500,400000,391000,392500,857556,337447,,
2021-09-27,406000,407500,401000,403000,455667,184157,,
2021-09-24,398500,406000,398000,405500,574341,231508,,
2021-09-23,400500,401500,397500,400000,615295,245614,,
2021-09-17,404500,405000,397500,403000,558566,224377,,
2021-09-16,405000,410000,401000,402000,614987,248682,,
2021-09-15,403000,409500,400000,400500,730616,294741,,
2021-09-14,403500,406500,393500,402500,1636660,651685,,
2021-09-13,405000,414000,402500,408000,771749,314256,,
2021-09-10,398000,416500,398000,410000,1326870,543277,,
2021-09-09,400500,406000,396000,399000,1972500,789692,,
2021-09-08,437500,439000,408000,409500,2470864,1029181,,
2021-09-07,450500,453000,444000,444500,356293,159366,,
2021-09-06,452500,454500,445500,454000,368743,166094,,
2021-09-03,442500,452500,441000,452500,646199,290580,,
2021-09-02,445500,448500,439500,442500,431529,191412,,
2021-09-01,442000,448500,436500,445000,655075,290528,,
2021-08-31,430000,439500,427000,439000,768823,334036,,
2021-08-30,425500,429000,423000,428000,399336,170152,,
2021-08-27,422000,423500,416500,420000,567004,238235,,
2021-08-26,427500,430500,420000,423500,645901,273727,,
2021-08-25,434000,439000,427000,430500,677224,292232,,
2021-08-24,435000,439000,431500,437500,546884,237874,,
2021-08-23,428000,436000,423500,429500,515679,221531,,
2021-08-20,425000,432000,421000,422500,587940,249944,,
2021-08-19,431000,434000,424500,424500,504352,215921,,
2021-08-18,429500,433500,421500,429000,496576,212804,,
2021-08-17,435500,437500,420000,428500,763564,325336,,
2021-08-13,445000,446000,433000,436500,515855,225655,,
2021-08-12,448000,448500,438000,440500,671083,296423,,
2021-08-11,445000,449000,442000,445000,446275,198712,,
2021-08-10,446000,453500,442500,446500,461940,206312,,
2021-08-09,438000,449000,435000,447500,528032,234903,,
2021-08-06,443000,447500,440500,444500,416829,185231,,
2021-08-05,442000,451500,438500,442500,744924,330778,,
2021-08-04,425000,434500,423000,433000,545873,234730,,
2021-08-03,439000,439000,422000,428000,830841,354639,,
2021-08-02,429000,437000,428500,433500,551937,238544,,
2021-07-30,438000,440500,433000,433500,628812,273861,,
2021-07-29,444000,445000,438500,439500,556532,245502,,
2021-07-28,446000,447000,440000,442000,913055,404050,,
2021-07-27,457500,463000,452000,452000,757638,345810,,
2021-07-26,460000,465000,447500,452000,855277,388979,,
2021-07-23,443500,454500,441000,452000,1094026,493135,,
2021-07-22,433000,445000,429000,440000,1035882,453587,,
2021-07-21,443000,446000,428000,428000,885519,383205,,
2021-07-20,438500,441500,431000,439000,789090,344819,,
2021-07-19,443000,449500,438500,443000,704307,312243,,
2021-07-16,448000,461000,443000,447000,1246425,562503,,
2021-07-15,446500,452500,439500,449000,950460,423310,,
2021-07-14,436000,444500,436000,444000,931990,410780,,
2021-07-13,421000,442000,419000,441000,1498546,649710,,
2021-07-12,418500,421500,413000,418500,475697,198330,,
2021-07-09,420000,424000,408000,415500,1090218,451210,,
2021-07-08,419000,431500,418500,422000,1142267,485767,,
2021-07-07,411000,419000,410500,417500,663260,275567,,
2021-07-06,411500,412500,408000,409500,342771,140499,,
2021-07-05,415500,418000,408500,410000,492899,203385,,
2021-07-02,412500,418500,407000,414000,517934,214353,,
2021-07-01,418000,423500,410500,413000,592869,246418,,
2021-06-30,415000,425000,409000,417500,955297,399858,,
2021-06-29,409500,411500,406000,411500,572319,234076,,
2021-06-28,406000,413000,403000,408000,623480,253658,,
2021-06-25,420000,420000,405000,410000,1382051,566691,,
2021-06-24,430000,436000,413000,419500,2143286,908784,,
2021-06-23,393000,427000,392500,423500,2721355,1136241,,
2021-06-22,400000,400500,391000,391000,702840,276996,,
2021-06-21,398000,402000,392000,397000,809114,321309,,
2021-06-18,391500,400500,391000,398000,1268656,505641,,
2021-06-17,389500,394500,385000,389500,670522,261201,,
2021-06-16,384500,395000,383000,391000,836281,325826,,
2021-06-15,387000,389000,381500,387000,625594,241297,,
2021-06-14,377500,388000,375500,387000,1208589,465178,,
2021-06-11,378000,378500,367500,372500,658403,245650,,
2021-06-10,365000,377000,361500,373500,1502316,559637,,
2021-06-09,360500,363500,358500,358500,361808,130455,,
2021-06-08,361500,365500,361500,362500,370929,134867,,
2021-06-07,358500,364000,357000,362500,393697,142019,,
2021-06-04,360500,360500,355000,357000,433146,154314,,
2021-06-03,362500,365000,361000,362000,292257,106207,,
2021-06-02,367000,369000,362000,363000,397044,144862,,
2021-06-01,362500,368500,362500,367000,404110,148283,,
2021-05-31,359500,364000,357000,362500,397118,143584,,
2021-05-28,361500,361500,355500,358000,439112,157438,,
2021-05-27,363000,363500,353500,358000,963669,344625,,
2021-05-26,359500,366500,359500,363000,543316,197826,,
2021-05-25,355500,358000,352500,358000,433413,154128,,
2021-05-24,356500,358500,353000,355500,361765,128514,,
2021-05-21,355000,360000,353500,360000,618431,221350,,
2021-05-20,351500,355000,348500,351000,561151,197360,,
2021-05-18,347000,349500,345000,349500,445015,154774,,
2021-05-17,345500,349000,341000,344000,453316,155977,,
2021-05-14,338000,344500,337500,342500,460390,157286,,
2021-05-13,337500,341500,334500,337500,992326,335008,,
2021-05-12,349500,350500,340500,343000,1120816,384776,,
2021-05-11,356500,358000,347500,349000,2373361,836806,,
2021-05-10,362500,364000,360000,362000,572111,206997,,
2021-05-07,360500,364000,360000,361000,446152,161372,,
2021-05-06,360500,364500,359500,361500,632873,228485,,
2021-05-04,366000,367000,360500,364500,398383,145009,,
2021-05-03,366000,370500,360500,363000,507361,185304,,
2021-04-30,366000,366000,353500,359500,1028215,368172,,
2021-04-29,373500,377500,366000,366500,743106,275162,,
2021-04-28,381500,382000,373000,373500,485971,182047,,
2021-04-27,378000,381500,376000,380000,392509,148503,,
2021-04-26,376500,379000,374500,377500,484369,182139,,
2021-04-23,377500,379500,374000,378000,505140,190768,,
2021-04-22,382000,384500,380000,380500,394350,150354,,
2021-04-21,389000,389000,380500,380500,835828,320185,,
2021-04-20,389000,391500,387500,391000,417892,162827,,
2021-04-19,391500,393500,388500,390000,449064,175418,,
2021-04-16,394500,395000,391000,391500,423962,166333,,
2021-04-15,391500,398500,386500,391000,889538,349682,,
2021-04-14,391500,398000,390000,391500,757969,298406,,
2021-04-13,384000,389000,382000,388500,586643,226338,,
2021-04-12,384500,393000,383000,385500,680329,263009,,
2021-04-09,382000,385000,381500,383500,469100,179549,,
2021-04-08,384500,387000,380000,381500,626575,239895,,
2021-04-07,390500,391000,381500,384500,578490,222241,,
2021-04-06,378500,391000,378000,388500,997518,385999,,
2021-04-05,379500,380000,374500,377000,421508,158652,,
2021-04-02,381500,382500,378000,379500,476668,180736,,
2021-04-01,375500,379000,372000,378500,547402,205901,,
2021-03-31,379500,383000,377000,377000,568103,215458,,
2021-03-30,373500,381000,373500,376500,623997,235240,,
2021-03-29,383500,384000,372000,372000,878014,329580,,
2021-03-26,380000,383000,377000,383000,691786,263299,,
2021-03-25,381500,384000,378000,380000,672585,255541,,
2021-03-24,380000,387000,376000,387000,763754,291328,,
2021-03-23,397000,399000,384000,386000,1167110,454596,,
2021-03-22,402500,405500,393000,396500,911358,362039,,
2021-03-19,397000,407500,395000,402000,1258199,505531,,
2021-03-18,388500,410000,386500,403500,1818409,728875,,
2021-03-17,388000,391500,380500,383500,1200355,462798,,
2021-03-16,384500,389500,384000,385500,574082,221456,,
2021-03-15,382000,385500,377500,383000,609496,232530,,
2021-03-12,396000,396000,378500,380500,969276,372894,,
2021-03-11,372500,377500,366000,373500,1024741,382286,,
2021-03-10,373000,378000,368000,372000,946917,352370,,
2021-03-09,366500,371500,350000,361500,1313900,470398,,
2021-03-08,382000,386000,366500,368500,1031748,388038,,
2021-03-05,386000,386500,371000,377500,1594386,599799,,
2021-03-04,392000,401000,389000,391500,1585134,624774,,
2021-03-03,379000,399500,377500,399500,1287551,501969,,
2021-03-02,389000,390000,375500,377500,1240322,474655,,
2021-02-26,372000,378500,368500,375000,1170208,436567,,
2021-02-25,380500,384500,374500,383000,757476,288003,,
2021-02-24,389500,391500,374000,374000,1078485,412846,,
2021-02-23,379000,394500,378500,390500,1017577,393313,,
2021-02-22,400000,405500,384500,386500,1289395,507097,,
2021-02-19,387000,398500,385500,398000,1047043,410157,,
2021-02-18,391500,400000,386500,388000,1020222,399927,,
2021-02-17,396500,396500,386000,392000,1161595,453918,,
2021-02-16,391500,405000,390000,394000,1567108,624093,,
2021-02-15,383500,388000,378000,385500,1172475,449539,,
2021-02-10,365000,368500,359000,366500,1147417,419083,,
2021-02-09,359500,362000,355000,358500,667655,239484,,
2021-02-08,361500,364500,357000,357500,712484,256928,,
2021-02-05,363500,371500,356500,362500,982325,356920,,
2021-02-04,368000,368500,356000,358000,1160116,418468,,
2021-02-03,366500,371000,361000,370500,1197680,438797,,
2021-02-02,358000,373000,353000,362500,1951062,712826,,
2021-02-01,346500,352500,341500,348000,988630,343584,,
2021-01-29,362000,362000,340500,343000,1607894,563409,,
2021-01-28,336000,366000,335000,355000,2285696,805428,,
2021-01-27,347000,352000,339500,341500,1149246,396932,,
2021-01-26,350500,351000,338000,342000,1247284,427933,,
2021-01-25,349000,353000,340000,349000,1593848,554410,,
2021-01-22,332000,350000,326000,343500,3303950,1126878,,
2021-01-21,316500,326000,316000,322500,1941446,624528,,
2021-01-20,313500,313500,302000,308000,885472,271513,,
2021-01-19,303500,310500,299500,308000,880238,268965,,
2021-01-18,304500,308500,300000,300500,864969,261980,,
2021-01-15,320500,323000,305500,306000,1106810,343490,,
2021-01-14,318500,326000,314000,318000,1548585,494982,,
2021-01-13,306000,317500,304000,314000,1894304,592381,,
2021-01-12,305000,308500,292500,304000,1573299,472267,,
2021-01-11,320000,323500,301000,309000,2765169,864780,,
2021-01-08,293500,312000,290000,312000,3175396,966380,,
2021-01-07,288500,292000,286500,289500,1155734,334436,,
2021-01-06,292500,300500,289500,290000,1375856,405202,,
2021-01-05,291500,292500,286500,292500,912657,263681,,
2021-01-04,291500,294000,285500,293000,947178,274636,,
2020-12-30,285000,293000,284000,292500,1190327,345788,,
2020-12-29,281500,285000,280500,283000,506090,142909,4,0.00
2020-12-28,282000,282500,280000,281000,537848,151111,,
2020-12-24,284500,284500,280000,282000,453095,127855,,
2020-12-23,288500,289000,283000,284000,508019,144710,,
2020-12-22,285000,293500,284000,284000,750095,216616,,
2020-12-21,284000,285500,280000,284000,473545,133982,,
2020-12-18,284000,285500,282000,282500,487305,137869,,
2020-12-17,286000,287000,282000,285000,522344,148273,,
2020-12-16,286500,287000,283000,285500,381896,108763,,
2020-12-15,286500,287500,282500,283000,491995,139876,,
2020-12-14,292500,294000,286000,286000,555272,160308,,
2020-12-11,288000,291500,287500,290000,503588,145874,,
2020-12-10,288000,290000,284500,286000,959427,275249,,
2020-12-09,285500,289000,285000,288000,533304,152722,,
2020-12-08,291500,291500,285000,285000,566981,162586,,
2020-12-07,300000,300500,288000,289500,821860,240096,,
2020-12-04,287500,295500,284500,294000,1174932,343892,,
2020-12-03,285000,287000,283500,287000,740985,211714,,
2020-12-02,287000,287000,282000,283500,601596,170366,,
2020-12-01,282000,286000,280000,285500,709278,201530,,
2020-11-30,286000,286500,277500,277500,1176272,328945,,
2020-11-27,287000,287500,283000,284500,417510,118869,,
2020-11-26,280000,285500,280000,285500,797094,226073,,
2020-11-25,287000,287000,278500,278500,909937,256106,,
2020-11-24,281500,287000,280000,282500,809745,229452,,
2020-11-23,282000,282500,278500,281500,565213,158965,,
2020-11-20,281500,283500,278500,281000,439077,123160,,
2020-11-19,282500,284000,279500,280500,520114,146190,,
2020-11-18,274500,283500,274000,281000,912899,256459,,
2020-11-17,277500,278000,273500,275000,816320,224865,,
2020-11-16,282500,283000,277500,278000,887878,247465,,
2020-11-13,277500,282000,277500,281000,710865,199086,,
2020-11-12,283000,285500,279000,279000,1016673,285804,,
2020-11-11,281000,283000,277500,280000,1183499,331859,,
2020-11-10,287000,288000,282000,283000,1728995,491947,,
2020-11-09,304000,304500,298000,298000,678531,203474,,
2020-11-06,303000,307000,299000,301000,968971,293172,,
2020-11-05,295000,302000,291500,299000,1082388,320600,,
2020-11-04,282500,300500,282000,298500,1623712,475495,,
2020-11-03,284000,287000,280000,283000,1066923,301242,,
2020-11-02,292000,293000,285500,285500,503831,144652,,
2020-10-30,299000,300000,290000,290000,939833,275981,,
2020-10-29,297000,301000,294500,298500,785050,234070,,
2020-10-28,282000,298500,281500,298500,698195,204355,,
2020-10-27,281500,288500,280500,283500,2071432,592568,,
2020-10-26,286500,289000,281500,281500,349163,98887,,
2020-10-23,295500,295500,286000,286500,451654,130367,,
2020-10-22,295000,296000,292000,293000,416425,122388,,
2020-10-21,292500,301000,291000,297500,640501,190069,,
2020-10-20,286500,291000,281000,290000,535870,153114,,
2020-10-19,293500,296500,286000,286000,434420,126233,,
2020-10-16,292500,297500,291500,293500,446832,131389,,
2020-10-15,300500,300500,291000,292500,624097,183438,,
2020-10-14,295000,301000,293000,298500,759464,226919,,
2020-10-13,292000,298000,292000,295000,636487,187812,,
2020-10-12,303000,303000,291500,292000,914860,271287,,
2020-10-08,307500,307500,300000,301000,756735,228655,,
2020-10-07,302000,305000,299500,305000,534644,161653,,
2020-10-06,299500,307500,296500,305000,868540,262496,,
2020-10-05,297500,299000,289500,298500,906516,267078,,
2020-09-29,303000,303000,294000,296500,765489,227160,,
2020-09-28,297000,302000,296000,298500,724465,216677,,
2020-09-25,296000,297500,289500,295000,648182,190146,,
2020-09-24,291500,295500,287000,294000,848971,247261,,
2020-09-23,290000,298000,285500,296500,984136,287770,,
2020-09-22,290500,295000,282000,284500,864846,247454,,
2020-09-21,297000,301500,292000,292000,656024,194380,,
2020-09-18,299500,302000,296000,298000,750488,224009,,
2020-09-17,302500,304000,299000,300500,823516,247808,,
2020-09-16,311500,312000,306000,307000,696219,214033,,
2020-09-15,304000,314000,303000,312000,797985,247446,,
2020-09-14,307500,308000,300000,303000,608816,183968,,
2020-09-11,302500,307000,301000,306000,517023,156745,,
2020-09-10,309000,311000,305000,307500,834946,256821,,
2020-09-09,303000,307000,300000,304500,925825,282303,,
2020-09-08,316000,318000,305500,311000,989171,307562,,
2020-09-07,325500,325500,313500,314500,1308247,414432,,
2020-09-04,322500,335000,322000,328500,1174337,386840,,
2020-09-03,333500,339500,329500,339000,776547,260315,,
2020-09-02,332500,335500,327000,332500,808064,267180,,
2020-09-01,322500,329500,322000,324500,691864,224807,,
2020-08-31,336500,340000,322000,322500,1528978,501802,,
2020-08-28,337000,338500,329500,333000,969408,322883,,
2020-08-27,337000,347000,336500,337000,1232239,420457,,
2020-08-26,321500,338500,321000,334000,1155853,385114,,
2020-08-25,323000,325000,317000,325000,897649,288284,,
2020-08-24,313000,320000,310000,320000,783392,248512,,
2020-08-21,311500,314500,308000,312500,781961,243884,,
2020-08-20,315000,319000,302500,305500,1186809,369136,,
2020-08-19,311500,316000,305500,315000,941038,294012,,
2020-08-18,307500,317500,305000,307500,1494966,466797,,
2020-08-14,305000,308500,303000,305000,608156,185401,,
2020-08-13,310000,311500,304000,307000,1406370,431870,,
2020-08-12,308000,311000,303500,305000,856711,262002,,
2020-08-11,311000,314500,307500,311500,665863,207633,,
2020-08-10,308500,314500,303500,313500,968592,300187,,
2020-08-07,324500,325500,312000,314000,1063254,337763,,
2020-08-06,313000,322000,310500,322000,1032045,327503,,
2020-08-05,312000,314500,306500,313500,809939,252511,,
2020-08-04,317500,322000,307500,311000,1330818,416682,,
2020-08-03,301500,314500,299000,314500,1341104,414200,,
2020-07-31,299000,303000,296500,301000,1567503,470402,,
2020-07-30,296000,297500,291000,294000,1150474,337799,,
2020-07-29,286000,292000,283000,292000,964066,277838,,
2020-07-28,289500,292000,284000,288000,978238,282134,,
2020-07-27,281000,287500,276500,284500,691075,196093,,
2020-07-24,281000,290500,278500,281000,1233584,349350,,
2020-07-23,272000,284000,271000,284000,1396607,392800,,
2020-07-22,264000,272500,261500,270000,905784,242470,,
2020-07-21,273000,273500,269000,270000,1179638,319523,,
2020-07-20,276500,278000,260500,263000,1556415,412992,,
2020-07-17,270000,279500,266000,276000,926932,255308,,
2020-07-16,283000,285000,272000,273000,1338814,370524,,
2020-07-15,290500,293000,280500,286500,1276196,365509,,
2020-07-14,290000,291000,285000,287000,1360849,391150,,
2020-07-13,303500,303500,288000,297000,1254800,371276,,
2020-07-10,291500,308500,290000,299000,2120904,636152,,
2020-07-09,286500,296500,284500,287500,2006662,580638,,
2020-07-08,280000,284500,274000,282500,1353345,379185,,
2020-07-07,285000,289500,279000,279500,1365047,387293,,
2020-07-06,278000,287500,278000,281500,1211636,343378,,
2020-07-03,276500,280500,274500,277500,971940,270002,,
2020-07-02,274000,277000,271000,277000,1015829,278931,,
2020-07-01,270000,275000,266000,269000,655711,177472,,
2020-06-30,268000,270500,263000,267000,862860,230249,,
2020-06-29,265000,270500,261000,264000,814814,216894,,
2020-06-26,274500,275000,263000,269000,937593,252349,,
2020-06-25,273500,276500,269500,269500,1196267,325381,,
2020-06-24,273500,279500,270500,279000,995065,274364,,
2020-06-23,272000,289000,270500,276000,2104075,588371,,
2020-06-22,249500,271500,247500,270000,1841479,485816,,
2020-06-19,250000,250000,244000,249500,919945,227163,,
2020-06-18,251500,254000,247000,247500,744330,185524,,
2020-06-17,244000,252000,243500,251000,1357900,337948,,
2020-06-16,239000,243500,236000,243500,1155474,278621,,
2020-06-15,240000,244500,230500,231500,1311773,312067,,
2020-06-12,229000,242500,228500,242000,1318334,312801,,
2020-06-11,244000,249000,239000,240500,1423978,346204,,
2020-06-10,241000,247500,240000,244000,1431071,349337,,
2020-06-09,240000,243000,235500,237500,934440,222810,,
2020-06-08,234500,242000,231000,240500,1624752,386413,,
2020-06-05,229000,231000,225000,231000,1061922,242027,,
2020-06-04,228000,235000,227000,232500,1052789,243731,,
2020-06-03,235000,235500,225000,225500,1476614,336214,,
2020-06-02,235000,236000,232000,234000,689584,161139,,
2020-06-01,233500,237000,230000,237000,1140644,267471,,
2020-05-29,240000,243000,226000,226000,3114298,714990,,
2020-05-28,226000,241000,222000,240500,1625154,379141,,
2020-05-27,231000,234500,226500,228500,1351505,310511,,
2020-05-26,244000,246000,230000,239000,1568016,373025,,
2020-05-25,234500,241000,234000,241000,1015069,241342,,
2020-05-22,227000,232500,222500,230500,1108281,253945,,
2020-05-21,227500,233500,222500,225000,1004395,228496,,
2020-05-20,215500,225500,215000,222000,977544,215443,,
2020-05-19,215000,216500,210500,213500,917603,194724,,
2020-05-18,215000,218000,211500,215000,638906,137643,,
2020-05-15,219000,219500,209500,213000,1050469,224547,,
2020-05-14,214500,222000,214500,219000,866427,189766,,
2020-05-13,217500,222500,213500,218500,1014692,220160,,
2020-05-12,218000,226500,215000,219500,1056584,233075,,
2020-05-11,214500,221000,214000,214500,599328,129972,,
2020-05-08,216000,218500,212000,214000,732394,157942,,
2020-05-07,211500,220000,210500,215500,984024,211749,,
2020-05-06,201500,212500,200500,212000,992225,205787,,
2020-05-04,198500,203000,193500,199000,1104027,219347,,
2020-04-29,199500,200000,196500,197500,676743,134316,,
2020-04-28,197500,198000,194500,198000,433549,85255,,
2020-04-27,193000,200000,192500,197500,927347,183205,,
2020-04-24,189000,197500,189000,192500,928695,179515,,
2020-04-23,190000,196000,186500,190000,1521478,290222,,
2020-04-22,175000,182500,173000,182000,611589,108970,,
2020-04-21,180500,181500,173500,178500,759150,135236,,
2020-04-20,181000,182000,179000,180000,663723,119824,,
2020-04-17,175500,180000,173500,179000,900031,160020,,
2020-04-16,168000,172500,167500,170500,841066,143679,,
2020-04-14,168000,170000,166500,168500,520725,87908,,
2020-04-13,164500,168000,162500,166000,413768,68605,,
2020-04-10,166000,167000,164000,166500,483720,79984,,
2020-04-09,168500,169000,165000,167500,682921,114116,,
2020-04-08,169000,169500,166500,166500,588577,98699,,
2020-04-07,174000,174500,167500,169500,873091,148261,,
2020-04-06,173500,176000,170500,173000,655547,113205,,
2020-04-03,170000,172500,168000,172000,663454,113014,,
2020-04-02,166500,175000,164500,173500,1086863,185994,,
2020-04-01,166500,171000,163000,163000,720283,119916,,
2020-03-31,163500,171000,163500,170000,858165,144239,,
2020-03-30,160000,165000,159000,162500,630830,102273,,
2020-03-27,161500,164500,158500,164000,1217815,196384,,
2020-03-26,156000,158000,149500,152500,988725,151990,,
2020-03-25,160500,163000,152000,156000,1039579,162535,,
2020-03-24,151500,157000,148000,156000,960786,147225,,
2020-03-23,141500,149500,140000,143000,1033851,149204,,
2020-03-20,147500,156500,146000,154000,997895,152297,,
2020-03-19,150000,151500,135000,144000,1154230,166781,,
2020-03-18,152500,156000,146000,146000,666723,101185,,
2020-03-17,147500,155500,147000,151000,979243,146963,,
2020-03-16,166000,166500,155000,155000,812823,129572,,
2020-03-13,151000,168000,149500,166000,1242510,196521,,
2020-03-12,170000,170000,161000,166500,980814,162319,,
2020-03-11,172000,174000,167500,170000,483822,82523,,
2020-03-10,168000,176000,165000,172000,666532,114161,,
2020-03-09,174500,174500,167500,168000,668089,113527,,
2020-03-06,179500,181000,177500,179500,293897,52627,,
2020-03-05,180500,181000,178500,181000,483840,87079,,
2020-03-04,174500,179500,173000,178500,450252,80148,,
2020-03-03,179000,180000,174000,175000,544379,96232,,
2020-03-02,175000,177000,172500,175000,659376,115288,,
2020-02-28,179000,180000,172000,174000,830654,145305,,
2020-02-27,185000,187000,179000,182000,535696,97707,,
2020-02-26,189500,190000,186500,187000,494066,92735,,
2020-02-25,184000,191000,183500,190500,704859,132868,,
2020-02-24,185500,187500,183500,184000,567036,104934,,
2020-02-21,187500,191000,187000,189500,434019,82009,,
2020-02-20,189500,191500,187500,190000,427402,80996,,
2020-02-19,188000,191000,185000,189500,560743,105949,,
2020-02-18,186500,188500,185500,186500,345642,64497,,
2020-02-17,184500,189000,184500,188500,312407,58328,,
2020-02-14,184000,187500,184000,186500,659429,122491,,
2020-02-13,184000,185000,183000,184500,555923,102444,,
2020-02-12,183000,185000,181500,185000,351892,64637,,
2020-02-11,183500,185000,183000,184500,400386,73827,,
2020-02-10,182500,184000,180500,183500,433051,79114,,
2020-02-07,181500,188500,181000,185000,728633,134874,,
2020-02-06,182500,183500,180500,181500,659850,119855,,
2020-02-05,181000,183500,178500,181500,653809,118417,,
2020-02-04,177500,181500,175000,180500,563463,100584,,
2020-02-03,178000,180500,176000,177500,485913,86526,,
2020-01-31,180000,180500,177500,179500,537062,96392,,
2020-01-30,179500,183000,175000,180000,772160,138821,,
2020-01-29,183000,183500,180000,180000,434897,78718,,
2020-01-28,182000,184500,178000,178500,476253,85950,,
2020-01-23,185000,185500,181500,183000,375929,68993,,
2020-01-22,185000,190000,184500,186000,429852,80460,,
2020-01-21,187500,189500,181000,182000,547678,101140,,
2020-01-20,190000,190500,187000,187500,454733,85618,,
2020-01-17,190500,192500,189500,191000,286019,54560,,
2020-01-16,190000,192500,189000,191500,245107,46823,,
2020-01-15,189500,192000,188500,191500,323778,61588,,
2020-01-14,188000,194500,188000,190500,501286,95615,,
2020-01-13,187500,188500,186000,188000,337749,63290,,
2020-01-10,185000,188000,184000,188000,398739,74273,,
2020-01-09,183500,186500,183500,186000,531355,98405,,
2020-01-08,182000,183500,179000,183000,820867,149007,,
2020-01-07,182500,187000,181500,187000,328624,60938,,
2020-01-06,180000,182000,178000,180500,287970,51851,,
2020-01-03,185000,186000,180500,181500,454492,82879,,
2020-01-02,187500,188000,182000,182500,300640,55310,,
2019-12-30,183500,190000,183500,186500,376541,70555,,
2019-12-27,182000,185000,179000,183500,323473,58900,4,0.00
2019-12-26,181500,183000,179000,180500,173426,31418,,
2019-12-24,184000,184000,179000,182000,193440,35094,,
2019-12-23,185000,185500,182000,184000,250256,45942,,
2019-12-20,180000,187000,179500,183500,560761,103005,,
2019-12-19,175000,179500,175000,179000,296857,52758,,
2019-12-18,180000,180000,175000,178500,310567,55383,,
2019-12-17,180000,181000,178000,180500,370752,66782,,
2019-12-16,175000,180000,174000,179500,335819,59882,,
2019-12-13,177500,177500,173000,175500,317833,55689,,
2019-12-12,174500,176500,173000,175500,609714,106950,,
2019-12-11,175000,175500,173500,174000,200711,35003,,
2019-12-10,174500,175500,173000,174500,215711,37661,,
2019-12-09,174000,175500,173000,175000,271990,47492,,
2019-12-06,172000,174500,170500,174000,208849,36186,,
2019-12-05,173000,174000,170000,170500,271499,46497,,
2019-12-04,172000,175500,171000,174500,228851,39799,,
2019-12-03,170500,173500,168500,172000,245675,42137,,
2019-12-02,172500,175000,170000,171500,275601,47569,,
2019-11-29,173000,173500,168500,172000,349615,59658,,
2019-11-28,172500,174500,170000,173000,252885,43685,,
2019-11-27,175000,175500,172000,172500,299949,52123,,
2019-11-26,173500,175500,171500,173000,774461,134331,,
2019-11-25,168000,174500,167000,174000,490795,84214,,
2019-11-22,169500,171000,165500,167500,481529,80652,,
2019-11-21,169000,172500,168000,170000,543754,92597,,
2019-11-20,170500,174000,168000,169500,602206,102547,,
2019-11-19,174500,176000,169500,170500,1055749,182738,,
2019-11-18,177500,181500,172500,178500,876975,155660,,
2019-11-15,177000,179000,173000,173500,886846,154998,,
2019-11-14,170000,180000,169500,180000,2042648,356902,,
2019-11-13,158500,159000,156000,158000,500221,78810,,
2019-11-12,164000,164000,160000,162000,236652,38251,,
2019-11-11,163500,165000,162500,163000,231149,37853,,
2019-11-08,165000,165000,162000,163500,306968,50203,,
2019-11-07,162000,166500,161000,165500,390866,64006,,
2019-11-06,161500,164000,160500,161500,332755,53895,,
2019-11-05,164000,164500,159500,161500,662116,107587,,
2019-11-04,165500,167000,162000,164500,455199,74746,,
2019-11-01,166000,168500,164000,167000,720358,116289,,
2019-10-31,159000,167000,157500,164000,1409619,229751,,
2019-10-30,152000,154500,151500,154500,290658,44617,,
2019-10-29,157500,158000,152000,153000,321007,49322,,
2019-10-28,152500,158000,152500,157000,335238,52159,,
2019-10-25,151000,153500,151000,152500,162510,24739,,
2019-10-24,151500,153000,150500,153000,224666,34164,,
2019-10-23,152000,153500,151500,152500,226744,34582,,
2019-10-22,150500,154500,150500,154000,360102,55117,,
2019-10-21,151500,153500,149000,152000,245735,37308,,
2019-10-18,151500,153500,150000,150500,245740,37262,,
2019-10-17,155000,156500,152000,153000,280276,43158,,
2019-10-16,151500,155000,151000,154500,280882,43203,,
2019-10-15,156500,156500,150500,151500,297569,45391,,
2019-10-14,156000,156500,153500,156000,246407,38220,,
2019-10-11,156500,157000,153500,156000,216730,33778,,
2019-10-10,151500,155500,150500,153500,404228,62016,,
2019-10-08,154500,154500,151500,153500,250805,38343,,
2019-10-07,150500,153500,150000,153000,387749,58897,,
2019-10-04,155500,159000,148500,150500,602642,92324,,
2019-10-02,159000,160000,156500,157000,203708,32232,,
2019-10-01,157500,160000,157000,160000,260668,41481,,
2019-09-30,155000,157500,154500,157000,313910,49020,,
2019-09-27,158500,158500,154500,156000,241249,37608,,
2019-09-26,157500,159000,156500,158000,313084,49554,,
2019-09-25,155500,159000,155500,158000,274586,43360,,
2019-09-24,157000,158500,155500,158000,195994,30880,,
2019-09-23,157500,158000,155500,157000,204570,32050,,
2019-09-20,156000,158000,156000,157000,390181,61191,,
2019-09-19,157000,158000,156000,157500,377446,59301,,
2019-09-18,156000,159500,155500,159000,465208,73559,,
2019-09-17,153000,155500,153000,155000,304106,47030,,
2019-09-16,154500,156500,153500,154500,449618,69804,,
2019-09-11,150500,154000,150000,153500,738431,112771,,
2019-09-10,153000,153000,150000,150500,297053,44961,,
2019-09-09,149500,154000,148500,153000,464232,70724,,
2019-09-06,146000,150000,145500,149500,223250,33181,,
2019-09-05,150000,151000,145000,147000,548033,80362,,
2019-09-04,149500,151000,149000,151000,351494,52871,,
2019-09-03,151500,151500,149000,150500,308863,46416,,
2019-09-02,156000,156000,147500,150000,371788,56043,,
2019-08-30,146000,149000,144500,146500,424498,62214,,
2019-08-29,146500,146500,143500,145000,408164,59099,,
2019-08-28,146500,147500,144500,146500,309159,45145,,
2019-08-27,144000,147500,141500,146500,904199,131710,,
2019-08-26,145500,147000,143000,143500,423695,61239,,
2019-08-23,149000,149000,145500,148500,491690,72214,,
2019-08-22,148000,150500,147500,148000,499537,74572,,
2019-08-21,144500,148500,142500,147500,514109,75462,,
2019-08-20,139000,145500,139000,145500,556246,79571,,
2019-08-19,139000,141000,138000,139000,487500,67913,,
2019-08-16,138500,140500,137500,139500,351686,48893,,
2019-08-14,142500,143000,138500,139000,433070,60586,,
2019-08-13,139000,144500,138500,142500,352863,50339,,
2019-08-12,142500,144500,140500,140500,217292,30865,,
2019-08-09,142000,145000,140500,142500,368133,52696,,
2019-08-08,139500,142000,136500,140000,496443,69337,,
2019-08-07,139000,139500,136000,137500,336416,46468,,
2019-08-06,134000,140000,132000,138500,610095,83575,,
2019-08-05,141000,142000,135500,138000,733982,100839,,
2019-08-02,139000,142500,138500,142000,484009,68425,,
2019-08-01,139500,141500,138500,140500,460049,64446,,
2019-07-31,139000,139500,136000,138000,361525,49885,,
2019-07-30,140000,140500,136500,138500,364674,50694,,
2019-07-29,139500,141000,137000,138500,583629,80887,,
2019-07-26,137500,142000,136500,141000,1440686,201137,,
2019-07-25,125500,134500,125000,134000,1635774,214159,,
2019-07-24,122500,124500,122500,123500,606769,75051,,
2019-07-23,122500,123000,122000,122500,358255,43888,,
2019-07-22,122000,122500,120500,121000,346897,42166,,
2019-07-19,121000,123000,121000,122500,445122,54439,,
2019-07-18,118500,122000,118500,120500,267715,32248,,
2019-07-17,120000,120000,118000,119000,205316,24436,,
2019-07-16,119000,120500,117500,120000,391260,46656,,
2019-07-15,118000,120000,116500,118000,263893,31265,,
2019-07-12,117000,118500,116500,117000,160685,18876,,
2019-07-11,115500,118000,115500,117000,293389,34374,,
2019-07-10,116500,119000,115500,115500,267438,31162,,
2019-07-09,118000,120000,115000,115500,460058,53742,,
2019-07-08,120500,121000,118000,118500,306897,36585,,
2019-07-05,118500,121500,118500,121000,409700,49373,,
2019-07-04,116000,119500,116000,118000,355658,41997,,
2019-07-03,116000,118500,115000,117500,408701,47705,,
2019-07-02,114000,115500,112000,115000,273980,31234,,
2019-07-01,114500,115500,114000,114500,306736,35230,,
2019-06-28,114500,115500,112500,114000,267404,30413,,
2019-06-27,115500,116000,113000,115000,375582,43046,,
2019-06-26,114500,116500,114000,115500,300077,34680,,
2019-06-25,114000,116000,113000,114500,473961,54331,,
2019-06-24,113000,113500,112000,113500,254210,28653,,
2019-06-21,112500,115000,111500,113000,555965,62918,,
2019-06-20,110000,112000,109000,111500,282163,31239,,
2019-06-19,110000,110000,107000,110000,483689,52739,,
2019-06-18,109500,110000,106500,109000,791946,85777,,
2019-06-17,111500,111500,110000,110500,475346,52544,,
2019-06-14,112000,113000,110500,111500,553083,61725,,
2019-06-13,114500,115500,112000,113000,551067,62295,,
2019-06-12,112000,114500,112000,114000,354664,40148,,
2019-06-11,114000,114500,112500,113000,423258,47889,,
2019-06-10,111500,114500,111000,114000,464590,52643,,
2019-06-07,110000,112000,110000,111000,386800,42856,,
2019-06-05,112000,112500,109500,110500,471689,52107,,
2019-06-04,114000,114500,110500,111000,531826,59337,,
2019-06-03,113000,115000,112000,115000,391824,44739,,
2019-05-31,111500,112500,110000,111500,310649,34621,,
2019-05-30,110000,114000,109500,112000,378379,42527,,
2019-05-29,109000,111000,108500,109500,515196,56530,,
2019-05-28,109500,112500,108500,108500,1490526,162355,,
2019-05-27,112500,113000,109500,110500,369902,41005,,
2019-05-24,113000,115000,112500,113500,408081,46387,,
2019-05-23,112500,114000,110000,113000,545497,61146,,
2019-05-22,115000,115000,111000,113000,567069,64006,,
2019-05-21,117500,119500,113500,114500,603105,70058,,
2019-05-20,121500,121500,118000,118500,449916,53573,,
2019-05-17,120000,123500,118500,121000,439545,53184,,
2019-05-16,120500,121000,118000,119000,484468,57872,,
2019-05-15,121500,123000,120000,120000,460936,55812,,
2019-05-14,121000,123500,119500,122000,532037,64845,,
2019-05-13,121500,124000,121500,122500,343827,42102,,
2019-05-10,120500,123000,120000,122500,474352,57723,,
2019-05-09,122500,124000,119000,119000,799208,95972,,
2019-05-08,122000,124000,122000,123500,317483,39124,,
2019-05-07,122000,125500,121500,124000,696627,86320,,
2019-05-03,122000,124500,121500,124000,705503,87052,,
2019-05-02,119000,124000,118500,122000,691901,84175,,
2019-04-30,119000,120000,117500,119500,569162,67686,,
2019-04-29,118500,120000,117000,120000,429353,50977,,
2019-04-26,120000,120500,117500,118000,544042,64634,,
2019-04-25,122000,122000,120000,120500,720472,87132,,
2019-04-24,122000,122500,119500,121000,906235,109830,,
2019-04-23,119000,121000,119000,120500,815629,98050,,
2019-04-22,118000,119500,117500,118000,531346,63028,,
2019-04-19,119000,119000,117500,118000,247009,29266,,
2019-04-18,119000,120000,117000,118000,776721,92003,,
2019-04-17,120000,120000,119000,119500,639441,76325,,
2019-04-16,119500,120500,119000,119500,973625,116512,,
2019-04-15,119000,120000,118000,119500,596131,71260,,
2019-04-12,121500,122000,119500,119500,953216,113895,,
2019-04-11,121500,123000,121000,121500,615217,74921,,
2019-04-10,121500,122500,121000,122000,459206,56030,,
2019-04-09,121500,122500,121000,121500,423498,51453,,
2019-04-08,122500,123000,121000,121500,393376,47837,,
2019-04-05,122500,123500,122000,123000,365838,44900,,
2019-04-04,122500,123500,121500,122500,361821,44279,,
2019-04-03,123000,123500,121000,122000,958364,117042,,
2019-04-02,124500,125500,123500,124500,471744,58847,,
2019-04-01,124000,125500,123500,124000,367014,45752,,
2019-03-29,121500,124500,121500,124000,421477,52182,,
2019-03-28,122500,123000,120500,122000,449545,54922,,
2019-03-27,126000,126000,122000,123000,429156,52985,,
2019-03-26,125500,127000,125000,126500,452377,56996,,
2019-03-25,126000,128000,125000,126000,279179,35219,,
2019-03-22,127000,129500,126000,127000,379311,48235,,
2019-03-21,128500,131000,127000,128000,399492,51357,,
2019-03-20,130000,131000,126500,128500,371499,47582,,
2019-03-19,132000,132500,130000,130500,200830,26347,,
2019-03-18,131500,133500,131000,132000,248810,32867,,
2019-03-15,131000,132000,129500,130500,907507,118511,,
2019-03-14,132500,133500,129000,131000,554454,72560,,
2019-03-13,129500,132000,128000,130500,268047,34898,,
2019-03-12,135000,135500,129500,130500,367651,48230,,
2019-03-11,131500,133500,131000,133500,151479,20147,,
2019-03-08,135500,136000,131500,133000,304114,40595,,
2019-03-07,139500,139500,136500,138500,254573,35099,,
2019-03-06,136500,139000,134500,137500,403724,55286,,
2019-03-05,140000,140000,135000,135500,387063,52969,,
2019-03-04,135000,139500,134000,138000,743644,101772,,
2019-02-28,130500,136000,130000,133000,584183,77949,,
2019-02-27,132000,134000,129000,129500,322664,42277,,
2019-02-26,126500,134000,126000,131500,591643,77530,,
2019-02-25,127000,128500,125500,126000,338113,42810,,
2019-02-22,129500,129500,125000,127000,301395,38126,,
2019-02-21,126500,130000,126500,129000,347083,44559,,
2019-02-20,126500,128000,125500,127000,231753,29371,,
2019-02-19,127000,128000,125500,126500,218351,27662,,
2019-02-18,129500,131000,125500,127000,533191,68078,,
2019-02-15,128500,131000,127500,127500,420100,54119,,
2019-02-14,125000,130500,125000,127500,700427,89571,,
2019-02-13,123500,126500,123500,125000,373571,46837,,
2019-02-12,123500,124000,121500,123500,1160217,141811,,
2019-02-11,127000,128500,125000,125500,801465,101865,,
2019-02-08,126500,129000,124500,126000,704393,88688,,
2019-02-07,132000,134000,128500,129000,737938,96583,,
2019-02-01,138000,140000,133000,133500,530284,72389,,
2019-01-31,138000,143500,136000,136000,1054276,147214,,
2019-01-30,139000,139500,133000,136000,462280,62683,,
2019-01-29,130000,136500,130000,136000,411369,55120,,
2019-01-28,129500,132500,129500,132000,283360,37141,,
2019-01-25,127500,131000,127000,130000,281650,36589,,
2019-01-24,131000,132500,127500,129500,562335,72899,,
2019-01-23,130000,134500,130000,132500,259375,34340,,
2019-01-22,128500,130500,126500,130000,502285,64517,,
2019-01-21,138000,138000,131000,131000,457161,60542,,
2019-01-18,137000,138500,136500,137500,328761,45112,,
2019-01-17,131500,138000,131500,136000,407099,55425,,
2019-01-16,132500,135000,131000,132500,272719,36270,,
2019-01-15,127500,132500,127500,132500,335999,43816,,
2019-01-14,130000,130500,125000,127000,525411,66444,,
2019-01-11,133000,134500,130500,131000,322925,42783,,
2019-01-10,132000,134500,130000,131000,293112,38546,,
2019-01-09,131000,134500,129500,133000,381372,50704,,
2019-01-08,132000,134000,129000,130000,376127,49143,,
2019-01-07,128000,132500,127000,131500,502619,65889,,
2019-01-04,123500,126000,122500,125500,520785,64926,,
2019-01-03,120000,125000,119000,122000,525020,64528,,
2019-01-02,121000,122000,117000,118000,356120,42251,,
2018-12-28,122500,123000,120500,122000,322665,39344,,
2018-12-27,120500,123000,118500,122500,371637,45138,4,0.00
2018-12-26,121000,122000,117500,119000,275517,32934,,
2018-12-24,122000,124500,121000,123000,278884,34264,,
2018-12-21,127000,127000,121000,121500,507653,62188,,
2018-12-20,125500,128000,123500,127000,364624,45960,,
2018-12-19,123000,128500,122500,127500,385472,48711,,
2018-12-18,120500,124000,120000,122000,342972,41723,,
2018-12-17,124000,124000,120500,122000,294847,36045,,
2018-12-14,123500,124000,121500,123500,259268,31829,,
2018-12-13,125500,125500,123000,124000,972556,120801,,
2018-12-12,124000,126000,122500,124500,490812,60967,,
2018-12-11,120000,123500,117500,123000,506349,61084,,
2018-12-10,119000,121500,117500,119000,376421,44642,,
2018-12-07,121500,123500,119500,121000,565663,68584,,
2018-12-06,123000,124000,119500,120000,445309,53780,,
2018-12-05,124500,127000,123000,125000,308805,38624,,
2018-12-04,127500,127500,122500,123500,512742,63714,,
2018-12-03,130500,130500,125000,126000,486166,61571,,
2018-11-30,131000,131000,126000,126500,801837,101768,,
2018-11-29,133000,134000,129000,130500,559552,73736,,
2018-11-28,128500,130500,126500,129000,645902,83193,,
2018-11-27,124000,129500,122500,125000,637199,80025,,
2018-11-26,115000,124500,114500,124000,805023,98344,,
2018-11-23,110000,115500,109500,114000,691736,79052,,
2018-11-22,107000,111500,107000,109500,504744,55240,,
2018-11-21,105500,107000,104500,106500,525328,55648,,
2018-11-20,110000,112000,107000,108000,693868,75304,,
2018-11-19,113000,114000,110500,111500,697289,77945,,
2018-11-16,113500,114500,111500,112500,872059,97942,,
2018-11-15,116000,116500,111500,112500,576671,64928,,
2018-11-14,115500,116500,114000,115500,335405,38690,,
2018-11-13,115500,117500,114000,116000,435937,50565,,
2018-11-12,114500,116500,114500,115000,260849,30112,,
2018-11-09,115000,118000,115000,115000,295733,34232,,
2018-11-08,118000,120000,115500,116500,404191,47505,,
2018-11-07,117500,119000,113500,115500,385827,45040,,
2018-11-06,114000,117500,113500,117000,453810,52550,,
2018-11-05,115000,115500,111500,113500,442640,49991,,
2018-11-02,111500,118500,111500,116500,1320415,152057,,
2018-11-01,113500,116500,110500,111500,805655,91795,,
2018-10-31,110500,115000,108500,114500,1016429,114128,,
2018-10-30,108000,112000,104000,110500,939865,101801,,
2018-10-29,112500,113500,109000,109500,649910,71907,,
2018-10-26,119000,119000,110000,113000,1544405,173276,,
2018-10-25,120500,121000,114000,119000,1529110,180183,,
2018-10-24,127500,129000,124500,127000,679196,86342,,
2018-10-23,129000,130000,123500,125500,822259,103789,,
2018-10-22,127500,130000,125500,129000,324730,41659,,
2018-10-19,124500,127500,124000,127500,1114452,139920,,
2018-10-18,128000,128000,123500,125000,880738,110329,,
2018-10-17,132500,134500,129500,130000,5304519,662691,,
2018-10-16,137500,138500,130000,133500,575704,76374,,
2018-10-15,138500,139000,135000,136000,642772,87369,,
2018-10-12,138000,142000,132500,142000,654013,89382,8,-79.97
2018-10-11,704000,704000,704000,704000,0,0,,
2018-10-10,704000,704000,704000,704000,0,0,,
2018-10-08,704000,704000,704000,704000,0,0,,
2018-10-05,682000,716000,682000,704000,85596,60165,,
2018-10-04,700000,702000,685000,695000,70697,49005,,
2018-10-02,715000,715000,686000,689000,148984,103437,,
2018-10-01,718000,722000,711000,713000,42217,30172,,
2018-09-28,717000,719000,713000,716000,97465,69719,,
2018-09-27,715000,730000,712000,713000,78015,56096,,
2018-09-21,741000,743000,723000,725000,75131,54749,,
2018-09-20,722000,734000,722000,731000,57439,41968,,
2018-09-19,726000,734000,725000,731000,55286,40323,,
2018-09-18,720000,729000,720000,725000,55452,40166,,
2018-09-17,725000,731000,723000,728000,53951,39262,,
2018-09-14,726000,733000,724000,730000,73168,53349,,
2018-09-13,735000,735000,723000,723000,102811,74529,,
2018-09-12,730000,734000,726000,730000,58216,42468,,
2018-09-11,723000,731000,722000,726000,58594,42520,,
2018-09-10,720000,732000,720000,725000,71966,52163,,
2018-09-07,732000,735000,722000,732000,64573,47093,,
2018-09-06,736000,740000,727000,730000,70491,51561,,
2018-09-05,753000,753000,727000,736000,118285,86928,,
2018-09-04,757000,757000,749000,755000,37456,28193,,
2018-09-03,753000,755000,747000,754000,31207,23424,,
2018-08-31,747000,756000,746000,752000,57953,43523,,
2018-08-30,748000,757000,745000,746000,47795,35801,,
2018-08-29,756000,760000,748000,748000,54950,41282,,
2018-08-28,772000,772000,753000,756000,46667,35340,,
2018-08-27,763000,775000,760000,769000,44748,34426,,
2018-08-24,771000,779000,755000,758000,54260,41416,,
2018-08-23,755000,773000,752000,772000,99084,75959,,
2018-08-22,747000,748000,741000,747000,47935,35668,,
2018-08-21,754000,761000,747000,747000,48321,36328,,
2018-08-20,764000,766000,753000,755000,38936,29526,,
2018-08-17,754000,768000,748000,755000,38780,29317,,
2018-08-16,750000,763000,745000,750000,114099,85553,,
2018-08-14,760000,767000,754000,757000,61603,46774,,
2018-08-13,767000,767000,750000,755000,83668,63168,,
2018-08-10,777000,782000,770000,771000,69084,53621,,
2018-08-09,753000,779000,745000,779000,133034,102511,,
2018-08-08,742000,756000,742000,750000,62482,46775,,
2018-08-07,742000,754000,736000,744000,64837,48217,,
2018-08-06,733000,748000,731000,735000,60607,44804,,
2018-08-03,723000,731000,721000,731000,106877,77558,,
2018-08-02,728000,738000,721000,728000,80977,58896,,
2018-08-01,718000,728000,715000,728000,102959,74496,,
2018-07-31,726000,728000,712000,716000,123684,88643,,
2018-07-30,747000,748000,726000,730000,108666,79424,,
2018-07-27,735000,751000,733000,751000,113819,84530,,
2018-07-26,752000,761000,716000,751000,224252,167128,,
2018-07-25,759000,759000,742000,746000,94581,70670,,
2018-07-24,775000,776000,742000,745000,84503,63668,,
2018-07-23,771000,777000,765000,774000,81430,62820,,
2018-07-20,765000,772000,755000,770000,50449,38544,,
2018-07-19,772000,780000,763000,765000,50422,38849,,
2018-07-18,762000,771000,759000,764000,31762,24267,,
2018-07-17,769000,769000,755000,759000,52977,40233,,
2018-07-16,771000,773000,767000,771000,57725,44443,,
2018-07-13,780000,782000,765000,771000,75970,58644,,
2018-07-12,775000,782000,764000,782000,95967,74559,,
2018-07-11,763000,771000,757000,769000,86885,66525,,
2018-07-10,757000,768000,756000,760000,75129,57209,,
2018-07-09,749000,779000,748000,755000,94376,71415,,
2018-07-06,755000,758000,746000,749000,81867,61393,,
2018-07-05,756000,769000,756000,765000,57319,43644,,
2018-07-04,769000,779000,760000,768000,179939,138554,,
2018-07-03,759000,763000,743000,747000,86305,64587,,
2018-07-02,765000,765000,745000,751000,107918,81056,,
2018-06-29,750000,764000,748000,763000,155915,117937,,
2018-06-28,738000,751000,726000,747000,136537,101501,,
2018-06-27,747000,748000,739000,739000,87276,64827,,
2018-06-26,742000,746000,730000,735000,107528,79238,,
2018-06-25,728000,750000,727000,748000,255266,189303,,
2018-06-22,690000,724000,690000,723000,160314,114518,,
2018-06-21,685000,703000,684000,699000,117882,81877,,
2018-06-20,689000,692000,687000,689000,106479,73427,,
2018-06-19,690000,694000,688000,688000,110322,76157,,
2018-06-18,690000,695000,686000,694000,105859,73248,,
2018-06-15,705000,706000,687000,690000,140302,96787,,
2018-06-14,719000,725000,705000,707000,158911,113125,,
2018-06-12,712000,719000,704000,717000,124267,88495,,
2018-06-11,701000,712000,695000,711000,137850,97556,,
2018-06-08,680000,708000,680000,701000,188291,131534,,
2018-06-07,675000,682000,674000,680000,78181,53094,,
2018-06-05,678000,680000,664000,674000,67152,45282,,
2018-06-04,681000,687000,671000,673000,81871,55582,,
2018-06-01,674000,686000,672000,680000,91461,62175,,
2018-05-31,660000,671000,654000,669000,210193,140351,,
2018-05-30,667000,670000,648000,652000,133965,87714,,
2018-05-29,679000,680000,667000,668000,93537,62752,,
2018-05-28,685000,687000,679000,680000,54086,36837,,
2018-05-25,685000,694000,682000,685000,75755,51958,,
2018-05-24,682000,685000,678000,680000,44487,30277,,
2018-05-23,680000,688000,677000,684000,86056,58801,,
2018-05-21,686000,690000,676000,682000,101118,68915,,
2018-05-18,697000,700000,684000,688000,113041,77788,,
2018-05-17,700000,703000,697000,697000,92363,64564,,
2018-05-16,712000,715000,698000,700000,124013,87124,,
2018-05-15,714000,718000,711000,711000,79945,56995,,
2018-05-14,720000,722000,714000,717000,57749,41404,,
2018-05-11,721000,729000,714000,717000,109545,78761,,
2018-05-10,730000,735000,718000,720000,83361,60301,,
2018-05-09,730000,740000,723000,727000,95131,69620,,
2018-05-08,727000,738000,721000,731000,97455,71279,,
2018-05-04,725000,735000,717000,717000,102357,74233,,
2018-05-03,739000,745000,726000,727000,63328,46633,,
2018-05-02,726000,739000,724000,738000,101865,74573,,
2018-04-30,721000,721000,712000,716000,79731,57069,,
2018-04-27,725000,727000,712000,716000,209837,150411,,
2018-04-26,732000,746000,725000,725000,214225,156440,,
2018-04-25,726000,751000,724000,743000,123783,91655,,
2018-04-24,735000,735000,722000,725000,99598,72214,,
2018-04-23,727000,738000,727000,735000,62432,45773,,
2018-04-20,738000,745000,726000,728000,95897,70168,,
2018-04-19,742000,748000,734000,738000,124519,91791,,
2018-04-18,751000,758000,750000,752000,83269,62705,,
2018-04-17,754000,758000,745000,748000,88425,66170,,
2018-04-16,765000,765000,750000,751000,78420,59153,,
2018-04-13,758000,766000,753000,764000,68271,51854,,
2018-04-12,769000,771000,755000,757000,111805,84808,,
2018-04-11,772000,781000,769000,771000,61650,47688,,
2018-04-10,771000,783000,769000,775000,79128,61421,,
2018-04-09,769000,774000,764000,774000,58079,44611,,
2018-04-06,776000,782000,766000,770000,76814,59265,,
2018-04-05,764000,779000,762000,779000,94462,73048,,
2018-04-04,782000,786000,747000,754000,165929,126536,,
2018-04-03,798000,799000,780000,785000,68203,53601,,
2018-04-02,783000,792000,782000,785000,79620,62494,,
2018-03-30,794000,799000,786000,792000,57761,45673,,
2018-03-29,784000,790000,778000,786000,67560,52764,,
2018-03-28,787000,793000,777000,784000,52460,41007,,
2018-03-27,800000,800000,786000,789000,56632,44745,,
2018-03-26,778000,790000,777000,789000,55239,43364,,
2018-03-23,788000,792000,780000,783000,97868,76827,,
2018-03-22,799000,805000,798000,803000,67346,54004,,
2018-03-21,795000,798000,792000,794000,84913,67548,,
2018-03-20,777000,796000,774000,795000,88391,69613,,
2018-03-19,801000,802000,782000,785000,120014,94403,,
2018-03-16,816000,817000,797000,801000,143598,115033,,
2018-03-15,813000,824000,807000,820000,68305,55929,,
2018-03-14,813000,814000,801000,809000,75328,60847,,
2018-03-13,806000,826000,803000,820000,121223,99528,,
2018-03-12,808000,815000,804000,806000,69011,55831,,
2018-03-09,803000,814000,797000,802000,85805,68934,,
2018-03-08,798000,799000,791000,799000,79218,63114,,
2018-03-07,804000,805000,791000,795000,72110,57485,,
2018-03-06,786000,800000,782000,796000,78012,61765,,
2018-03-05,786000,790000,779000,779000,79122,61886,,
2018-03-02,794000,800000,772000,786000,217305,170531,,
2018-02-28,808000,818000,802000,803000,390265,308533,,
2018-02-27,810000,813000,801000,804000,142978,115214,,
2018-02-26,834000,834000,808000,810000,127128,103242,,
2018-02-23,831000,842000,820000,829000,70864,58725,,
2018-02-22,831000,837000,819000,827000,72242,59812,,
2018-02-21,810000,836000,809000,833000,141568,117070,,
2018-02-20,818000,818000,804000,807000,67201,54322,,
2018-02-19,830000,830000,815000,820000,83337,68379,,
2018-02-14,812000,819000,808000,811000,74164,60178,,
2018-02-13,813000,822000,803000,805000,137025,111421,,
2018-02-12,817000,817000,798000,800000,190743,153152,,
2018-02-09,817000,830000,806000,808000,158070,128344,,
2018-02-08,860000,860000,842000,843000,102950,87415,,
2018-02-07,870000,872000,840000,843000,95763,82002,,
2018-02-06,864000,878000,838000,851000,154539,131727,,
2018-02-05,905000,905000,877000,879000,96967,86034,,
2018-02-02,930000,932000,902000,905000,82151,75212,,
2018-02-01,910000,932000,909000,923000,80607,74592,,
2018-01-31,933000,945000,910000,910000,125184,115017,,
2018-01-30,928000,950000,923000,931000,102118,95725,,
2018-01-29,923000,948000,922000,932000,102916,96555,,
2018-01-26,913000,929000,910000,927000,111369,102763,,
2018-01-25,878000,922000,867000,913000,169190,153009,,
2018-01-24,889000,889000,870000,878000,118121,103588,,
2018-01-23,899000,899000,884000,889000,80475,71591,,
2018-01-22,884000,893000,882000,893000,75543,67160,,
2018-01-19,905000,907000,880000,881000,100565,89280,,
2018-01-18,893000,906000,893000,903000,90308,81273,,
2018-01-17,903000,906000,888000,888000,107026,95480,,
2018-01-16,919000,924000,893000,903000,95302,85984,,
2018-01-15,917000,925000,911000,921000,59200,54443,,
2018-01-12,920000,930000,901000,909000,89414,81400,,
2018-01-11,928000,934000,909000,917000,93854,86245,,
2018-01-10,943000,975000,927000,928000,120097,113042,,
2018-01-09,944000,952000,933000,944000,78027,73681,,
2018-01-08,915000,953000,908000,950000,196338,185151,,
2018-01-05,893000,918000,880000,908000,136811,123266,,
2018-01-04,879000,897000,873000,893000,130112,115228,,
2018-01-03,876000,884000,864000,871000,84790,73862,,
2018-01-02,871000,885000,870000,885000,93587,82418,,
2017-12-28,880000,881000,860000,870000,65370,56706,,
2017-12-27,872000,878000,866000,877000,57356,50084,4,0.00
2017-12-26,865000,880000,859000,874000,103805,90617,,
2017-12-22,850000,864000,843000,862000,87458,74957,,
2017-12-21,849000,853000,834000,842000,82697,69733,,
2017-12-20,859000,868000,849000,849000,68341,58373,,
2017-12-19,863000,870000,850000,855000,79667,68289,,
2017-12-18,844000,865000,840000,860000,118097,101273,,
2017-12-15,841000,844000,837000,844000,91136,76764,,
2017-12-14,842000,849000,835000,835000,143097,120314,,
2017-12-13,829000,842000,824000,841000,71600,59968,,
2017-12-12,822000,845000,822000,828000,73019,60675,,
2017-12-11,830000,835000,820000,826000,57600,47468,,
2017-12-08,835000,838000,821000,830000,58893,48755,,
2017-12-07,834000,848000,829000,837000,155000,129826,,
2017-12-06,833000,834000,824000,826000,69199,57248,,
2017-12-05,840000,843000,831000,833000,64004,53396,,
2017-12-04,837000,848000,828000,839000,136027,113797,,
2017-12-01,809000,833000,801000,831000,153285,126447,,
2017-11-30,811000,811000,800000,800000,157332,126340,,
2017-11-29,805000,814000,802000,812000,91818,74164,,
2017-11-28,799000,811000,796000,807000,95372,76851,,
2017-11-27,808000,809000,788000,795000,117386,93358,,
2017-11-24,800000,812000,797000,810000,68255,54995,,
2017-11-23,805000,807000,794000,801000,67619,54046,,
2017-11-22,814000,815000,798000,801000,95432,76629,,
2017-11-21,802000,810000,798000,808000,79682,64146,,
2017-11-20,808000,809000,796000,801000,85893,68938,,
2017-11-17,807000,822000,802000,805000,145275,117663,,
2017-11-16,805000,808000,798000,802000,86510,69500,,
2017-11-15,805000,808000,792000,805000,91183,73162,,
2017-11-14,822000,822000,802000,805000,118432,95795,,
2017-11-13,811000,824000,807000,819000,94173,76865,,
2017-11-10,822000,830000,807000,814000,157249,127818,,
2017-11-09,843000,844000,824000,825000,176602,146797,,
2017-11-08,854000,856000,842000,849000,102691,87090,,
2017-11-07,872000,872000,850000,860000,84428,72620,,
2017-11-06,860000,874000,855000,861000,64415,55487,,
2017-11-03,852000,868000,850000,863000,62974,54196,,
2017-11-02,860000,873000,855000,856000,70554,60750,,
2017-11-01,870000,879000,853000,860000,232078,200398,,
2017-10-31,875000,896000,868000,894000,131019,115602,,
2017-10-30,887000,899000,870000,876000,105718,93069,,
2017-10-27,860000,879000,860000,879000,236645,206498,,
2017-10-26,844000,854000,830000,840000,342341,288452,,
2017-10-25,800000,811000,795000,804000,93258,74967,,
2017-10-24,797000,810000,795000,801000,55457,44492,,
2017-10-23,806000,812000,793000,799000,64870,51805,,
2017-10-20,818000,823000,792000,801000,103091,82718,,
2017-10-19,818000,826000,805000,811000,179233,146396,,
2017-10-18,768000,817000,768000,815000,219631,176884,,
2017-10-17,767000,772000,764000,768000,92894,71315,,
2017-10-16,764000,767000,759000,762000,65306,49817,,
2017-10-13,768000,768000,758000,762000,73043,55580,,
2017-10-12,751000,772000,751000,768000,114527,87708,,
2017-10-11,751000,755000,746000,751000,59229,44435,,
2017-10-10,747000,770000,744000,756000,164559,124515,,
2017-09-29,733000,749000,733000,745000,52799,39279,,
2017-09-28,730000,745000,730000,733000,108761,79964,,
2017-09-27,750000,752000,734000,734000,92054,68090,,
2017-09-26,746000,755000,736000,753000,75843,56771,,
2017-09-25,760000,763000,749000,754000,73864,55711,,
2017-09-22,765000,775000,755000,764000,64961,49619,,
2017-09-21,777000,781000,760000,763000,67757,51898,,
2017-09-20,774000,787000,767000,783000,86367,67463,,
2017-09-19,775000,777000,764000,770000,73974,56846,,
2017-09-18,762000,786000,761000,781000,122896,95650,,
2017-09-15,764000,764000,752000,760000,99262,75275,,
2017-09-14,730000,769000,729000,765000,226589,171526,,
2017-09-13,733000,735000,725000,729000,74276,54109,,
2017-09-12,723000,742000,718000,735000,83031,60814,,
2017-09-11,727000,727000,717000,720000,75517,54356,,
2017-09-08,725000,733000,724000,727000,70880,51525,,
2017-09-07,736000,737000,730000,730000,68175,49918,,
2017-09-06,729000,739000,725000,737000,80239,58898,,
2017-09-05,728000,742000,727000,736000,97577,71742,,
2017-09-04,724000,734000,724000,726000,140477,102097,,
2017-09-01,757000,761000,745000,746000,146540,110100,,
2017-08-31,769000,770000,751000,755000,198250,149911,,
2017-08-30,778000,783000,771000,774000,112999,87502,,
2017-08-29,779000,780000,767000,778000,105691,81790,,
2017-08-28,781000,793000,779000,783000,109037,85610,,
2017-08-25,771000,787000,771000,780000,82607,64381,,
2017-08-24,770000,774000,766000,771000,116996,90120,,
2017-08-23,772000,781000,770000,773000,97015,75144,,
2017-08-22,781000,781000,763000,767000,229898,174060,,
2017-08-21,784000,785000,775000,781000,40484,31473,,
2017-08-18,773000,785000,773000,784000,52621,41003,,
2017-08-17,781000,786000,776000,777000,73408,57151,,
2017-08-16,780000,790000,779000,787000,69817,54802,,
2017-08-14,807000,807000,776000,779000,79397,62137,,
2017-08-11,781000,798000,780000,795000,53942,42631,,
2017-08-10,794000,802000,791000,794000,73502,58481,,
2017-08-09,798000,807000,797000,798000,51973,41553,,
2017-08-08,801000,816000,800000,810000,104049,84318,,
2017-08-07,777000,803000,768000,796000,148923,117519,,
2017-08-04,779000,785000,776000,776000,67353,52524,,
2017-08-03,794000,798000,775000,778000,134930,105453,,
2017-08-02,792000,800000,791000,795000,83691,66546,,
2017-08-01,794000,802000,790000,796000,82928,66057,,
2017-07-31,799000,808000,786000,803000,87685,70197,,
2017-07-28,821000,824000,799000,799000,125875,101476,,
2017-07-27,820000,829000,819000,825000,70479,58099,,
2017-07-26,840000,841000,819000,825000,82343,68016,,
2017-07-25,834000,838000,824000,837000,65990,54989,,
2017-07-24,837000,838000,821000,833000,68561,56840,,
2017-07-21,832000,840000,832000,839000,60799,50866,,
2017-07-20,833000,842000,827000,835000,63638,53023,,
2017-07-19,831000,842000,830000,835000,69438,58011,,
2017-07-18,841000,844000,826000,830000,63292,52867,,
2017-07-17,840000,844000,835000,839000,84952,71353,,
2017-07-14,829000,839000,826000,839000,98662,82417,,
2017-07-13,817000,837000,817000,830000,91884,76333,,
2017-07-12,831000,839000,815000,821000,70912,58389,,
2017-07-11,813000,835000,813000,830000,82714,68431,,
2017-07-10,829000,834000,813000,813000,94323,77110,,
2017-07-07,825000,841000,822000,838000,93149,77677,,
2017-07-06,834000,835000,818000,825000,108236,89182,,
2017-07-05,837000,840000,831000,835000,65120,54348,,
2017-07-04,840000,847000,837000,840000,44926,37766,,
2017-07-03,844000,850000,833000,844000,64145,53923,,
2017-06-30,845000,850000,835000,838000,111979,93994,,
2017-06-29,864000,868000,851000,853000,72186,61904,,
2017-06-28,858000,865000,851000,861000,101311,86910,,
2017-06-27,890000,902000,866000,869000,686346,607635,,
2017-06-26,891000,903000,881000,888000,58948,52561,,
2017-06-23,884000,896000,875000,887000,61621,54603,,
2017-06-22,878000,888000,871000,880000,59325,52172,,
2017-06-21,857000,881000,832000,880000,97753,84421,,
2017-06-20,892000,893000,864000,866000,83933,73193,,
2017-06-19,887000,898000,876000,878000,63532,56109,,
2017-06-16,889000,892000,873000,892000,96765,85346,,
2017-06-15,880000,896000,879000,885000,76874,68041,,
2017-06-14,898000,914000,875000,883000,133198,118178,,
2017-06-13,895000,919000,891000,895000,112622,101324,,
2017-06-12,926000,933000,895000,895000,198383,180177,,
2017-06-09,895000,975000,894000,960000,183462,173021,,
2017-06-08,885000,893000,877000,890000,105056,93188,,
2017-06-07,876000,888000,871000,876000,84108,73958,,
2017-06-05,854000,887000,854000,876000,104348,91652,,
2017-06-02,843000,864000,843000,864000,68640,58992,,
2017-06-01,850000,860000,842000,842000,55107,46789,,
2017-05-31,849000,864000,843000,845000,95528,81334,,
2017-05-30,856000,859000,845000,852000,67161,57149,,
2017-05-29,860000,864000,852000,856000,45405,38926,,
2017-05-26,860000,863000,854000,855000,61658,52921,,
2017-05-25,855000,858000,848000,852000,66807,57129,,
2017-05-24,850000,855000,842000,852000,91609,77981,,
2017-05-23,846000,850000,838000,842000,74596,62938,,
2017-05-22,848000,848000,834000,847000,70139,59025,,
2017-05-19,822000,833000,822000,832000,125157,103770,,
2017-05-18,829000,832000,817000,824000,58999,48655,,
2017-05-17,835000,838000,829000,832000,73344,61004,,
2017-05-16,839000,850000,830000,839000,54957,46010,,
2017-05-15,853000,854000,834000,839000,47526,40010,,
2017-05-12,864000,865000,842000,848000,76597,65132,,
2017-05-11,841000,866000,837000,866000,174898,149561,,
2017-05-10,859000,878000,823000,824000,141076,119098,,
2017-05-08,823000,845000,815000,845000,133891,111479,,
2017-05-04,806000,823000,803000,823000,88182,71604,,
2017-05-02,800000,807000,790000,801000,108742,87094,,
2017-04-28,791000,803000,791000,800000,112573,89825,,
2017-04-27,796000,800000,785000,791000,169134,133508,,
2017-04-26,815000,816000,804000,807000,161105,130423,,
2017-04-25,815000,815000,803000,815000,151351,122566,,
2017-04-24,811000,813000,805000,810000,86866,70145,,
2017-04-21,801000,813000,796000,813000,85913,69320,,
2017-04-20,785000,800000,781000,796000,98297,77794,,
2017-04-19,778000,785000,777000,777000,82834,64598,,
2017-04-18,791000,791000,777000,778000,54222,42298,,
2017-04-17,780000,793000,773000,785000,55583,43610,,
2017-04-14,798000,811000,786000,787000,59789,47445,,
2017-04-13,773000,803000,770000,802000,173040,136801,,
2017-04-12,773000,777000,757000,768000,205449,156766,,
2017-04-11,810000,811000,767000,770000,263066,204189,,
2017-04-10,823000,828000,811000,818000,71406,58360,,
2017-04-07,837000,842000,825000,828000,57671,47888,,
2017-04-06,838000,840000,826000,840000,72103,60161,,
2017-04-05,857000,859000,835000,843000,99674,84157,,
2017-04-04,868000,869000,846000,850000,59594,51010,,
2017-04-03,855000,878000,843000,873000,54884,47809,,
2017-03-31,861000,870000,854000,855000,50026,42957,,
2017-03-30,865000,874000,856000,861000,57075,49337,,
2017-03-29,859000,865000,854000,864000,58716,50406,,
2017-03-28,885000,886000,851000,853000,82475,70988,,
2017-03-27,865000,892000,865000,885000,60459,53301,,
2017-03-24,864000,880000,864000,872000,55786,48626,,
2017-03-23,860000,872000,851000,864000,80062,69199,,
2017-03-22,870000,871000,846000,849000,79212,67570,,
2017-03-21,828000,872000,825000,871000,150195,128696,,
2017-03-20,830000,830000,810000,818000,59293,48541,,
2017-03-17,825000,833000,819000,827000,59069,48740,,
2017-03-16,834000,835000,817000,819000,53315,43940,,
2017-03-15,817000,826000,810000,820000,40787,33332,,
2017-03-14,827000,833000,811000,815000,94487,77285,,
2017-03-13,800000,833000,799000,826000,83464,68529,,
2017-03-10,789000,802000,783000,800000,48907,38817,,
2017-03-09,801000,806000,789000,789000,75785,60094,,
2017-03-08,798000,807000,791000,800000,56378,44965,,
2017-03-07,800000,806000,794000,799000,48316,38612,,
2017-03-06,810000,817000,795000,800000,57995,46482,,
2017-03-03,816000,839000,794000,809000,98302,79707,,
2017-03-02,799000,819000,790000,815000,150962,121594,,
2017-02-28,794000,800000,776000,776000,97398,76061,,
2017-02-27,800000,807000,792000,796000,33895,27080,,
2017-02-24,803000,807000,793000,803000,77173,61744,,
2017-02-23,805000,815000,804000,808000,96955,78327,,
2017-02-22,788000,800000,786000,797000,107372,85606,,
2017-02-21,778000,793000,776000,790000,115574,90867,,
2017-02-20,773000,784000,772000,781000,75042,58478,,
2017-02-17,773000,785000,772000,780000,104341,81283,,
2017-02-16,770000,777000,769000,777000,73821,57101,,
2017-02-15,769000,777000,768000,773000,66435,51362,,
2017-02-14,785000,790000,766000,770000,119907,92520,,
2017-02-13,800000,803000,788000,795000,59380,47146,,
2017-02-10,795000,795000,787000,795000,67489,53445,,
2017-02-09,788000,796000,783000,787000,102023,80398,,
2017-02-08,799000,799000,791000,795000,77643,61691,,
2017-02-07,778000,802000,775000,800000,135111,107207,,
2017-02-06,781000,781000,772000,779000,127029,98723,,
2017-02-03,770000,776000,767000,774000,142414,110044,,
2017-02-02,776000,780000,770000,772000,121050,93535,,
2017-02-01,761000,774000,760000,771000,92541,71304,,
2017-01-31,750000,767000,743000,758000,127610,96819,,
2017-01-26,751000,763000,736000,753000,274419,205964,,
2017-01-25,763000,768000,760000,763000,119005,90783,,
2017-01-24,771000,771000,760000,761000,106880,81593,,
2017-01-23,778000,779000,763000,771000,90668,69868,,
2017-01-20,797000,798000,785000,785000,73435,57987,,
2017-01-19,787000,806000,787000,801000,67811,54265,,
2017-01-18,800000,800000,787000,788000,55176,43688,,
2017-01-17,787000,797000,782000,795000,50942,40406,,
2017-01-16,792000,801000,774000,794000,55042,43589,,
2017-01-13,802000,805000,787000,790000,68231,53999,,
2017-01-12,799000,815000,796000,802000,56389,45220,,
2017-01-11,786000,802000,786000,796000,48742,38825,,
2017-01-10,787000,793000,779000,792000,47372,37319,,
2017-01-09,791000,799000,777000,779000,76688,60031,,
2017-01-06,791000,801000,786000,799000,50269,40076,,
2017-01-05,810000,810000,791000,791000,68724,54777,,
2017-01-04,775000,810000,771000,810000,120359,95759,,
2017-01-03,777000,777000,767000,767000,51766,39787,,
2017-01-02,778000,787000,775000,777000,30777,24066,,
2016-12-29,758000,777000,754000,775000,56324,43323,,
2016-12-28,785000,785000,763000,763000,57737,44426,,
2016-12-27,766000,773000,763000,772000,31962,24520,,
2016-12-26,766000,773000,765000,765000,20665,15866,,
2016-12-23,771000,777000,762000,768000,53375,41049,,
2016-12-22,779000,786000,767000,773000,78677,60784,,
2016-12-21,795000,797000,779000,779000,44194,34696,,
2016-12-20,800000,802000,785000,787000,65614,51711,,
2016-12-19,801000,806000,796000,800000,47789,38220,,
2016-12-16,797000,806000,789000,806000,100221,80281,,
2016-12-15,785000,794000,784000,786000,83964,66099,,
2016-12-14,793000,796000,781000,785000,52767,41534,,
2016-12-13,794000,795000,782000,786000,60797,47842,,
2016-12-12,804000,808000,788000,792000,60521,47950,,
2016-12-09,804000,814000,796000,800000,82302,66146,,
2016-12-08,756000,804000,756000,804000,134987,106485,,
2016-12-07,757000,762000,749000,750000,52901,39864,,
2016-12-06,774000,778000,750000,756000,98542,74995,,
2016-12-05,749000,769000,744000,764000,82134,62484,,
2016-12-02,777000,777000,754000,755000,79960,60738,,
2016-12-01,790000,798000,764000,764000,103862,80896,,
2016-11-30,802000,810000,786000,798000,168587,134495,,
2016-11-29,802000,815000,801000,801000,56621,45741,,
2016-11-28,802000,815000,792000,808000,76152,61595,,
2016-11-25,810000,817000,802000,805000,124784,101481,,
2016-11-24,789000,805000,783000,802000,70341,55872,,
2016-11-23,795000,809000,792000,795000,75510,60354,,
2016-11-22,788000,813000,787000,810000,105354,84665,,
2016-11-21,771000,799000,759000,786000,147242,115681,,
2016-11-18,760000,773000,750000,771000,144474,110424,,
2016-11-17,748000,755000,743000,745000,99389,74190,,
2016-11-16,751000,759000,741000,751000,154996,116215,,
2016-11-15,746000,762000,739000,744000,133064,99715,,
2016-11-14,760000,779000,746000,746000,139465,105721,,
2016-11-11,781000,790000,757000,760000,214331,163676,,
2016-11-10,816000,819000,801000,806000,82529,66546,,
2016-11-09,826000,827000,784000,805000,124375,99745,,
2016-11-08,829000,838000,811000,815000,62904,51475,,
2016-11-07,798000,829000,795000,820000,99899,81612,,
2016-11-04,808000,810000,785000,789000,102475,81046,,
2016-11-03,826000,826000,812000,812000,68345,55913,,
2016-11-02,849000,850000,823000,826000,85366,71178,,
2016-11-01,860000,860000,832000,847000,224653,190553,,
2016-10-31,858000,866000,847000,857000,66212,56890,,
2016-10-28,871000,876000,855000,860000,80422,69662,,
2016-10-27,863000,883000,853000,859000,178398,153466,,
2016-10-26,827000,852000,827000,848000,71085,59999,,
2016-10-25,825000,843000,825000,837000,86741,72526,,
2016-10-24,826000,836000,826000,833000,135275,112353,,
2016-10-21,838000,840000,829000,831000,60552,50403,,
2016-10-20,830000,845000,826000,844000,116179,97276,,
2016-10-19,841000,845000,823000,829000,85601,71102,,
2016-10-18,854000,858000,838000,846000,81061,68434,,
2016-10-17,842000,857000,833000,851000,77721,65937,,
2016-10-14,831000,849000,831000,844000,56239,47252,,
2016-10-13,859000,863000,827000,827000,96099,80495,,
2016-10-12,870000,880000,862000,864000,64084,55702,,
2016-10-11,888000,894000,853000,862000,70122,60943,,
2016-10-10,853000,880000,848000,872000,69249,60389,,
2016-10-07,860000,861000,834000,843000,75928,63927,,
2016-10-06,869000,874000,852000,861000,54843,47285,,
2016-10-05,853000,875000,851000,867000,66523,57592,,
2016-10-04,883000,884000,850000,858000,109200,94136,,
2016-09-30,886000,888000,859000,883000,172513,150220,,
2016-09-29,890000,903000,887000,900000,77187,69147,,
2016-09-28,886000,895000,884000,887000,54783,48682,,
2016-09-27,876000,890000,866000,884000,80703,71163,,
2016-09-26,879000,884000,869000,876000,42051,36839,,
2016-09-23,882000,882000,861000,878000,74094,64681,,
2016-09-22,867000,874000,855000,873000,112398,97524,,
2016-09-21,836000,864000,836000,855000,108756,93055,,
2016-09-20,858000,867000,835000,836000,109454,92186,,
2016-09-19,853000,870000,845000,856000,117354,100682,,
2016-09-13,850000,851000,833000,841000,69669,58493,,
2016-09-12,835000,843000,831000,840000,69512,58227,,
2016-09-09,852000,860000,841000,847000,83335,70680,,
2016-09-08,869000,872000,851000,869000,78393,67467,,
2016-09-07,843000,874000,838000,872000,87219,74829,,
2016-09-06,858000,875000,833000,843000,120907,102533,,
2016-09-05,842000,855000,842000,850000,51800,43974,,
2016-09-02,833000,835000,822000,831000,65593,54433,,
2016-09-01,845000,847000,819000,829000,90304,74964,,
2016-08-31,843000,850000,827000,845000,158267,133149,,
2016-08-30,811000,821000,805000,821000,70624,57522,,
2016-08-29,806000,819000,800000,810000,84039,67905,,
2016-08-26,796000,809000,796000,805000,75008,60292,,
2016-08-25,812000,812000,802000,804000,96952,78050,,
2016-08-24,807000,814000,800000,812000,71904,58135,,
2016-08-23,801000,808000,795000,806000,69435,55733,,
2016-08-22,800000,803000,793000,795000,80005,63698,,
2016-08-19,807000,811000,798000,805000,137384,110104,,
2016-08-18,792000,801000,790000,801000,92495,73841,,
2016-08-17,775000,792000,775000,790000,69851,54981,,
2016-08-16,784000,798000,783000,790000,112935,89272,,
2016-08-12,777000,784000,777000,782000,51184,39898,,
2016-08-11,779000,779000,769000,778000,76227,59108,,
2016-08-10,765000,776000,759000,775000,160412,123684,,
2016-08-09,754000,757000,750000,755000,168810,127403,,
2016-08-08,728000,749000,727000,749000,116945,87034,,
2016-08-05,711000,725000,705000,723000,55159,39510,,
2016-08-04,713000,714000,701000,707000,51248,36206,,
2016-08-03,710000,713000,702000,705000,49681,35174,,
2016-08-02,701000,715000,699000,713000,48938,34607,,
2016-08-01,711000,713000,678000,701000,145886,101705,,
2016-07-29,710000,717000,708000,710000,106351,75605,,
2016-07-28,717000,719000,707000,710000,98214,69937,,
2016-07-27,710000,718000,710000,712000,58607,41786,,
2016-07-26,711000,714000,702000,710000,57867,41130,,
2016-07-25,708000,714000,708000,710000,51417,36540,,
2016-07-22,706000,712000,704000,705000,90330,64028,,
2016-07-21,698000,706000,697000,704000,108311,75978,,
2016-07-20,715000,717000,691000,695000,201850,141137,,
2016-07-19,718000,721000,707000,718000,110798,79317,,
2016-07-18,717000,718000,706000,712000,150928,107269,,
2016-07-15,750000,753000,706000,716000,306084,221197,,
2016-07-14,751000,754000,734000,734000,165410,122561,,
2016-07-13,760000,768000,748000,758000,155150,117068,,
2016-07-12,759000,768000,748000,755000,127011,95846,,
2016-07-11,745000,758000,743000,754000,108205,81364,,
2016-07-08,751000,756000,748000,750000,73753,55409,,
2016-07-07,752000,770000,748000,753000,68516,51692,,
2016-07-06,750000,750000,730000,745000,122446,90602,,
2016-07-05,730000,756000,730000,750000,127066,95032,,
2016-07-04,716000,729000,712000,727000,117837,84597,,
2016-07-01,713000,723000,713000,713000,76569,54834,,
2016-06-30,710000,717000,707000,710000,153533,109315,,
2016-06-29,715000,724000,713000,713000,148394,106184,,
2016-06-28,701000,719000,700000,719000,154017,109573,,
2016-06-27,728000,730000,706000,710000,234896,167443,,
2016-06-24,745000,759000,721000,739000,173581,127913,,
2016-06-23,733000,760000,732000,747000,226122,168874,,
2016-06-22,699000,730000,699000,730000,201087,144726,,
2016-06-21,694000,698000,688000,697000,61540,42709,,
2016-06-20,697000,697000,684000,692000,61510,42351,,
2016-06-17,701000,702000,688000,689000,73560,51137,,
2016-06-16,691000,701000,691000,701000,59844,41699,,
2016-06-15,704000,709000,692000,697000,70465,49131,,
2016-06-14,689000,702000,679000,697000,130979,90888,,
2016-06-13,714000,714000,686000,697000,160118,111773,,
2016-06-10,731000,733000,717000,720000,95001,68500,,
2016-06-09,731000,733000,712000,720000,134568,97226,,
2016-06-08,709000,725000,708000,722000,111238,80001,,
2016-06-07,728000,729000,705000,707000,99661,71044,,
2016-06-03,702000,708000,695000,707000,87753,61765,,
2016-06-02,694000,713000,691000,697000,101813,71360,,
2016-06-01,700000,701000,666000,687000,336227,230238,,
2016-05-31,710000,720000,706000,720000,115867,82901,,
2016-05-30,705000,712000,702000,710000,82852,58541,,
2016-05-27,705000,706000,695000,700000,45014,31503,,
2016-05-26,704000,709000,699000,703000,45223,31800,,
2016-05-25,701000,709000,695000,704000,92645,65267,,
2016-05-24,690000,703000,686000,694000,55240,38474,,
2016-05-23,690000,690000,673000,690000,57779,39482,,
2016-05-20,708000,710000,682000,688000,76520,52945,,
2016-05-19,687000,701000,687000,701000,50218,34866,,
2016-05-18,694000,698000,682000,698000,175078,120933,,
2016-05-17,691000,694000,686000,694000,68326,47246,,
2016-05-16,671000,695000,671000,692000,64530,44538,,
2016-05-13,675000,687000,668000,677000,92573,62631,,
2016-05-12,695000,697000,676000,676000,67686,46116,,
2016-05-11,700000,702000,690000,693000,88336,61277,,
2016-05-10,708000,714000,695000,707000,106455,75014,,
2016-05-09,699000,705000,687000,700000,202321,141534,,
2016-05-04,679000,683000,670000,680000,139450,94588,,
2016-05-03,682000,682000,675000,676000,68780,46625,,
2016-05-02,679000,680000,667000,678000,57779,39012,,
2016-04-29,668000,681000,666000,677000,181733,122367,,
2016-04-28,691000,691000,646000,659000,228211,152882,,
2016-04-27,648000,665000,640000,665000,80668,52562,,
2016-04-26,663000,672000,649000,654000,157920,104387,,
2016-04-25,662000,665000,655000,662000,71124,46875,,
2016-04-22,660000,665000,657000,663000,38974,25772,,
2016-04-21,660000,667000,656000,667000,82414,54685,,
2016-04-20,666000,668000,651000,654000,92783,60753,,
2016-04-19,661000,672000,661000,669000,90281,60310,,
2016-04-18,668000,672000,657000,661000,74941,49635,,
2016-04-15,672000,677000,668000,673000,80228,53815,,
2016-04-14,690000,691000,668000,673000,89049,59966,,
2016-04-12,666000,672000,660000,670000,55658,37139,,
2016-04-11,663000,670000,656000,664000,59360,39468,,
2016-04-08,667000,670000,660000,663000,72693,48254,,
2016-04-07,651000,677000,649000,675000,141392,94675,,
2016-04-06,645000,651000,642000,649000,84628,54733,,
2016-04-05,650000,653000,648000,652000,92265,59961,,
2016-04-04,632000,651000,632000,651000,108339,70177,,
2016-04-01,645000,645000,624000,628000,62556,39564,,
2016-03-31,645000,646000,633000,637000,107783,68847,,
2016-03-30,649000,649000,632000,637000,89180,57144,,
2016-03-29,617000,640000,616000,640000,71050,44774,,
2016-03-28,616000,628000,615000,617000,54766,33976,,
2016-03-25,624000,629000,611000,613000,104353,64289,,
2016-03-24,638000,642000,621000,624000,73071,45897,,
2016-03-23,650000,652000,627000,634000,94009,59761,,
2016-03-22,641000,654000,639000,649000,99260,64337,,
2016-03-21,634000,648000,633000,642000,63761,40745,,
2016-03-18,633000,642000,630000,639000,59518,37845,,
2016-03-17,649000,649000,630000,636000,79516,50515,,
2016-03-16,644000,647000,635000,640000,41993,26916,,
2016-03-15,635000,648000,632000,641000,51664,33116,,
2016-03-14,641000,642000,625000,635000,52825,33516,,
2016-03-11,638000,649000,631000,636000,108114,69233,,
2016-03-10,608000,644000,602000,635000,136851,86014,,
2016-03-09,601000,610000,600000,608000,37660,22819,,
2016-03-08,588000,612000,588000,604000,49925,30130,,
2016-03-07,615000,619000,599000,599000,75885,45943,,
2016-03-04,615000,621000,604000,613000,66116,40531,,
2016-03-03,615000,615000,602000,610000,74873,45688,,
2016-03-02,584000,612000,581000,609000,119099,72023,,
2016-02-29,580000,585000,570000,572000,78709,45354,,
2016-02-26,581000,586000,575000,580000,45972,26667,,
2016-02-25,581000,589000,578000,582000,57095,33328,,
2016-02-24,583000,584000,572000,580000,71221,41173,,
2016-02-23,569000,587000,568000,584000,111857,64932,,
2016-02-22,575000,581000,565000,565000,86272,49334,,
2016-02-19,579000,582000,568000,573000,76728,43913,,
2016-02-18,578000,588000,576000,582000,83228,48400,,
2016-02-17,578000,587000,574000,575000,158463,91701,,
2016-02-16,553000,580000,553000,575000,123943,71320,,
2016-02-15,561000,567000,548000,556000,146518,81495,,
2016-02-12,555000,566000,544000,556000,198082,109863,,
2016-02-11,589000,589000,563000,563000,184341,105285,,
2016-02-05,600000,605000,596000,599000,55313,33234,,
2016-02-04,606000,607000,594000,602000,87070,52327,,
2016-02-03,593000,606000,593000,601000,94740,56920,,
2016-02-02,611000,618000,592000,600000,223453,133917,,
2016-02-01,622000,629000,608000,613000,144528,89284,,
2016-01-29,627000,631000,605000,628000,269400,165910,,
2016-01-28,642000,650000,621000,631000,277566,175957,,
2016-01-27,687000,687000,666000,674000,66471,44968,,
2016-01-26,675000,681000,671000,680000,56078,37997,,
2016-01-25,668000,677000,657000,673000,61255,41177,,
2016-01-22,650000,668000,640000,668000,91200,59966,,
2016-01-21,656000,657000,631000,639000,135186,86834,,
2016-01-20,670000,673000,651000,664000,95351,63027,,
2016-01-19,683000,684000,664000,670000,144586,97002,,
2016-01-18,663000,687000,663000,687000,140601,95748,,
2016-01-15,662000,673000,658000,670000,128415,85630,,
2016-01-14,642000,659000,640000,651000,85824,56131,,
2016-01-13,656000,657000,643000,649000,92220,60132,,
2016-01-12,636000,654000,632000,650000,78010,50345,,
2016-01-11,645000,651000,626000,628000,88620,56009,,
2016-01-08,652000,659000,642000,652000,63922,41612,,
2016-01-07,626000,660000,626000,652000,125253,81205,,
2016-01-06,645000,645000,622000,623000,95682,60173,,
2016-01-05,633000,642000,631000,637000,69456,44268,,
2016-01-04,650000,658000,632000,632000,93272,59687,,
2015-12-30,642000,668000,639000,658000,64215,42007,,
2015-12-29,649000,649000,631000,642000,50648,32442,,
2015-12-28,647000,650000,638000,641000,47511,30404,,
2015-12-24,649000,654000,646000,647000,32816,21344,,
2015-12-23,653000,654000,645000,653000,41170,26793,,
2015-12-22,646000,654000,637000,653000,46151,29918,,
2015-12-21,645000,652000,642000,648000,52789,34213,,
2015-12-18,649000,653000,636000,640000,49587,32003,,
2015-12-17,654000,659000,646000,653000,70546,45913,,
2015-12-16,649000,652000,645000,646000,77097,50058,,
2015-12-15,646000,648000,635000,643000,67405,43310,,
2015-12-14,634000,640000,628000,633000,72465,46007,,
2015-12-11,613000,640000,613000,640000,77560,49235,,
2015-12-10,606000,623000,604000,618000,83127,51275,,
2015-12-09,610000,620000,610000,612000,78660,48218,,
2015-12-08,609000,621000,609000,613000,74051,45451,,
2015-12-07,627000,634000,608000,608000,108353,66768,,
2015-12-04,628000,630000,613000,625000,78208,48804,,
2015-12-03,648000,649000,627000,633000,46391,29547,,
2015-12-02,644000,651000,636000,639000,74574,48073,,
2015-12-01,635000,649000,632000,647000,60670,39098,,
2015-11-30,633000,636000,620000,631000,137122,86536,,
2015-11-27,627000,647000,627000,632000,63802,40691,,
2015-11-26,630000,635000,623000,633000,55020,34730,,
2015-11-25,620000,633000,616000,630000,60328,37808,,
2015-11-24,625000,633000,619000,621000,62079,38720,,
2015-11-23,627000,629000,616000,624000,57656,35930,,
2015-11-20,616000,629000,610000,627000,72507,45304,,
2015-11-19,601000,609000,594000,609000,58688,35372,,
2015-11-18,599000,604000,594000,600000,40143,24106,,
2015-11-17,596000,608000,596000,599000,72457,43519,,
2015-11-16,590000,602000,589000,592000,110336,65656,,
2015-11-13,611000,616000,599000,606000,79453,48289,,
2015-11-12,622000,628000,617000,620000,51223,31870,,
2015-11-11,620000,630000,613000,625000,72445,45245,,
2015-11-10,634000,634000,607000,618000,111953,69254,,
2015-11-09,633000,636000,624000,634000,69266,43796,,
2015-11-06,621000,631000,620000,630000,47733,29917,,
2015-11-05,623000,635000,619000,629000,74342,46726,,
2015-11-04,625000,628000,616000,626000,130717,81191,,
2015-11-03,607000,619000,600000,619000,116881,71519,,
2015-11-02,600000,607000,597000,603000,103645,62328,,
2015-10-30,592000,607000,576000,600000,191054,114006,,
2015-10-29,600000,617000,588000,592000,236647,141145,,
2015-10-28,561000,577000,542000,577000,117682,65831,,
2015-10-27,547000,564000,547000,564000,67455,37467,,
2015-10-26,574000,584000,548000,562000,148900,82884,,
2015-10-23,552000,574000,551000,571000,120825,68477,,
2015-10-22,569000,572000,547000,547000,124372,68742,,
2015-10-21,580000,580000,572000,575000,81612,46939,,
2015-10-20,578000,585000,573000,578000,76475,44067,,
2015-10-19,588000,588000,572000,584000,87213,50539,,
2015-10-16,574000,587000,571000,587000,96505,56283,,
2015-10-15,562000,573000,560000,569000,65926,37431,,
2015-10-14,577000,577000,561000,562000,79743,45100,,
2015-10-13,578000,579000,568000,579000,78797,45269,,
2015-10-12,576000,583000,550000,574000,166198,95487,,
2015-10-08,567000,569000,547000,561000,96144,53520,,
2015-10-07,561000,561000,550000,558000,110751,61635,,
2015-10-06,545000,558000,542000,556000,118545,65342,,
2015-10-05,549000,563000,537000,543000,107172,58864,,
2015-10-02,550000,551000,535000,550000,140588,76492,,
2015-10-01,518000,546000,513000,546000,200898,108085,,
2015-09-30,515000,515000,500000,513000,130548,66335,,
2015-09-25,507000,512000,499500,508000,44307,22352,,
2015-09-24,512000,516000,503000,506000,113153,57604,,
2015-09-23,491500,518000,488500,505000,198201,100528,,
2015-09-22,505000,508000,494500,496000,78927,39414,,
2015-09-21,509000,509000,499500,500000,49726,24987,,
2015-09-18,515000,518000,498500,509000,99472,50687,,
2015-09-17,484000,515000,483500,510000,226216,113889,,
2015-09-16,472000,481500,468500,481500,130713,62336,,
2015-09-15,475000,479500,468000,470500,123370,58169,,
2015-09-14,490000,490500,468000,476000,148250,70412,,
2015-09-11,493000,495500,485500,488500,97766,47794,,
2015-09-10,490000,502000,490000,500000,151685,75399,,
2015-09-09,467000,502000,467000,501000,167247,81448,,
2015-09-08,475500,478000,458000,461500,97346,45363,,
2015-09-07,473000,476000,466000,474500,86443,40822,,
2015-09-04,470500,481500,466500,469500,99010,46655,,
2015-09-03,466000,480000,466000,470500,158907,75468,,
2015-09-02,470500,473500,462000,466000,160619,74834,,
2015-09-01,495500,501000,475000,476000,137711,66762,,
2015-08-31,487500,495500,471000,495500,179390,87077,,
2015-08-28,491500,496500,480500,488000,191470,93292,,
2015-08-27,495500,502000,486500,487500,146915,72222,,
2015-08-26,490000,503000,484000,489000,209874,103284,,
2015-08-25,497000,502000,482000,491500,191766,93636,,
2015-08-24,506000,515000,495500,500000,124043,62461,,
2015-08-21,525000,526000,507000,516000,97576,50497,,
2015-08-20,535000,538000,519000,521000,100228,52783,,
2015-08-19,516000,527000,516000,524000,128122,66875,,
2015-08-18,512000,525000,511000,522000,94196,48990,,
2015-08-17,513000,520000,510000,510000,76310,39214,,
2015-08-13,516000,525000,512000,519000,117041,60810,,
2015-08-12,522000,534000,517000,528000,153266,80758,,
2015-08-11,521000,530000,516000,523000,118707,62229,,
2015-08-10,507000,515000,503000,511000,122165,62394,,
2015-08-07,515000,519000,500000,501000,254547,128696,,
2015-08-06,526000,527000,515000,516000,168144,87394,,
2015-08-05,531000,531000,518000,525000,115109,60122,,
2015-08-04,520000,527000,518000,526000,107729,56148,,
2015-08-03,520000,525000,517000,520000,125078,65111,,
2015-07-31,508000,524000,505000,523000,275526,142222,,
2015-07-30,572000,572000,510000,518000,743728,395472,,
2015-07-29,605000,610000,600000,602000,108588,65470,,
2015-07-28,609000,613000,601000,610000,84122,50994,,
2015-07-27,625000,625000,606000,611000,73090,44833,,
2015-07-24,620000,627000,613000,625000,77265,47970,,
2015-07-23,634000,635000,617000,622000,74172,46249,,
2015-07-22,643000,644000,629000,635000,89075,56617,,
2015-07-21,649000,652000,641000,649000,64432,41709,,
2015-07-20,647000,657000,634000,638000,122608,78990,,
2015-07-17,618000,638000,612000,632000,207536,130347,,
2015-07-16,605000,624000,605000,607000,101006,61771,,
2015-07-15,614000,615000,605000,605000,57546,34965,,
2015-07-14,616000,619000,610000,614000,43411,26601,,
2015-07-13,612000,621000,609000,614000,40453,24837,,
2015-07-10,618000,618000,603000,612000,56521,34414,,
2015-07-09,612000,615000,594000,610000,94778,57311,,
2015-07-08,615000,638000,609000,619000,135080,83697,,
2015-07-07,627000,627000,610000,613000,81664,50313,,
2015-07-06,605000,621000,605000,616000,72393,44605,,
2015-07-03,621000,624000,608000,613000,83435,51145,,
2015-07-02,629000,629000,613000,615000,136739,84466,,
2015-07-01,628000,631000,603000,628000,231947,142705,,
2015-06-30,644000,649000,627000,634000,117991,74659,,
2015-06-29,650000,656000,641000,651000,66527,43203,,
2015-06-26,656000,671000,650000,658000,134720,89070,,
2015-06-25,652000,656000,641000,653000,101920,66094,,
2015-06-24,657000,658000,644000,649000,94340,61351,,
2015-06-23,635000,640000,629000,640000,46207,29432,,
2015-06-22,638000,642000,625000,631000,42431,26857,,
2015-06-19,625000,635000,615000,634000,69782,44091,,
2015-06-18,638000,639000,622000,624000,73362,46214,,
2015-06-17,621000,637000,620000,630000,111569,70525,,
2015-06-16,628000,634000,616000,627000,157110,98068,,
2015-06-15,607000,628000,607000,627000,330737,204915,,
2015-06-12,574000,603000,573000,601000,247231,147339,,
2015-06-11,575000,589000,566000,566000,230670,132024,,
2015-06-10,599000,599000,568000,568000,89547,52029,,
2015-06-09,590000,595000,577000,590000,126185,74556,,
2015-06-08,571000,594000,568000,587000,116540,68038,,
2015-06-05,569000,583000,565000,565000,168778,96135,,
2015-06-04,602000,605000,580000,580000,175738,102714,,
2015-06-03,620000,620000,601000,601000,65980,40228,,
2015-06-02,622000,623000,608000,611000,71107,43633,,
2015-06-01,611000,621000,609000,617000,80518,49501,,
2015-05-29,604000,629000,604000,609000,156606,96418,,
2015-05-28,613000,617000,605000,605000,75639,46321,,
2015-05-27,618000,618000,601000,608000,119610,72631,,
2015-05-26,635000,636000,617000,621000,72668,45410,,
2015-05-22,607000,627000,607000,627000,80822,50104,,
2015-05-21,608000,615000,595000,607000,161664,97739,,
2015-05-20,634000,634000,615000,616000,67023,41797,,
2015-05-19,623000,628000,617000,626000,103452,64522,,
2015-05-18,614000,621000,612000,618000,103829,64134,,
2015-05-15,610000,612000,606000,610000,62315,37927,,
2015-05-14,601000,610000,601000,607000,61571,37331,,
2015-05-13,604000,606000,600000,604000,80931,48740,,
2015-05-12,600000,611000,598000,605000,89531,54209,,
2015-05-11,610000,614000,603000,606000,84927,51494,,
2015-05-08,608000,620000,608000,609000,88637,54370,,
2015-05-07,613000,617000,604000,611000,137775,84137,,
2015-05-06,601000,616000,596000,613000,296941,181266,,
2015-05-04,643000,649000,603000,603000,391501,241412,,
2015-04-30,670000,682000,647000,650000,319618,208647,,
2015-04-29,683000,689000,674000,679000,163567,111646,,
2015-04-28,690000,690000,682000,686000,133770,91853,,
2015-04-27,673000,688000,667000,684000,204139,139185,,
2015-04-24,678000,685000,659000,667000,109127,73283,,
2015-04-23,680000,685000,667000,682000,126074,85287,,
2015-04-22,679000,679000,669000,674000,142551,96289,,
2015-04-21,669000,670000,653000,669000,118397,78596,,
2015-04-20,661000,672000,661000,666000,87557,58235,,
2015-04-17,675000,677000,667000,669000,100653,67488,,
2015-04-16,674000,675000,662000,673000,96797,64750,,
2015-04-15,669000,672000,665000,671000,85277,57041,,
2015-04-14,652000,668000,651000,667000,126276,83199,,
2015-04-13,646000,655000,643000,652000,94748,61633,,
2015-04-10,655000,662000,647000,650000,119993,78171,,
2015-04-09,645000,669000,643000,653000,176334,115523,,
2015-04-08,643000,647000,640000,645000,121290,78017,,
2015-04-07,641000,645000,637000,639000,68519,43827,,
2015-04-06,648000,653000,634000,635000,91250,58306,,
2015-04-03,638000,649000,632000,647000,138584,88733,,
2015-04-02,664000,669000,624000,642000,481098,305324,,
2015-04-01,672000,675000,661000,667000,75195,50199,,
2015-03-31,690000,691000,669000,671000,90718,61213,,
2015-03-30,685000,692000,673000,681000,88928,60544,,
2015-03-27,671000,673000,662000,672000,101438,67881,,
2015-03-26,670000,675000,660000,661000,95061,63367,,
2015-03-25,684000,685000,669000,670000,74720,50471,,
2015-03-24,685000,685000,667000,675000,88051,59545,,
2015-03-23,660000,681000,657000,680000,166177,112321,,
2015-03-20,643000,654000,643000,654000,90524,58744,,
2015-03-19,661000,662000,641000,641000,120392,77829,,
2015-03-18,658000,666000,650000,654000,110917,73112,,
2015-03-17,649000,663000,644000,660000,121724,79768,,
2015-03-16,653000,653000,637000,643000,125723,81062,,
2015-03-13,645000,653000,640000,650000,157276,101884,,
2015-03-12,633000,645000,627000,627000,184540,117002,,
2015-03-11,639000,646000,629000,629000,174115,110266,,
2015-03-10,652000,659000,641000,641000,111598,72286,,
2015-03-09,669000,674000,652000,653000,128196,84341,,
2015-03-06,692000,694000,672000,680000,92392,63006,,
2015-03-05,679000,701000,675000,689000,168193,116184,,
2015-03-04,649000,682000,639000,680000,268490,176663,,
2015-03-03,653000,659000,646000,650000,104024,67834,,
2015-03-02,662000,667000,641000,646000,150448,97449,,
2015-02-27,623000,668000,623000,661000,266350,174853,,
2015-02-26,636000,641000,626000,626000,174743,110354,,
2015-02-25,639000,644000,633000,641000,146624,93806,,
2015-02-24,637000,647000,635000,637000,142951,91456,,
2015-02-23,668000,672000,632000,639000,291781,188567,,
2015-02-17,666000,675000,666000,671000,35224,23608,,
2015-02-16,666000,676000,665000,669000,55533,37177,,
2015-02-13,675000,692000,666000,668000,99818,67223,,
2015-02-12,680000,680000,656000,680000,114927,76850,,
2015-02-11,660000,677000,653000,673000,192828,128937,,
2015-02-10,670000,678000,639000,648000,370269,240869,,
2015-02-09,715000,715000,680000,681000,214231,147693,,
2015-02-06,711000,721000,708000,715000,76000,54401,,
2015-02-05,722000,725000,710000,712000,77889,55563,,
2015-02-04,716000,727000,715000,725000,131353,94881,,
2015-02-03,711000,717000,705000,712000,121641,86355,,
2015-02-02,716000,723000,707000,711000,112994,80506,,
2015-01-30,725000,730000,711000,716000,300061,215842,,
2015-01-29,760000,762000,731000,736000,278475,207007,,
2015-01-28,760000,780000,760000,777000,123220,94971,,
2015-01-27,774000,775000,761000,764000,84489,64646,,
2015-01-26,775000,779000,768000,771000,69003,53207,,
2015-01-23,775000,780000,760000,780000,99297,76413,,
2015-01-22,783000,789000,762000,765000,83439,64025,,
2015-01-21,782000,789000,768000,780000,71564,55717,,
2015-01-20,780000,797000,780000,790000,101343,80097,,
2015-01-19,780000,784000,773000,776000,91305,71063,,
2015-01-16,779000,780000,757000,777000,116659,90014,,
2015-01-15,748000,778000,741000,777000,187236,143833,,
2015-01-14,735000,745000,732000,739000,63850,46949,,
2015-01-13,752000,755000,738000,740000,48928,36336,,
2015-01-12,746000,760000,746000,750000,36733,27747,,
2015-01-09,759000,759000,742000,752000,73987,55751,,
2015-01-08,729000,745000,729000,744000,56392,41562,,
2015-01-07,749000,749000,730000,732000,51987,38397,,
2015-01-06,741000,754000,735000,743000,92315,68714,,
2015-01-05,726000,750000,721000,749000,112572,83849,,
2015-01-02,713000,733000,712000,731000,64225,46719,,
2014-12-30,717000,722000,708000,712000,85390,60882,,
2014-12-29,728000,734000,721000,723000,37568,27259,,
2014-12-26,733000,746000,731000,736000,40835,30082,,
2014-12-24,743000,746000,730000,741000,49504,36497,,
2014-12-23,749000,751000,740000,745000,37646,28121,,
2014-12-22,743000,745000,731000,745000,45345,33583,,
2014-12-19,722000,740000,720000,740000,87071,64117,,
2014-12-18,738000,738000,713000,719000,63678,46101,,
2014-12-17,739000,739000,721000,729000,69486,50783,,
2014-12-16,723000,735000,719000,729000,68565,50034,,
2014-12-15,705000,728000,702000,722000,49522,35677,,
2014-12-12,713000,720000,703000,713000,88672,63102,,
2014-12-11,702000,713000,702000,704000,75232,53134,,
2014-12-10,730000,732000,701000,711000,99553,70786,,
2014-12-09,731000,736000,726000,726000,75223,54998,,
2014-12-08,732000,736000,730000,730000,55735,40835,,
2014-12-05,736000,737000,731000,736000,72699,53365,,
2014-12-04,732000,738000,730000,736000,95206,69960,,
2014-12-03,729000,737000,728000,734000,47945,35175,,
2014-12-02,741000,742000,729000,733000,58226,42635,,
2014-12-01,746000,758000,730000,738000,107284,79253,,
2014-11-28,742000,758000,742000,756000,37003,27872,,
2014-11-27,750000,756000,741000,745000,91984,68523,,
2014-11-26,749000,758000,749000,753000,44541,33601,,
2014-11-25,751000,762000,750000,753000,73558,55590,,
2014-11-24,766000,770000,742000,750000,156481,117299,,
2014-11-21,786000,788000,763000,763000,79582,61415,,
2014-11-20,782000,791000,782000,789000,53442,42143,,
2014-11-19,789000,790000,780000,787000,104763,82280,,
2014-11-18,761000,788000,759000,781000,98698,76784,,
2014-11-17,754000,762000,750000,761000,68779,51970,,
2014-11-14,762000,774000,754000,761000,71797,54804,,
2014-11-13,745000,765000,745000,763000,97441,73992,,
2014-11-12,750000,758000,738000,749000,128975,96496,,
2014-11-11,740000,751000,739000,742000,117817,88017,,
2014-11-10,737000,750000,737000,743000,87479,65272,,
2014-11-07,740000,750000,731000,743000,103613,76862,,
2014-11-06,766000,766000,742000,746000,91563,69068,,
2014-11-05,758000,767000,746000,765000,92243,70004,,
2014-11-04,749000,759000,741000,751000,124990,93895,,
2014-11-03,745000,759000,744000,749000,115640,86974,,
2014-10-31,755000,760000,747000,754000,140379,106018,,
2014-10-30,780000,789000,736000,750000,254595,191182,,
2014-10-29,811000,811000,773000,778000,120100,94040,,
2014-10-28,782000,806000,775000,804000,63796,50601,,
2014-10-27,781000,785000,773000,777000,46736,36323,,
2014-10-24,794000,798000,767000,780000,50995,39653,,
2014-10-23,800000,808000,786000,794000,57991,46117,,
2014-10-22,799000,812000,793000,798000,94322,75856,,
2014-10-21,780000,800000,776000,796000,72054,57174,,
2014-10-20,771000,794000,766000,784000,48156,37760,,
2014-10-17,785000,798000,766000,766000,73099,56583,,
2014-10-16,765000,795000,765000,785000,115895,91231,,
2014-10-15,757000,782000,748000,782000,113563,87261,,
2014-10-14,756000,759000,735000,758000,133571,99954,,
2014-10-13,739000,770000,723000,756000,143556,108174,,
2014-10-10,773000,776000,735000,740000,205304,153727,,
2014-10-08,769000,789000,768000,784000,99421,77860,,
2014-10-07,779000,788000,763000,770000,74280,57257,,
2014-10-06,793000,799000,775000,779000,102026,80014,,
2014-10-02,792000,814000,791000,792000,104218,82265,,
2014-10-01,803000,820000,783000,804000,144274,116363,,
2014-09-30,813000,819000,805000,807000,515075,415535,,
2014-09-29,821000,850000,815000,830000,156267,130937,,
2014-09-26,800000,828000,798000,821000,100326,81781,,
2014-09-25,828000,834000,808000,808000,131697,107174,,
2014-09-24,824000,842000,817000,833000,220027,182927,,
2014-09-23,769000,834000,767000,834000,347351,280968,,
2014-09-22,785000,796000,765000,790000,150178,118011,,
2014-09-19,786000,800000,783000,792000,144178,114417,,
2014-09-18,801000,805000,766000,790000,417288,328883,,
2014-09-17,749000,750000,736000,743000,104565,77892,,
2014-09-16,710000,734000,708000,727000,118741,85948,,
2014-09-15,706000,720000,705000,710000,63734,45531,,
2014-09-12,705000,728000,702000,708000,179026,128260,,
2014-09-11,720000,723000,698000,699000,266115,187850,,
2014-09-05,750000,754000,719000,725000,155529,113488,,
2014-09-04,750000,755000,746000,750000,86155,64617,,
2014-09-03,763000,765000,750000,750000,86429,65172,,
2014-09-02,763000,771000,761000,763000,51547,39370,,
2014-09-01,768000,776000,763000,765000,26696,20501,,
2014-08-29,769000,778000,764000,768000,69184,53413,,
2014-08-28,780000,783000,765000,765000,64869,50056,,
2014-08-27,777000,796000,772000,780000,70426,55468,,
2014-08-26,784000,786000,772000,779000,52850,41275,,
2014-08-25,780000,783000,769000,777000,46589,36245,,
2014-08-22,759000,777000,759000,774000,48959,37719,,
2014-08-21,780000,783000,758000,759000,129827,99121,,
2014-08-20,804000,807000,784000,789000,77670,61573,,
2014-08-19,804000,811000,794000,800000,95305,76395,,
2014-08-18,800000,803000,789000,794000,75004,59624,,
2014-08-14,800000,805000,785000,794000,91178,72499,,
2014-08-13,771000,801000,770000,800000,205384,163078,,
2014-08-12,767000,782000,762000,771000,115761,89863,,
2014-08-11,780000,780000,755000,760000,75513,57874,,
2014-08-08,755000,770000,751000,769000,142744,108623,,
2014-08-07,753000,757000,736000,745000,85897,63961,,
2014-08-06,760000,760000,746000,757000,97729,73487,,
2014-08-05,788000,789000,753000,762000,148673,114783,,
2014-08-04,773000,784000,770000,783000,118708,92509,,
2014-08-01,738000,775000,736000,764000,146637,111829,,
2014-07-31,779000,785000,737000,749000,311071,233052,,
2014-07-30,745000,779000,733000,769000,261185,199194,,
2014-07-29,758000,760000,729000,734000,202253,149487,,
2014-07-28,759000,767000,757000,764000,97017,74039,,
2014-07-25,758000,769000,754000,757000,140486,106492,,
2014-07-24,755000,768000,750000,754000,162223,122604,,
2014-07-23,783000,787000,753000,759000,189601,144698,,
2014-07-22,770000,783000,767000,783000,82320,63806,,
2014-07-21,792000,793000,763000,766000,145569,112469,,
2014-07-18,780000,785000,761000,783000,146542,113967,,
2014-07-17,801000,805000,780000,782000,181944,142911,,
2014-07-16,843000,843000,795000,799000,199405,160870,,
2014-07-15,814000,828000,812000,827000,77728,63843,,
2014-07-14,796000,811000,793000,808000,52160,41992,,
2014-07-11,799000,807000,788000,793000,81023,64249,,
2014-07-10,812000,818000,805000,807000,56395,45597,,
2014-07-09,815000,820000,803000,805000,100753,81586,,
2014-07-08,831000,832000,815000,831000,55028,45352,,
2014-07-07,820000,831000,816000,831000,39327,32439,,
2014-07-04,835000,837000,810000,819000,115476,94619,,
2014-07-03,840000,840000,827000,830000,96000,79893,,
2014-07-02,853000,865000,843000,847000,86204,73453,,
2014-07-01,828000,849000,824000,844000,60261,50638,,
2014-06-30,842000,842000,824000,835000,74129,61711,,
2014-06-27,840000,844000,828000,832000,74199,62032,,
2014-06-26,825000,850000,825000,849000,122850,103636,,
2014-06-25,828000,840000,817000,822000,60800,50241,,
2014-06-24,822000,833000,820000,825000,112720,93136,,
2014-06-23,792000,826000,787000,826000,211054,171693,,
2014-06-20,775000,787000,775000,787000,99910,78258,,
2014-06-19,779000,787000,769000,777000,74778,58075,,
2014-06-18,775000,779000,763000,775000,74605,57572,,
2014-06-17,794000,794000,777000,780000,74952,58576,,
2014-06-16,778000,794000,772000,794000,54346,42819,,
2014-06-13,793000,793000,780000,785000,57578,45281,,
2014-06-12,793000,803000,788000,795000,118596,94589,,
2014-06-11,788000,800000,780000,786000,149648,118742,,
2014-06-10,766000,788000,757000,783000,145162,113245,,
2014-06-09,757000,774000,752000,768000,134714,102920,,
2014-06-05,774000,775000,741000,743000,106172,79665,,
2014-06-03,758000,761000,742000,755000,112910,84873,,
2014-06-02,759000,766000,756000,762000,50439,38379,,
2014-05-30,774000,783000,758000,758000,113376,86678,,
2014-05-29,778000,784000,768000,772000,106209,82553,,
2014-05-28,758000,778000,755000,778000,121774,93714,,
2014-05-27,744000,761000,742000,755000,134968,101671,,
2014-05-26,749000,766000,742000,745000,209440,157055,,
2014-05-23,778000,780000,772000,776000,53916,41852,,
2014-05-22,780000,788000,772000,778000,131424,102221,,
2014-05-21,750000,779000,749000,773000,171725,132619,,
2014-05-20,736000,757000,736000,756000,114076,85587,,
2014-05-19,748000,755000,727000,735000,142060,102621,,
2014-05-16,757000,765000,744000,752000,158975,119389,,
2014-05-15,761000,776000,757000,762000,211820,162406,,
2014-05-14,743000,758000,739000,758000,158199,119084,,
2014-05-13,740000,750000,732000,749000,205812,152992,,
2014-05-12,693000,723000,693000,719000,195021,139051,,
2014-05-09,699000,708000,675000,691000,410148,283142,,
2014-05-08,732000,740000,705000,705000,292020,209300,,
2014-05-07,726000,735000,710000,731000,154821,112266,,
2014-05-02,747000,751000,739000,739000,114257,85026,,
2014-04-30,734000,743000,730000,738000,121174,89227,,
2014-04-29,727000,739000,726000,730000,99445,72875,,
2014-04-28,737000,740000,727000,734000,134655,98811,,
2014-04-25,770000,776000,744000,748000,157838,118879,,
2014-04-24,790000,797000,775000,777000,118003,92487,,
2014-04-23,798000,798000,780000,780000,92763,73035,,
2014-04-22,774000,793000,767000,793000,196086,153209,,
2014-04-21,752000,759000,749000,757000,48567,36674,,
2014-04-18,739000,755000,738000,750000,120779,90576,,
2014-04-17,750000,750000,730000,737000,144491,106624,,
2014-04-16,740000,753000,738000,750000,124110,92704,,
2014-04-15,748000,751000,731000,734000,114950,84913,,
2014-04-14,738000,752000,735000,743000,99708,74358,,
2014-04-11,735000,744000,734000,741000,172831,127683,,
2014-04-10,775000,777000,756000,765000,193150,148377,,
2014-04-09,759000,761000,748000,748000,158217,119484,,
2014-04-08,723000,749000,720000,742000,275706,202126,,
2014-04-07,764000,769000,736000,739000,443232,330804,,
2014-04-04,779000,796000,779000,790000,161559,127504,,
2014-04-03,807000,815000,798000,803000,123499,99638,,
2014-04-02,793000,811000,789000,805000,209329,168080,,
2014-04-01,770000,784000,768000,780000,158804,123407,,
2014-03-31,781000,784000,766000,774000,158323,122721,,
2014-03-28,768000,785000,765000,780000,193305,150113,,
2014-03-27,767000,779000,759000,773000,309056,237268,,
2014-03-26,797000,801000,770000,797000,163658,128791,,
2014-03-25,811000,819000,787000,792000,255123,203832,,
2014-03-24,805000,835000,804000,834000,95084,78255,,
2014-03-21,815000,819000,794000,804000,123767,99448,,
2014-03-20,838000,844000,812000,815000,114445,94672,,
2014-03-19,833000,850000,825000,833000,130911,109476,,
2014-03-18,813000,827000,796000,819000,132649,107678,,
2014-03-17,803000,822000,792000,801000,131136,105096,,
2014-03-14,818000,832000,799000,810000,183126,149452,,
2014-03-13,814000,839000,812000,837000,157489,129737,,
2014-03-12,846000,854000,812000,812000,187692,154558,,
2014-03-11,864000,877000,840000,850000,110850,94465,,
2014-03-10,833000,857000,830000,853000,132318,112174,,
2014-03-07,840000,849000,824000,826000,122436,102252,,
2014-03-06,880000,880000,832000,836000,205735,174691,,
2014-03-05,833000,857000,830000,852000,149905,126648,,
2014-03-04,808000,826000,807000,822000,94149,77322,,
2014-03-03,810000,827000,794000,813000,266398,216797,,
2014-02-28,804000,820000,798000,817000,286484,232971,,
2014-02-27,760000,799000,748000,792000,279006,217880,,
2014-02-26,752000,760000,743000,760000,353521,266010,,
2014-02-25,692000,744000,685000,735000,481506,348232,,
2014-02-24,713000,714000,675000,684000,261609,180435,,
2014-02-21,688000,719000,687000,705000,482903,340654,,
2014-02-20,718000,732000,687000,689000,689602,485347,,
2014-02-19,752000,757000,741000,750000,74998,56218,,
2014-02-18,753000,755000,742000,752000,52034,38990,,
2014-02-17,758000,767000,747000,749000,97916,74032,,
2014-02-14,748000,756000,742000,750000,104309,78245,,
2014-02-13,741000,748000,731000,748000,97347,72073,,
2014-02-12,743000,745000,731000,741000,68665,50732,,
2014-02-11,738000,747000,732000,737000,98646,73044,,
2014-02-10,749000,753000,734000,734000,132548,98124,,
2014-02-07,751000,755000,731000,751000,186951,139407,,
2014-02-06,720000,759000,717000,739000,428072,316535,,
2014-02-05,674000,691000,670000,689000,152309,104165,,
2014-02-04,660000,673000,658000,666000,135734,90442,,
2014-02-03,682000,692000,675000,676000,167725,114297,,
2014-01-29,680000,686000,672000,675000,137304,92973,,
2014-01-28,660000,678000,658000,677000,111497,74548,,
2014-01-27,651000,669000,643000,659000,284528,187441,,
2014-01-24,704000,704000,675000,679000,337903,226303,,
2014-01-23,704000,709000,695000,700000,62770,44063,,
2014-01-22,700000,705000,693000,704000,118586,83009,,
2014-01-21,716000,716000,698000,700000,111129,78177,,
2014-01-20,715000,728000,714000,717000,73545,52977,,
2014-01-17,720000,721000,708000,715000,93805,67053,,
2014-01-16,704000,721000,701000,720000,161840,115627,,
2014-01-15,674000,695000,667000,693000,157559,108186,,
2014-01-14,668000,686000,662000,667000,196391,131983,,
2014-01-13,695000,701000,664000,670000,189724,127964,,
2014-01-10,662000,692000,662000,690000,198161,134556,,
2014-01-09,695000,698000,671000,671000,213980,145951,,
2014-01-08,714000,727000,686000,700000,228388,160444,,
2014-01-07,701000,708000,699000,700000,144233,101305,,
2014-01-06,705000,713000,691000,699000,185826,130027,,
2014-01-03,725000,725000,694000,699000,220469,154998,,
2014-01-02,739000,742000,724000,725000,110009,80448,,
2013-12-30,717000,727000,716000,724000,117875,84958,,
2013-12-27,723000,740000,721000,734000,105659,77427,4,0.00
2013-12-26,734000,735000,713000,714000,168497,121425,,
2013-12-24,750000,751000,734000,734000,136578,100940,,
2013-12-23,742000,745000,734000,740000,127860,94541,,
2013-12-20,739000,742000,721000,736000,139824,102005,,
2013-12-19,722000,736000,711000,730000,167957,121710,,
2013-12-18,732000,735000,706000,710000,236337,168805,,
2013-12-17,714000,740000,712000,732000,173970,127028,,
2013-12-16,708000,715000,701000,708000,129241,91453,,
2013-12-13,722000,728000,700000,703000,199074,141399,,
2013-12-12,718000,724000,705000,714000,106611,75969,,
2013-12-11,720000,722000,709000,717000,97273,69476,,
2013-12-10,713000,728000,703000,709000,165716,118657,,
2013-12-09,712000,719000,705000,709000,155213,110335,,
2013-12-06,681000,719000,680000,710000,185636,130984,,
2013-12-05,681000,689000,672000,676000,168092,114203,,
2013-12-04,684000,694000,667000,673000,132496,90043,,
2013-12-03,686000,706000,683000,686000,155123,107711,,
2013-12-02,692000,699000,683000,687000,91407,63032,,
2013-11-29,700000,702000,682000,692000,118937,82150,,
2013-11-28,677000,708000,675000,696000,314991,219116,,
2013-11-27,638000,663000,627000,663000,173092,111946,,
2013-11-26,638000,651000,631000,635000,177117,113720,,
2013-11-25,639000,648000,636000,636000,127479,81630,,
2013-11-22,631000,639000,621000,636000,115473,72920,,
2013-11-21,630000,636000,619000,625000,118269,74116,,
2013-11-20,647000,647000,622000,630000,220581,139787,,
2013-11-19,609000,618000,607000,618000,186171,114005,,
2013-11-18,630000,631000,617000,625000,88570,55350,,
2013-11-15,627000,627000,612000,627000,141299,87774,,
2013-11-14,613000,627000,607000,620000,178801,110981,,
2013-11-13,612000,619000,590000,600000,147703,88826,,
2013-11-12,587000,617000,579000,614000,198410,118733,,
2013-11-11,572000,583000,562000,580000,186469,107791,,
2013-11-08,593000,596000,560000,560000,260888,150045,,
2013-11-07,580000,592000,566000,583000,305956,177960,,
2013-11-06,600000,604000,578000,580000,185984,108979,,
2013-11-05,587000,604000,587000,597000,163233,97557,,
2013-11-04,606000,610000,586000,586000,152787,90330,,
2013-11-01,590000,613000,587000,605000,172568,103901,,
2013-10-31,620000,623000,590000,597000,452214,271628,,
2013-10-30,629000,630000,608000,630000,195459,121354,,
2013-10-29,635000,635000,618000,630000,197043,123269,,
2013-10-28,611000,638000,606000,638000,215861,135082,,
2013-10-25,625000,634000,601000,607000,278875,170770,,
2013-10-24,618000,631000,608000,618000,232384,143916,,
2013-10-23,650000,653000,611000,618000,351174,220800,,
2013-10-22,667000,668000,646000,655000,222701,146053,,
2013-10-21,655000,687000,651000,665000,404139,270534,,
2013-10-18,620000,658000,619000,640000,405828,260293,,
2013-10-17,605000,616000,592000,610000,306522,185923,,
2013-10-16,627000,630000,594000,595000,479503,291817,,
2013-10-15,595000,639000,595000,632000,317347,195006,,
2013-10-14,580000,590000,577000,580000,191530,111539,,
2013-10-11,577000,585000,572000,582000,325979,188618,,
2013-10-10,569000,572000,561000,568000,431058,243932,,
2013-10-08,553000,572000,543000,572000,179651,100504,,
2013-10-07,550000,561000,544000,548000,183850,101249,,
2013-10-04,547000,553000,534000,547000,236514,128671,,
2013-10-02,557000,559000,547000,554000,184024,101837,,
2013-10-01,555000,564000,552000,557000,151553,84507,,
2013-09-30,550000,560000,548000,557000,159608,88450,,
2013-09-27,552000,558000,550000,555000,126677,70198,,
2013-09-26,550000,557000,536000,553000,221180,121167,,
2013-09-25,555000,561000,549000,555000,276352,152797,,
2013-09-24,540000,544000,535000,543000,240406,129964,,
2013-09-23,531000,540000,531000,540000,340548,182205,,
2013-09-17,521000,530000,520000,524000,175903,92216,,
2013-09-16,538000,542000,518000,529000,198212,104481,,
2013-09-13,521000,531000,513000,521000,198641,103598,,
2013-09-12,523000,535000,522000,525000,574147,302271,,
2013-09-11,513000,520000,502000,512000,370812,188595,,
2013-09-10,500000,520000,491500,520000,368758,187231,,
2013-09-09,460000,494000,460000,486000,400716,193322,,
2013-09-06,460000,463000,448000,456500,156276,71339,,
2013-09-05,441000,459500,440500,456500,292076,132319,,
2013-09-04,442000,448500,432500,437000,278622,122241,,
2013-09-03,447500,452000,443000,443000,257085,114714,,
2013-09-02,446500,458500,446500,449500,329233,148744,,
2013-08-30,474000,474000,446500,446500,752698,344600,,
2013-08-29,460000,491500,431000,480000,2021372,934118,32,-0.68
2013-08-28,293500,293500,293500,293500,0,0,,
2013-08-27,293500,293500,293500,293500,0,0,,
2013-08-26,293500,293500,293500,293500,0,0,,
2013-08-23,293500,293500,293500,293500,0,0,,
2013-08-22,293500,293500,293500,293500,0,0,,
2013-08-21,293500,293500,293500,293500,0,0,,
2013-08-20,293500,293500,293500,293500,0,0,,
2013-08-19,293500,293500,293500,293500,0,0,,
2013-08-16,293500,293500,293500,293500,0,0,,
2013-08-14,293500,293500,293500,293500,0,0,,
2013-08-13,293500,293500,293500,293500,0,0,,
2013-08-12,293500,293500,293500,293500,0,0,,
2013-08-09,293500,293500,293500,293500,0,0,,
2013-08-08,293500,293500,293500,293500,0,0,,
2013-08-07,293500,293500,293500,293500,0,0,,
2013-08-06,293500,293500,293500,293500,0,0,,
2013-08-05,293500,293500,293500,293500,0,0,,
2013-08-02,293500,293500,293500,293500,0,0,,
2013-08-01,293500,293500,293500,293500,0,0,,
2013-07-31,293500,293500,293500,293500,0,0,,
2013-07-30,293500,293500,293500,293500,0,0,,
2013-07-29,300000,302500,288000,293500,1249690,368819,,
2013-07-26,288500,303000,286500,301000,679772,201121,,
2013-07-25,278000,285000,276500,280000,388462,109060,,
2013-07-24,285000,286000,271000,276000,379031,104387,,
2013-07-23,279000,285500,277500,283500,238953,67474,,
2013-07-22,286000,286500,277000,277500,211980,59279,,
2013-07-19,287000,288500,282000,283000,189465,53858,,
2013-07-18,292000,296500,287500,288000,167697,48648,,
2013-07-17,292500,295500,288000,293000,121540,35563,,
2013-07-16,288000,295500,285000,292500,136976,39929,,
2013-07-15,288500,288500,282000,286500,123843,35264,,
2013-07-12,287500,290000,284000,290000,154141,44253,,
2013-07-11,284500,292000,284000,290000,183732,52976,,
2013-07-10,296500,297000,279000,280000,360679,102569,,
2013-07-09,294000,295500,287000,295500,107661,31473,,
2013-07-08,288000,294000,287000,290500,118776,34454,,
2013-07-05,291000,295000,287000,288000,98693,28610,,
2013-07-04,291500,292500,285500,290500,160260,46263,,
2013-07-03,297000,301500,290000,291500,173330,51336,,
2013-07-02,290500,299500,287500,293000,197390,58352,,
2013-07-01,288000,293000,284000,290000,136750,39626,,
2013-06-28,279500,293000,278500,290500,330174,95167,,
2013-06-27,280000,284500,277000,277000,222275,62226,,
2013-06-26,276000,278000,271000,276000,173542,47640,,
2013-06-25,273000,277000,265000,269500,178686,48247,,
2013-06-24,272500,276500,269000,271000,102050,27863,,
2013-06-21,263500,275000,263000,275000,165330,44563,,
2013-06-20,271000,273000,267000,270500,262317,70828,,
2013-06-19,289500,289500,278000,279500,118105,33372,,
2013-06-18,280000,288500,273500,287000,230150,65089,,
2013-06-17,283000,284000,271500,280500,196372,54810,,
2013-06-14,283000,285500,279500,281000,184466,52112,,
2013-06-13,290500,291500,279500,279500,386306,109360,,
2013-06-12,299500,301000,291500,292500,125140,37057,,
2013-06-11,293500,301000,291500,301000,178937,53217,,
2013-06-10,290000,297000,288500,295000,117014,34451,,
2013-06-07,300000,301000,286500,290000,243631,71053,,
2013-06-05,294500,299500,292500,296000,286072,84546,,
2013-06-04,298000,300500,292500,292500,225957,66807,,
2013-06-03,305000,305000,298000,298000,205400,61608,,
2013-05-31,309000,312000,300500,305000,174745,53486,,
2013-05-30,315500,316000,305500,307000,281745,86835,,
2013-05-29,315000,318500,313500,318000,138565,43894,,
2013-05-28,314500,321000,313000,315000,225378,71182,,
2013-05-27,309500,314500,309000,312000,93546,29227,,
2013-05-24,313500,315500,308500,313000,154689,48501,,
2013-05-23,314500,315500,308000,309000,223077,69451,,
2013-05-22,320000,321500,316000,317000,202164,64387,,
2013-05-21,316000,323000,315000,319000,216338,69148,,
2013-05-20,316000,323500,313000,313000,261725,83120,,
2013-05-16,297000,320000,296500,315000,445540,138534,,
2013-05-15,288000,296000,286000,293000,399662,116798,,
2013-05-14,286000,291500,285000,289000,246085,71114,,
2013-05-13,290500,293000,281500,292000,302757,87034,,
2013-05-10,289000,295500,289000,290500,256125,74713,,
2013-05-09,298500,301000,286000,288500,436377,126530,,
2013-05-08,295000,302000,295000,300500,161402,48398,,
2013-05-07,295500,301500,294500,296000,132253,39367,,
2013-05-06,300500,303500,297000,297000,143821,43189,,
2013-05-03,303500,305000,296500,299000,193356,57875,,
2013-05-02,300000,305000,298500,300000,356464,107597,,
2013-04-30,289500,298500,289000,296000,325483,95985,,
2013-04-29,289500,289500,285500,287000,131456,37779,,
2013-04-26,290000,293000,286500,286500,128792,37264,,
2013-04-25,289000,292000,286500,289500,173600,50178,,
2013-04-24,296000,296000,288500,289000,282191,82128,,
2013-04-23,292000,293500,284000,291000,303292,87936,,
2013-04-22,288000,292000,286500,289000,313923,90558,,
2013-04-19,288500,296000,288000,291000,217204,63467,,
2013-04-18,295000,301500,289500,290000,228528,66907,,
2013-04-17,304500,307000,294000,296000,215281,64254,,
2013-04-16,289000,305500,286500,304500,314680,94465,,
2013-04-15,290500,295500,287500,287500,143075,41583,,
2013-04-12,284000,294500,283000,292000,257672,75057,,
2013-04-11,274000,282000,270500,280000,146664,40741,,
2013-04-10,277500,280000,270500,272000,164791,45145,,
2013-04-09,273500,279000,264500,277000,260933,71118,,
2013-04-08,289000,289000,274000,277500,248196,69474,,
2013-04-05,285500,298000,283000,286000,276533,80145,,
2013-04-04,287500,290500,282500,286500,185030,52995,,
2013-04-03,289500,291000,280500,287500,249503,71203,,
2013-04-02,297000,297500,287000,287500,199228,58041,,
2013-04-01,280000,295500,278500,294000,315284,91729,,
2013-03-29,272000,280000,270000,277000,237188,65865,,
2013-03-28,272000,272000,268000,268000,118433,31977,,
2013-03-27,266500,271000,263000,270000,161836,43510,,
2013-03-26,271500,272000,266000,266500,154192,41294,,
2013-03-25,275000,275000,269500,270500,120876,32758,,
2013-03-22,273500,275500,270000,275000,150783,41346,,
2013-03-21,273500,275000,269000,271000,130448,35391,,
2013-03-20,273500,275000,267000,269000,153006,41493,,
2013-03-19,267000,275000,266500,273000,181293,49353,,
2013-03-18,264500,269500,261000,264000,126283,33584,,
2013-03-15,265500,268000,263500,263500,149647,39728,,
2013-03-14,265000,266000,261000,263000,149477,39370,,
2013-03-13,261500,264500,257500,264500,214688,56195,,
2013-03-12,267000,269000,259000,261500,314925,82877,,
2013-03-11,273000,275500,260000,264000,381953,101102,,
2013-03-08,272500,277000,269500,274000,148588,40598,,
2013-03-07,266500,272000,263500,268000,238971,63947,,
2013-03-06,274000,276000,270000,270000,146668,39791,,
2013-03-05,280000,282500,274500,274500,197976,54977,,
2013-03-04,268500,276000,268500,275000,340339,93186,,
2013-02-28,265500,267000,259000,263000,180142,47464,,
2013-02-27,267000,267500,261000,264000,88984,23428,,
2013-02-26,260500,266000,260500,264500,188307,49683,,
2013-02-25,263500,264500,260000,262500,130065,34063,,
2013-02-22,263000,267000,261000,263500,273490,72393,,
2013-02-21,261500,263500,258000,261500,195343,50905,,
2013-02-20,250000,262500,250000,261500,425793,110099,,
2013-02-19,247000,249000,244000,248000,139704,34526,,
2013-02-18,248000,249000,244500,245500,96916,23891,,
2013-02-15,247000,247000,243000,246500,116201,28498,,
2013-02-14,245000,248500,241500,243000,183484,44915,,
2013-02-13,237500,244000,236000,243500,176236,42560,,
2013-02-12,238000,240500,232000,235000,190114,44749,,
2013-02-08,235000,241000,235000,236000,365567,86815,,
2013-02-07,229000,240000,223000,233500,661508,154016,,
2013-02-06,229500,231000,220500,226500,448172,100768,,
2013-02-05,235500,239000,229500,231500,398162,92580,,
2013-02-04,249500,249500,241500,243000,112056,27466,,
2013-02-01,242000,247000,242000,246000,209171,50597,,
2013-01-31,243000,246500,239000,241000,219159,52931,,
2013-01-30,243000,246500,241000,244500,195082,47627,,
2013-01-29,249500,249500,240000,242500,239685,58021,,
2013-01-28,249500,251000,246000,249000,136694,34072,,
2013-01-25,247000,248500,240000,248500,172910,42320,,
2013-01-24,248500,249000,245000,247000,134192,33121,,
2013-01-23,246500,250000,244500,247500,198321,49088,,
2013-01-22,244000,248000,241000,246500,355938,87746,,
2013-01-21,239000,244000,236000,243000,362688,87656,,
2013-01-18,236000,237000,232000,237000,199066,46682,,
2013-01-17,232500,236000,230500,234500,131904,30768,,
2013-01-16,237000,240000,231000,232000,184490,43262,,
2013-01-15,233500,237000,229500,234500,240676,55928,,
2013-01-14,227500,238500,225000,237000,241336,56513,,
2013-01-11,232000,232500,225500,228500,170096,38842,,
2013-01-10,232000,234000,225500,229000,235270,53766,,
2013-01-09,239000,240000,232500,233500,147909,34783,,
2013-01-08,240000,241500,236000,237000,198565,47368,,
2013-01-07,229500,240500,229000,240000,404906,95819,,
2013-01-04,221500,226500,220500,226500,234701,52725,,
2013-01-03,229000,232000,219000,221000,356250,79611,,
2013-01-02,230500,232500,227000,227500,154535,35426,,
2012-12-28,225500,229000,223500,227000,177147,40102,,
2012-12-27,226000,229000,221500,225000,152404,34309,,
2012-12-26,233000,233000,225000,226000,163005,37147,,
2012-12-24,227000,233500,225500,230000,249844,57486,,
2012-12-21,217500,227000,217500,227000,337032,75105,,
2012-12-20,234000,234000,215000,216500,650790,143109,,
2012-12-18,228500,231000,221000,231000,343800,77749,,
2012-12-17,237000,238500,226500,227000,369530,85083,,
2012-12-14,237000,241000,234000,236000,267532,63295,,
2012-12-13,236000,239500,233500,239500,333973,79472,,
2012-12-12,242000,243500,231000,235000,470627,110506,,
2012-12-11,239500,244500,239500,242000,193842,46815,,
2012-12-10,236500,243500,235000,242000,266718,64082,,
2012-12-07,235000,240000,235000,238000,367171,87344,,
2012-12-06,253000,253000,232500,233000,679597,161284,,
2012-12-05,263500,266000,250000,253000,400439,102320,,
2012-12-04,260000,265500,258000,263500,272804,70691,,
2012-12-03,255500,262000,253000,262000,155662,40485,,
2012-11-30,252500,258000,252000,252000,231722,59079,,
2012-11-29,258500,258500,251000,254000,239210,60632,,
2012-11-28,256000,257500,250000,256000,261137,66367,,
2012-11-27,265000,267000,255000,257500,316521,81936,,
2012-11-26,266000,267000,261500,265000,142227,37605,,
2012-11-23,260500,266500,260000,265500,281983,74211,,
2012-11-22,264500,264500,259000,262000,190098,49578,,
2012-11-21,265000,266500,259000,261500,353202,92418,,
2012-11-20,254000,262500,254000,262500,344324,89220,,
2012-11-19,242000,247500,241500,247000,93226,22904,,
2012-11-16,241000,244500,238000,244000,218414,52982,,
2012-11-15,231500,241500,230500,241000,330862,78642,,
2012-11-14,254000,254000,232500,236000,584967,140519,,
2012-11-13,258000,258000,250000,251000,167257,42213,,
2012-11-12,257500,258000,252000,257000,172910,44147,,
2012-11-09,259000,260000,253000,254500,245900,62685,,
2012-11-08,256000,262000,255000,260000,392972,101880,,
2012-11-07,255000,260000,252000,253500,191533,48757,,
2012-11-06,255000,257000,253000,254500,150647,38319,,
2012-11-05,249500,255500,249000,255000,199878,50745,,
2012-11-02,255000,255000,249000,249000,167450,42096,,
2012-11-01,252000,254000,248500,253000,213923,53920,,
2012-10-31,249000,256000,248000,252500,148710,37577,,
2012-10-30,252000,252500,245000,247500,201164,49807,,
2012-10-29,252000,252500,248500,249500,159978,40060,,
2012-10-26,255000,256500,244000,249000,631632,158001,,
2012-10-25,259500,265000,257500,264000,184706,48610,,
2012-10-24,252500,265000,251500,259500,448247,116536,,
2012-10-23,257000,260500,251000,255000,268393,68887,,
2012-10-22,251000,260000,250500,260000,198099,50808,,
2012-10-19,253500,260500,250500,256500,413314,105700,,
2012-10-18,269500,271000,255000,256000,536192,138975,,
2012-10-17,277000,277500,269500,269500,254260,69256,,
2012-10-16,276500,280000,271000,277500,162569,44891,,
2012-10-15,271000,276500,270000,276000,250004,68569,,
2012-10-12,275500,277000,269500,269500,236113,64279,,
2012-10-11,269500,280500,269500,277000,323198,89224,,
2012-10-10,273000,277000,271000,271500,198789,54498,,
2012-10-09,278000,280000,275000,275000,202132,55957,,
2012-10-08,282000,284000,275500,278000,227776,63634,,
2012-10-05,279000,284500,275500,283000,283727,79746,,
2012-10-04,278000,281000,274000,275000,317557,87975,,
2012-10-02,290500,291000,279500,279500,239167,68246,,
2012-09-28,276500,292500,274500,290500,358282,102844,,
2012-09-27,269500,280000,269500,276500,99967,27677,,
2012-09-26,273000,274000,269000,270500,145080,39392,,
2012-09-25,285500,291500,273500,275000,222329,62040,,
2012-09-24,278000,289500,276000,284500,160770,45719,,
2012-09-21,278000,281500,275000,277000,134627,37529,,
2012-09-20,274000,280000,272000,277000,112413,31228,,
2012-09-19,271500,278000,270000,272000,155733,42737,,
2012-09-18,267000,271000,266500,269000,101117,27189,,
2012-09-17,275000,276000,265500,267000,274938,73958,,
2012-09-14,276500,281000,275500,279500,266233,74143,,
2012-09-13,277000,278500,274000,277000,219401,60733,,
2012-09-12,265500,278000,265000,277500,298121,81935,,
2012-09-11,260500,266000,258000,265000,88240,23209,,
2012-09-10,265000,265500,259500,259500,77936,20369,,
2012-09-07,268000,271500,262500,263500,156306,41799,,
2012-09-06,261000,267500,260500,267500,148462,39406,,
2012-09-05,265000,268500,260000,260000,125331,33010,,
2012-09-04,257000,267500,255500,265000,223495,58874,,
2012-09-03,259000,261500,252000,260000,142893,36748,,
2012-08-31,263000,263500,259500,259500,139919,36547,,
2012-08-30,257000,263500,255500,263000,196741,51296,,
2012-08-29,261000,263000,256000,259000,261242,67369,,
2012-08-28,268000,270500,261000,261000,167877,44625,,
2012-08-27,263000,266000,262500,265500,152372,40411,,
2012-08-24,261500,265000,257000,259000,249199,65118,,
2012-08-23,263000,268000,263000,267000,254516,67776,,
2012-08-22,263500,265000,261000,261500,147934,38938,,
2012-08-21,263500,264500,259500,262000,162801,42858,,
2012-08-20,259000,263000,258000,262500,158141,41374,,
2012-08-17,257000,258500,255000,257000,175462,45021,,
2012-08-16,257000,259000,254000,257000,224596,57744,,
2012-08-14,249000,254000,248000,254000,414775,104327,,
2012-08-13,250500,252000,243500,246500,419804,103876,,
2012-08-10,259500,260500,249500,250500,615430,155422,,
2012-08-09,263000,265000,256500,263500,432954,112939,,
2012-08-08,262500,265500,261000,264000,282396,74382,,
2012-08-07,268500,269000,258500,262500,341172,89299,,
2012-08-06,276500,278000,267500,272000,231403,62890,,
2012-08-03,275500,282500,273000,274000,171732,47777,,
2012-08-02,279000,285000,272500,273500,119540,33278,,
2012-08-01,272000,281000,272000,277000,100006,27644,,
2012-07-31,267500,285500,264000,275000,293805,79466,,
2012-07-30,273000,275000,266000,269500,210694,56931,,
2012-07-27,262000,275500,261500,275000,212019,57470,,
2012-07-26,264000,267000,259500,259500,188676,49750,,
2012-07-25,264000,270000,263500,267000,115245,30760,,
2012-07-24,271500,272500,263000,268500,183901,49469,,
2012-07-23,264000,271500,260000,271000,138756,36761,,
2012-07-20,267000,272500,265500,266000,167300,44995,,
2012-07-19,258500,269000,255500,269000,295322,78431,,
2012-07-18,250500,256500,248000,254000,100550,25452,,
2012-07-17,256000,257000,250000,250500,121626,30745,,
2012-07-16,258500,260000,252500,253000,142428,36524,,
2012-07-13,251000,256500,248500,254000,199327,50458,,
2012-07-12,254000,258000,246500,246500,161291,40683,,
2012-07-11,252000,256000,251000,253500,111176,28148,,
2012-07-10,257500,259500,249500,254000,286341,72747,,
2012-07-09,257500,264000,252500,263500,217974,56789,,
2012-07-06,261000,261000,254000,257500,159671,40904,,
2012-07-05,255000,261000,255000,261000,111494,28903,,
2012-07-04,250000,258500,249500,257500,288548,73775,,
2012-07-03,243500,250000,243500,247000,171767,42671,,
2012-07-02,245000,246500,242500,244000,156875,38341,,
2012-06-29,241500,250000,241500,250000,142547,35310,,
2012-06-28,244000,249000,240500,245000,166444,40820,,
2012-06-27,234000,242500,230000,242500,223954,52860,,
2012-06-26,235000,236500,230000,234000,187679,43661,,
2012-06-25,240000,240500,234500,236000,148915,35219,,
2012-06-22,248500,248500,238000,240500,227959,54960,,
2012-06-21,245500,251500,245500,249000,157051,39118,,
2012-06-20,250000,250500,247500,247500,150444,37359,,
2012-06-19,243500,249000,243500,246500,165862,40905,,
2012-06-18,244500,246500,240500,242500,123530,29920,,
2012-06-15,246000,246500,240500,243000,141525,34366,,
2012-06-14,245000,249000,240000,245000,245921,60048,,
2012-06-13,246000,247000,242500,245000,153943,37722,,
2012-06-12,241000,247500,241000,244500,139356,34045,,
2012-06-11,250000,252000,239000,241000,289885,70275,,
2012-06-08,242500,251500,242000,249000,253612,62928,,
2012-06-07,242500,249000,240000,242000,190337,46688,,
2012-06-05,236000,241500,234500,236000,144315,34404,,
2012-06-04,235000,236500,229000,236000,220387,51412,,
2012-06-01,237500,243000,236000,240000,183358,44096,,
2012-05-31,236500,242500,232000,242500,225449,53624,,
2012-05-30,229000,235500,225000,235500,180067,41516,,
2012-05-29,229000,229500,223500,226500,177453,40084,,
2012-05-25,234000,235000,227500,230000,124063,28544,,
2012-05-24,230500,235000,227000,234000,126352,29225,,
2012-05-23,234000,234500,226000,230000,143759,33086,,
2012-05-22,230000,232000,221500,229000,182515,41278,,
2012-05-21,228000,236000,226500,229000,169153,39282,,
2012-05-18,223000,230500,215500,224000,228786,51100,,
2012-05-17,225500,228500,221500,222500,180176,40472,,
2012-05-16,231500,232000,225000,227000,196826,44785,,
2012-05-15,236500,241500,230500,232000,142146,33345,,
2012-05-14,240000,245500,238500,238500,172533,41595,,
2012-05-11,242500,245000,235000,239500,180037,43052,,
2012-05-10,250000,255500,242000,245000,212797,52425,,
2012-05-09,238500,254500,238000,254500,243119,60428,,
2012-05-08,243000,244500,234000,238500,296938,70687,,
2012-05-07,246000,250000,241000,244000,164594,40307,,
2012-05-04,255500,255500,246000,247000,204411,50740,,
2012-05-03,250000,255000,246000,255000,171390,42781,,
2012-05-02,255500,256000,250000,250000,142849,36127,,
2012-04-30,251500,258000,248500,256000,173717,44345,,
2012-04-27,256000,256000,247500,251500,205073,51551,,
2012-04-26,260000,260000,251500,257500,121665,31105,,
2012-04-25,251000,258000,250500,255500,96581,24590,,
2012-04-24,263500,263500,249500,249500,173567,44045,,
2012-04-23,269500,271500,257000,262000,123383,32433,,
2012-04-20,269500,270000,266000,267000,64035,17158,,
2012-04-19,264500,271000,263500,269000,136354,36658,,
2012-04-18,264000,265500,259500,263500,125850,33042,,
2012-04-17,258500,264000,258000,262500,90130,23572,,
2012-04-16,259000,261500,254500,259000,94603,24394,,
2012-04-13,265000,265500,257000,262000,171226,44610,,
2012-04-12,260000,265000,253000,264500,238583,61783,,
2012-04-10,268000,275000,260500,265000,124947,33265,,
2012-04-09,272000,272500,266500,268500,92527,24905,,
2012-04-06,274000,274000,266000,272000,117882,31773,,
2012-04-05,258000,274000,256000,274000,241214,64626,,
2012-04-04,262500,264000,252500,253500,137898,35394,,
2012-04-03,259000,268500,257500,261000,167612,44109,,
2012-04-02,265000,267000,256000,259000,147065,38496,,
2012-03-30,258500,262000,253500,260000,125034,32345,,
2012-03-29,261500,261500,252000,253500,148910,37932,,
2012-03-28,265000,265000,255500,261500,224585,58388,,
2012-03-27,257500,267000,255000,265500,252966,66323,,
2012-03-26,250000,257500,210000,251000,248607,62745,,
2012-03-23,242000,251000,241500,246500,152952,37823,,
2012-03-22,250500,251000,235000,244500,212445,51853,,
2012-03-21,240500,249500,239000,249500,190475,47051,,
2012-03-20,238000,245500,237000,239000,197828,47747,,
2012-03-19,235000,240500,235000,238500,110405,26334,,
2012-03-16,237000,239000,235000,235000,112125,26523,,
2012-03-15,236000,239500,235000,237000,102523,24282,,
2012-03-14,238500,242500,235500,236000,150100,35779,,
2012-03-13,242500,246000,238500,238500,147993,35849,,
2012-03-12,232000,242000,231500,241500,152464,36431,,
2012-03-09,229000,235000,228000,233000,165313,38355,,
2012-03-08,235500,236000,227000,227000,213742,48932,,
2012-03-07,234000,236000,231000,235500,116610,27326,,
2012-03-06,234000,236000,227500,233000,149264,34583,,
2012-03-05,233500,235000,230500,232500,103146,24065,,
2012-03-02,234500,238000,226500,237500,268744,62233,,
2012-02-29,231000,234500,228000,233500,175229,40462,,
2012-02-28,235000,238000,230500,232500,177332,41523,,
2012-02-27,240000,240000,230500,238000,226265,53303,,
2012-02-24,235500,240000,232500,237500,232982,55373,,
2012-02-23,233500,240000,231500,240000,386376,91996,,
2012-02-22,224000,236500,222500,231000,346242,80360,,
2012-02-21,216500,223000,216500,223000,126435,27910,,
2012-02-20,219500,221500,216000,216500,126546,27387,,
2012-02-17,223500,225000,219500,219500,143925,31834,,
2012-02-16,223500,227000,220500,221000,131790,29598,,
2012-02-15,222000,225000,219000,225000,168743,37683,,
2012-02-14,217000,220500,214500,219000,139635,30456,,
2012-02-13,217500,221000,215000,217500,132240,28918,,
2012-02-10,211000,219500,208000,217500,298134,64596,,
2012-02-09,215000,217000,209000,212500,251293,53330,,
2012-02-08,217000,219000,212000,213000,218586,46714,,
2012-02-07,220500,220500,214000,218500,175851,38079,,
2012-02-06,218500,221000,217000,220500,194170,42547,,
2012-02-03,213500,218000,212000,217500,220172,47592,,
2012-02-02,211000,214500,209000,210500,232166,49046,,
2012-02-01,212500,216000,208000,210000,260649,55118,,
2012-01-31,215500,216500,208000,212000,227379,48242,,
2012-01-30,217000,219500,210500,211000,239064,51340,,
2012-01-27,221000,221000,214000,216500,182344,39526,,
2012-01-26,218000,221500,215000,220000,250196,54864,,
2012-01-25,224500,225000,217000,217000,251599,55359,,
2012-01-20,228000,228500,221000,223500,254618,56969,,
2012-01-19,229500,230500,226500,229500,149931,34327,,
2012-01-18,225500,227500,224000,227500,186983,42283,,
2012-01-17,222000,224500,220500,224000,122416,27249,,
2012-01-16,223500,224000,214000,220000,115326,25188,,
2012-01-13,222500,224000,219500,222000,115876,25693,,
2012-01-12,221500,222000,218500,222000,130738,28843,,
2012-01-11,216500,221000,216000,220000,119629,26159,,
2012-01-10,218500,221000,216000,216000,123542,26929,,
2012-01-09,214500,220000,211500,216000,99677,21328,,
2012-01-06,220500,221500,213000,216500,118049,25670,,
2012-01-05,220000,221500,216500,216500,122556,26834,,
2012-01-04,223500,223500,217000,219500,114888,25164,,
2012-01-03,209500,219500,209500,219500,129258,28084,,
2012-01-02,209000,214000,207500,209000,79684,16664,,
2011-12-29,209000,213500,207000,211000,123074,25935,,
2011-12-28,220000,220000,209000,210000,147371,31184,,
2011-12-27,215500,221500,212000,217000,100446,21844,,
2011-12-26,222000,222000,215000,215500,61245,13296,,
2011-12-23,221000,223500,217000,219500,146138,32141,,
2011-12-22,222000,224000,216500,221000,68256,15045,,
2011-12-21,207000,222000,206500,222000,248751,53694,,
2011-12-20,214000,214000,201500,202000,282800,57932,,
2011-12-19,216500,218500,198500,209500,283702,59061,,
2011-12-16,217000,220500,211000,217500,165760,35885,,
2011-12-15,218000,223000,216000,216000,122375,26698,,
2011-12-14,227500,227500,217500,218000,142955,31421,,
2011-12-13,225000,229000,223000,227500,108289,24582,,
2011-12-12,219000,228000,217500,227000,162324,36533,,
2011-12-09,222000,223000,215000,216000,235187,51230,,
2011-12-08,221000,227000,221000,225000,210300,47213,,
2011-12-07,231500,233000,220500,222000,350308,79087,,
2011-12-06,230000,234000,229500,231500,234037,53999,,
2011-12-05,230500,232000,227000,231500,168461,38920,,
2011-12-02,227000,230000,225000,229000,361629,82326,,
2011-12-01,254000,254000,219500,227000,977618,225770,,
2011-11-30,248000,251500,246500,248000,167708,41693,,
2011-11-29,247500,255000,246000,251500,227117,57125,,
2011-11-28,248500,252000,242000,247500,112216,27663,,
2011-11-25,240000,247000,236500,245500,134707,32775,,
2011-11-24,237000,244000,234500,238000,93190,22323,,
2011-11-23,245500,245500,233000,234500,122180,29053,,
2011-11-22,229000,245500,229000,242500,131770,31602,,
2011-11-21,239500,239500,230000,233000,108347,25476,,
2011-11-18,241000,244000,237500,237500,157643,37738,,
2011-11-17,245000,247000,239000,247000,88217,21438,,
2011-11-16,251500,253000,240000,242000,148078,36611,,
2011-11-15,242500,251000,242000,247500,194237,48178,,
2011-11-14,240000,244000,239500,241000,120736,29253,,
2011-11-11,233500,241000,229500,237000,147677,34810,,
2011-11-10,235500,243500,231000,231000,278982,65795,,
2011-11-09,232500,243000,232500,243000,185749,44406,,
2011-11-08,229500,234500,227500,231500,81344,18831,,
2011-11-07,236000,241000,226500,229000,162076,37600,,
2011-11-04,234000,234000,229500,233500,115356,26811,,
2011-11-03,232500,233500,227000,228000,133863,30731,,
2011-11-02,229000,235500,228000,233000,146727,34049,,
2011-11-01,234500,235000,228500,230000,123388,28625,,
2011-10-31,228500,233000,226000,233000,141654,32632,,
2011-10-28,237000,239000,223500,231500,433472,99265,,
2011-10-27,238500,245000,237500,237500,253139,60935,,
2011-10-26,240500,242500,234000,236500,179779,42554,,
2011-10-25,240000,245000,235500,240500,180996,43458,,
2011-10-24,237000,241000,233000,241000,251778,59756,,
2011-10-21,237500,242000,231500,234000,386370,91056,,
2011-10-20,254000,255500,236000,237500,370109,89459,,
2011-10-19,247000,260500,242000,255000,282482,71432,,
2011-10-18,247000,256000,244500,246000,238269,59639,,
2011-10-17,247000,257500,244500,249500,311362,78100,,
2011-10-14,233500,250000,232000,245000,392761,94828,,
2011-10-13,231000,241500,230000,230000,269114,63331,,
2011-10-12,224500,233500,224000,231500,165013,37311,,
2011-10-11,225500,230000,219500,225000,296326,66166,,
2011-10-10,218500,227000,218500,225000,150392,33651,,
2011-10-07,234000,240000,220000,221500,480872,107674,,
2011-10-06,239000,239000,231500,236500,256821,60563,,
2011-10-05,231500,242000,225500,232000,384466,90572,,
2011-10-04,223500,234000,223000,227000,344050,78661,,
2011-09-30,221000,240500,218000,227000,280385,63501,,
2011-09-29,217500,226500,214500,221000,162044,35887,,
2011-09-28,215000,221000,211500,217500,150112,32341,,
2011-09-27,214500,219500,206500,216000,268685,57137,,
2011-09-26,217000,221500,203500,212500,315546,66950,,
2011-09-23,221000,226500,213500,215500,272879,59976,,
2011-09-22,222500,229500,220500,225000,190162,42921,,
2011-09-21,215500,228000,213500,225000,292262,65223,,
2011-09-20,210500,219500,208500,217500,174872,37749,,
2011-09-19,208500,213000,206000,210500,165048,34652,,
2011-09-16,208000,213000,205500,206000,195020,40878,,
2011-09-15,207500,211000,202500,205000,151949,31202,,
2011-09-14,208000,208000,199000,203500,218452,44240,,
2011-09-09,209000,211500,204500,207500,176060,36638,,
2011-09-08,217500,219000,208000,212000,311114,65740,,
2011-09-07,219000,220000,213500,219500,281634,61459,,
2011-09-06,210500,222500,210000,216000,490826,106872,,
2011-09-05,210000,217000,206500,212500,240783,51453,,
2011-09-02,206000,218000,205000,210500,267845,57194,,
2011-09-01,208500,217500,206000,207500,315034,67346,,
2011-08-31,197000,210000,195000,208000,273365,56011,,
2011-08-30,191000,199000,190000,195000,186749,36397,,
2011-08-29,194000,195000,189500,190000,191361,36769,,
2011-08-26,194500,197000,189500,193000,200691,38497,,
2011-08-25,198000,205000,197000,198000,197422,39537,,
2011-08-24,194000,204500,188000,200000,267083,52144,,
2011-08-23,195000,197500,189000,194000,266376,51933,,
2011-08-22,188000,196500,179000,191000,234153,44545,,
2011-08-19,188500,199500,185500,186500,463015,88743,,
2011-08-18,180500,192000,179500,190500,566531,106900,,
2011-08-17,177500,183000,173000,178000,437045,77252,,
2011-08-16,182000,182500,176500,177500,435994,78022,,
2011-08-12,190000,191500,177000,177500,672863,121986,,
2011-08-11,178000,202000,178000,189500,597551,115831,,
2011-08-10,182000,193500,180000,191500,496221,92505,,
2011-08-09,188000,189000,168500,175000,494989,89153,,
2011-08-08,194000,203000,189000,190000,303098,58514,,
2011-08-05,206000,206000,190000,199500,340544,68321,,
2011-08-04,210500,217000,205000,207500,290952,61667,,
2011-08-03,211000,217500,207500,211500,257154,54694,,
2011-08-02,213000,217500,210000,213500,157102,33747,,
2011-08-01,210500,218000,210500,213000,300776,64431,,
2011-07-29,214000,215500,210000,210000,197961,42175,,
2011-07-28,214500,220500,213500,214000,393425,85613,,
2011-07-27,213000,219500,207000,218000,207490,44767,,
2011-07-26,206000,215000,203000,212500,289527,61185,,
2011-07-25,207000,208000,203000,206500,115200,23672,,
2011-07-22,209500,213000,206000,209500,229664,48214,,
2011-07-21,204500,210500,203000,210000,386279,80458,,
2011-07-20,202000,208500,200000,201000,395154,81199,,
2011-07-19,196000,206500,195500,202000,663244,134036,,
2011-07-18,189500,196000,188500,195500,418584,80496,,
2011-07-15,184500,189000,184500,187500,243039,45633,,
2011-07-14,188000,189000,182000,184500,254678,46976,,
2011-07-13,186500,190500,185500,188000,177077,33342,,
2011-07-12,189000,191000,185500,185500,119131,22297,,
2011-07-11,192500,192500,188500,190500,102836,19620,,
2011-07-08,192500,193000,191000,192000,145329,27867,,
2011-07-07,189500,191000,188000,191000,223799,42480,,
2011-07-06,190000,191500,188000,189000,163703,30925,,
2011-07-05,188000,190000,187000,189500,178319,33632,,
2011-07-04,190500,191000,185500,187500,313952,58866,,
2011-07-01,192000,192500,189000,189000,132917,25266,,
2011-06-30,191000,192500,189000,189000,112433,21400,,
2011-06-29,192500,193000,188500,192000,133973,25545,,
2011-06-28,191000,192500,190000,191500,75791,14502,,
2011-06-27,192500,192500,188500,190000,111364,21112,,
2011-06-24,191000,193500,190000,193000,166916,31998,,
2011-06-23,196500,199000,191500,191500,193547,37285,,
2011-06-22,199500,199500,197000,199500,106796,21195,,
2011-06-21,198000,200000,195500,197500,75490,14971,,
2011-06-20,192500,199000,191500,197500,116442,22834,,
2011-06-17,193000,195500,192000,193000,104411,20215,,
2011-06-16,195000,195000,191500,193000,91467,17650,,
2011-06-15,200500,200500,192000,196000,187243,36549,,
2011-06-14,200000,201500,197000,200000,195542,39066,,
2011-06-13,189000,200000,187500,200000,364278,71234,,
2011-06-10,190500,191500,187000,188000,122332,23139,,
2011-06-09,197000,197000,189000,189500,214576,41152,,
2011-06-08,194500,196000,192500,195000,180629,35153,,
2011-06-07,190000,193500,186000,192500,253854,48346,,
2011-06-03,190500,193000,189000,191500,145230,27856,,
2011-06-02,192000,192500,189000,190000,130305,24770,,
2011-06-01,193500,193500,189000,193500,120291,23065,,
2011-05-31,188500,194500,188500,192000,206513,39724,,
2011-05-30,189500,191000,187500,188500,111053,20957,,
2011-05-27,188000,191500,188000,189000,70220,13314,,
2011-05-26,194000,194500,188500,189000,116199,22044,,
2011-05-25,188500,192500,186500,192000,172296,32719,,
2011-05-24,191500,192000,188500,188500,92062,17481,,
2011-05-23,192000,193000,188000,189000,100775,19108,,
2011-05-20,193000,195500,193000,194000,123520,24024,,
2011-05-19,195000,195500,192000,195000,274035,53154,,
2011-05-18,201500,202000,191500,192500,451657,87628,,
2011-05-17,202000,205000,201000,201500,156288,31657,,
2011-05-16,200000,203000,200000,200500,118958,23929,,
2011-05-13,200500,202500,200000,200000,72458,14547,,
2011-05-12,207000,207000,200000,200000,282943,57554,,
2011-05-11,213000,213000,208500,209500,138038,29014,,
2011-05-09,210000,212000,207500,208000,143670,30048,,
2011-05-06,209500,212500,208500,210500,124636,26227,,
2011-05-04,218500,218500,209500,212500,251923,53556,,
2011-05-03,215500,219000,215000,217000,104521,22686,,
2011-05-02,212500,218500,212500,218500,193071,41810,,
2011-04-29,210000,212500,207000,212500,182199,38310,,
2011-04-28,215000,216000,210000,210000,204291,43263,,
2011-04-27,209000,214000,209000,214000,259525,54911,,
2011-04-26,206500,208500,205000,208500,156463,32357,,
2011-04-25,205500,206500,202500,203000,86102,17590,,
2011-04-22,205500,207500,202500,207000,89315,18374,,
2011-04-21,205000,208500,205000,207500,174527,36207,,
2011-04-20,199500,204000,198500,204000,191773,38722,,
2011-04-19,193500,200000,193500,198500,205010,40417,,
2011-04-18,201000,201000,190000,193000,241477,46824,,
2011-04-15,197000,200000,196500,200000,183172,36365,,
2011-04-14,195500,198500,193000,198000,164220,32108,,
2011-04-13,195500,198500,193500,196000,174851,34260,,
2011-04-12,204000,204500,195000,195500,175439,34747,,
2011-04-11,200000,204500,199500,204000,305119,62022,,
2011-04-08,200500,203000,197500,197500,186318,37209,,
2011-04-07,203500,204500,200500,201500,104452,21085,,
2011-04-06,205000,205500,201500,205500,141508,28865,,
2011-04-05,201500,206000,199500,205500,136789,27759,,
2011-04-04,204500,208500,202500,205000,174605,35812,,
2011-04-01,194000,205000,193500,204500,451088,90391,,
2011-03-31,189500,193000,189000,191500,219098,41784,,
2011-03-30,184500,190500,184500,190500,242675,45779,,
2011-03-29,185500,187500,184500,187000,177593,33043,,
2011-03-28,190000,190000,184000,185500,200632,37261,,
2011-03-25,193500,194500,187000,188000,335332,63356,,
2011-03-24,194500,195000,192500,193500,114138,22121,,
2011-03-23,192000,195000,190500,194500,204444,39627,,
2011-03-22,190000,192000,189000,190500,96457,18350,,
2011-03-21,187000,191500,186000,191500,122143,23135,,
2011-03-18,185500,188500,183500,187500,175125,32553,,
2011-03-17,187500,187500,181000,187000,206776,38304,,
2011-03-16,185000,189000,184000,188000,157340,29435,,
2011-03-15,185500,186500,179500,182000,202408,37054,,
2011-03-14,186000,186000,176000,185000,210235,38480,,
2011-03-11,189000,189500,185000,185000,164567,30742,,
2011-03-10,187000,189500,186500,189000,184535,34798,,
2011-03-09,187500,189000,186000,188000,110556,20712,,
2011-03-08,185000,189500,185000,187500,86452,16230,,
2011-03-07,192500,193500,185000,186000,178373,33291,,
2011-03-04,190500,192500,188500,192500,132316,25243,,
2011-03-03,190500,191000,188500,190500,94488,17913,,
2011-03-02,188500,189500,185000,189000,123462,23144,,
2011-02-28,187500,190000,186500,189500,188785,35570,,
2011-02-25,185500,187000,185000,186000,79755,14809,,
2011-02-24,189500,189500,185000,186000,97955,18309,,
2011-02-23,183000,190500,182500,189500,211628,39807,,
2011-02-22,184500,187500,181000,181500,260063,47856,,
2011-02-21,195500,195500,183500,185500,421950,79258,,
2011-02-18,193500,195000,186000,193500,344578,66295,,
2011-02-17,190000,193500,188500,192000,167185,31868,,
2011-02-16,185000,189500,185000,187000,185081,34647,,
2011-02-15,191000,191000,186000,187000,297839,56006,,
2011-02-14,188500,192000,187500,189500,238795,45395,,
2011-02-11,202500,202500,187000,187000,468496,89667,,
2011-02-10,204000,205500,199500,200000,232042,46745,,
2011-02-09,202000,209000,201000,206500,342192,70542,,
2011-02-08,205500,206000,203000,203500,131908,26962,,
2011-02-07,203000,205000,201000,204000,247717,50252,,
2011-02-01,201000,205000,196500,197000,198378,39677,,
2011-01-31,202000,202000,193500,200000,226631,44798,,
2011-01-28,205500,206000,202500,203000,145779,29774,,
2011-01-27,203500,208000,201500,204000,278334,56823,,
2011-01-26,208000,210000,204500,205000,146421,30175,,
2011-01-25,207500,209500,204000,206000,271682,55965,,
2011-01-24,209500,216000,207500,210000,463817,97976,,
2011-01-21,205000,206500,202500,205000,225386,46133,,
2011-01-20,201000,205500,201000,204000,312544,63499,,
2011-01-19,203500,205000,198000,199500,479079,95663,,
2011-01-18,212000,212500,203500,206000,430765,88626,,
2011-01-17,209500,214500,209000,211000,517096,109454,,
2011-01-14,203500,207500,202500,207000,402728,82906,,
2011-01-13,209000,209500,199500,202500,800692,162544,,
2011-01-12,213500,214500,205500,208500,473088,98394,,
2011-01-11,217000,217000,210000,211500,321179,68539,,
2011-01-10,225000,226000,214000,215000,261149,56309,,
2011-01-07,221500,227500,221500,225000,202713,45700,,
2011-01-06,224500,225500,219500,221500,191166,42411,,
2011-01-05,219000,227500,219000,222500,187526,42102,,
2011-01-04,223500,225500,217000,221500,152706,33546,,
2011-01-03,229000,229500,220000,221500,152703,34041,,
2010-12-30,220000,229000,219500,227000,289646,65541,,
2010-12-29,211000,218500,210500,218000,138719,30034,,
2010-12-28,207000,217000,206000,211500,155763,33023,,
2010-12-27,204000,206000,201000,205500,70970,14500,,
2010-12-24,211000,213000,203500,205000,99488,20711,,
2010-12-23,210000,211500,207500,210000,117543,24622,,
2010-12-22,205000,209500,203500,209000,162684,33579,,
2010-12-21,213000,213000,204000,205000,212761,43991,,
2010-12-20,204000,211000,203000,210000,386551,79863,,
2010-12-17,199000,205500,198500,203500,353285,71665,,
2010-12-16,193500,197500,192500,197500,174787,34204,,
2010-12-15,194000,194000,190500,193500,257767,49481,,
2010-12-14,194000,195500,192000,193000,202834,39222,,
2010-12-13,192000,192000,190000,190500,91252,17375,,
2010-12-10,192500,193000,190000,191000,91295,17460,,
2010-12-09,191000,192500,189500,192500,201198,38493,,
2010-12-08,189500,192000,188500,190000,183270,34883,,
2010-12-07,186000,189000,186000,188500,146849,27526,,
2010-12-06,189000,189500,185000,186000,161280,30051,,
2010-12-03,193500,193500,188000,189500,297700,56463,,
2010-12-02,194000,195500,190500,193000,213000,41012,,
2010-12-01,198000,198000,192000,193500,134485,26057,,
2010-11-30,192500,199500,191000,196000,268198,52757,,
2010-11-29,189500,195000,189000,191000,170366,32686,,
2010-11-26,193500,195500,188000,188500,125628,23894,,
2010-11-25,195000,196500,192000,193500,133807,25960,,
2010-11-24,194500,196500,192500,195000,180093,35098,,
2010-11-23,193500,199500,191500,199000,260532,50721,,
2010-11-22,194000,196000,191000,192500,143175,27706,,
2010-11-19,191000,193000,190000,193000,121232,23196,,
2010-11-18,192000,195000,190000,190500,157528,30234,,
2010-11-17,192000,194000,191000,191500,98812,18966,,
2010-11-16,196000,197000,192000,194500,191523,37232,,
2010-11-15,190000,195000,189000,193000,127355,24573,,
2010-11-12,190000,193500,187000,188500,268772,50919,,
2010-11-11,195500,197500,186000,186000,351680,67002,,
2010-11-10,196000,198000,192500,194500,193577,37604,,
2010-11-09,197000,198500,194500,195500,110564,21723,,
2010-11-08,200500,202500,195000,196000,154068,30361,,
2010-11-05,196500,203000,195500,202000,228493,45858,,
2010-11-04,197000,198000,193500,194000,182018,35479,,
2010-11-03,200000,201500,195000,197000,221294,43699,,
2010-11-02,194000,199000,193500,197500,256608,50544,,
2010-11-01,199000,199500,190500,193000,409762,79505,,
2010-10-29,208500,208500,199000,199500,240704,48421,,
2010-10-28,204000,208000,203500,207500,83710,17248,,
2010-10-27,209000,209000,204500,205500,155824,32157,,
2010-10-26,204500,208500,204000,207500,186750,38519,,
2010-10-25,203500,206000,202000,205500,179388,36565,,
2010-10-22,206000,206500,203000,204000,124759,25489,,
2010-10-21,209500,210000,202000,203500,408922,83678,,
2010-10-20,210000,210000,205500,208500,230187,47780,,
2010-10-19,205000,215000,203500,208000,237518,49926,,
2010-10-18,205500,211000,202500,202500,210010,43551,,
2010-10-15,208000,208000,203500,204500,163925,33634,,
2010-10-14,208500,211000,200000,206000,288898,59500,,
2010-10-13,214500,215000,207500,208500,82928,17404,,
2010-10-12,215000,216000,207000,213500,148940,31363,,
2010-10-11,215000,219000,212500,214000,147114,31674,,
2010-10-08,214500,215000,208000,212000,175579,37007,,
2010-10-07,212500,214500,212500,214500,101976,21819,,
2010-10-06,213500,214500,210500,214500,210210,44754,,
2010-10-05,209000,214000,206500,214000,283465,59850,,
2010-10-04,202000,208500,200500,207000,231113,47760,,
2010-10-01,198000,202000,197000,200500,309326,61927,,
2010-09-30,202500,204500,194000,196000,379212,74795,,
2010-09-29,210500,211500,203500,203500,218003,45091,,
2010-09-28,208000,214000,208000,211500,271366,57502,,
2010-09-27,202000,210000,200000,209500,269653,55546,,
2010-09-24,199000,202500,198000,201500,284966,57250,,
2010-09-20,198000,200000,196000,197500,87056,17228,,
2010-09-17,194500,200000,193500,197000,219099,43380,,
2010-09-16,195500,196000,191500,193000,174730,33761,,
2010-09-15,195000,197000,193000,195500,141766,27750,,
2010-09-14,198500,199500,193000,195000,172295,33555,,
2010-09-13,200000,202500,197000,199500,141182,28127,,
2010-09-10,198000,202500,196500,200000,320890,64065,,
2010-09-09,195500,199000,192500,199000,235451,46131,,
2010-09-08,191000,196500,190000,195500,212823,41360,,
2010-09-07,193000,193500,189500,190000,86479,16561,,
2010-09-06,193000,195500,191000,191500,147502,28424,,
2010-09-03,191500,195000,191000,194000,171623,33217,,
2010-09-02,195000,196000,188500,190000,254842,48515,,
2010-09-01,198000,199000,191000,194000,245635,47661,,
2010-08-31,196000,199000,193000,196500,335279,66008,,
2010-08-30,190500,193000,190000,191000,77293,14779,,
2010-08-27,194000,194000,190000,190000,88847,17007,,
2010-08-26,191000,194500,190500,194000,189703,36622,,
2010-08-25,191000,191500,189000,189500,111071,21084,,
2010-08-24,187000,192500,182500,192500,409082,76610,,
2010-08-23,187000,188000,185500,186000,194456,36256,,
2010-08-20,185500,187500,184000,186000,465503,85486,,
2010-08-19,188500,188500,184000,185500,321423,59569,,
2010-08-18,189000,191000,187500,188500,171150,32201,,
2010-08-17,188000,190000,186500,189000,117233,22087,,
2010-08-16,190000,190000,184000,186500,202028,37710,,
2010-08-13,189500,191000,188000,190000,81740,15517,,
2010-08-12,189000,191000,188500,189500,164088,31178,,
2010-08-11,190500,193000,190000,190500,75173,14360,,
2010-08-10,195000,195000,190000,192000,133186,25603,,
2010-08-09,190000,194000,190000,194000,175208,33839,,
2010-08-06,190000,191500,188000,189500,164566,31149,,
2010-08-05,191000,191500,189500,190000,233870,44513,,
2010-08-04,185000,190500,185000,190000,363459,68274,,
2010-08-03,185000,186000,182000,183500,232655,42767,,
2010-08-02,185500,188500,184000,184500,231001,42792,,
2010-07-30,187500,190000,183500,184000,206995,38517,,
2010-07-29,192000,192000,185000,187500,274884,51413,,
2010-07-28,192000,193500,190000,190000,142434,27285,,
2010-07-27,195000,195500,189500,190000,197632,37897,,
2010-07-26,196000,197000,193500,196000,192715,37725,,
2010-07-23,190500,194500,190500,194500,199184,38482,,
2010-07-22,190000,192500,187000,188000,182024,34501,,
2010-07-21,193000,194000,188500,191500,214908,41165,,
2010-07-20,194000,195500,191500,192000,192366,37064,,
2010-07-19,197500,198000,194000,194000,169937,33185,,
2010-07-16,192000,198500,191500,198000,231328,45171,,
2010-07-15,194500,195000,191000,192000,245662,47203,,
2010-07-14,194000,197000,193500,194500,256292,50035,,
2010-07-13,198000,199500,194500,195000,264637,51854,,
2010-07-12,198000,201000,196000,197000,275128,54511,,
2010-07-09,195500,198500,192500,198000,161901,31633,,
2010-07-08,196000,197500,190500,194500,232524,45001,,
2010-07-07,203000,203000,193000,194500,536381,105414,,
2010-07-06,194500,203000,193000,203000,456244,91008,,
2010-07-05,189500,196500,189000,194500,409677,79131,,
2010-07-02,188500,190500,186500,187500,125047,23435,,
2010-07-01,185000,191000,183500,188500,313243,58997,,
2010-06-30,180000,184000,179500,183500,129554,23720,,
2010-06-29,184000,185500,181000,181000,96752,17697,,
2010-06-28,182000,183500,180000,182500,118066,21447,,
2010-06-25,186000,186000,181000,182000,173164,31608,,
2010-06-24,187000,189000,186000,186500,111541,20867,,
2010-06-23,187500,190500,185000,187000,168869,31527,,
2010-06-22,186500,190500,185000,190000,149847,28129,,
2010-06-21,186000,190000,185000,188500,214111,40397,,
2010-06-18,187000,189500,183500,184500,217201,40525,,
2010-06-17,189000,189000,185000,185000,257203,47956,,
2010-06-16,193000,193500,188000,189500,133781,25421,,
2010-06-15,191500,193000,189000,190500,150032,28671,,
2010-06-14,189000,195000,188000,193000,285031,54890,,
2010-06-11,183000,187000,182500,187000,209170,38799,,
2010-06-10,186500,186500,181000,181000,179656,32775,,
2010-06-09,182500,184500,180000,184500,139943,25423,,
2010-06-08,180000,182500,179000,182000,102783,18576,,
2010-06-07,181500,183000,178000,179000,180826,32449,,
2010-06-04,180500,183000,180000,183000,151298,27494,,
2010-06-03,180500,180500,177500,180500,182511,32842,,
2010-06-01,177000,180500,175500,179000,225379,40141,,
2010-05-31,174000,177500,173500,174000,222487,38902,,
2010-05-28,173000,174000,170500,173000,257788,44466,,
2010-05-27,172000,173000,169500,170000,280786,47915,,
2010-05-26,174000,175000,171500,174500,291123,50513,,
2010-05-25,175500,177500,170500,174500,205648,35740,,
2010-05-24,178000,184500,175500,176500,170168,30196,,
2010-05-20,174000,180000,174000,180000,106576,18963,,
2010-05-19,179000,180500,175000,175500,132488,23418,,
2010-05-18,178000,180000,174000,177500,121482,21479,,
2010-05-17,180500,183000,175000,179500,183960,32743,,
2010-05-14,182000,183000,181500,182000,166751,30383,,
2010-05-13,182000,183500,182000,182000,117116,21335,,
2010-05-12,180500,184500,180500,182000,213788,39028,,
2010-05-11,179000,180500,176000,178500,195042,34776,,
2010-05-10,176000,179000,176000,177500,209063,37215,,
2010-05-07,174000,179000,174000,175500,280128,49592,,
2010-05-06,171500,181000,171000,180500,408308,72966,,
2010-05-04,181000,182000,172500,174500,482606,84904,,
2010-05-03,185000,187500,179000,180000,381188,69220,,
2010-04-30,190500,190500,185500,185500,177011,33213,,
2010-04-29,191000,191000,186000,190000,212659,40049,,
2010-04-28,187000,192500,186000,191000,307497,58390,,
2010-04-27,188500,191500,187000,191000,171538,32646,,
2010-04-26,185500,189500,185500,189000,144348,27231,,
2010-04-23,187000,187000,183500,185000,112777,20858,,
2010-04-22,187000,187000,183000,185000,160511,29653,,
2010-04-21,183500,189000,183000,186500,493549,91547,,
2010-04-20,184500,184500,181000,181500,362210,66000,,
2010-04-19,188000,188000,182500,183500,154595,28523,,
2010-04-16,193000,193500,185500,188000,461381,86496,,
2010-04-15,194500,195500,191000,195000,175868,33990,,
2010-04-14,196000,198500,194000,195500,202142,39634,,
2010-04-13,195000,195500,192000,195500,292421,56824,,
2010-04-12,188500,191500,188000,190000,120366,22875,,
2010-04-09,192000,193000,187500,190000,249182,47275,,
2010-04-08,191500,194500,191000,194000,167137,32272,,
2010-04-07,191000,197000,190500,191000,334560,64796,,
2010-04-06,191000,193000,188500,191000,196814,37575,,
2010-04-05,185000,190500,185000,189000,199261,37677,,
2010-04-02,186500,187500,183500,185000,127403,23618,,
2010-04-01,181000,188500,180000,187500,341947,63190,,
2010-03-31,181500,182000,179000,180000,301280,54197,,
2010-03-30,188500,189500,179000,181000,621726,111718,,
2010-03-29,188500,190000,187000,188500,69427,13113,,
2010-03-26,192000,192000,187500,189000,155870,29511,,
2010-03-25,190000,191000,187000,190000,160707,30437,,
2010-03-24,189000,192000,188000,188500,87981,16663,,
2010-03-23,186000,190000,185500,190000,291888,55002,,
2010-03-22,187500,188000,183500,184000,273246,50543,,
2010-03-19,184000,186500,183500,186000,85627,15863,,
2010-03-18,187000,189500,183000,183000,227563,42036,,
2010-03-17,189500,190000,188000,189500,103795,19605,,
2010-03-16,183500,188000,182500,188000,142101,26510,,
2010-03-15,189500,190000,183500,184000,104138,19331,,
2010-03-12,189500,190000,183000,189000,175362,32574,,
2010-03-11,188500,190000,186500,189000,175976,33180,,
2010-03-10,192000,193000,186500,187000,172224,32580,,
2010-03-09,192000,192000,188000,192000,140615,26819,,
2010-03-08,189500,191500,187500,191500,310224,58856,,
2010-03-05,185000,189000,184500,185000,171699,32128,,
2010-03-04,184500,188000,183500,185000,107898,20045,,
2010-03-03,189000,190000,182500,183000,226798,41942,,
2010-03-02,185500,189000,183000,188500,265679,49576,,
2010-02-26,180000,183500,177500,181000,150853,27408,,
2010-02-25,178000,180500,176500,180500,194290,34698,,
2010-02-24,173000,179000,173000,178000,94955,16817,,
2010-02-23,176000,178500,176000,176000,80911,14348,,
2010-02-22,174500,178000,174000,176000,200451,35283,,
2010-02-19,171500,174000,169500,172000,171905,29477,,
2010-02-18,176000,177000,172500,172500,192027,33352,,
2010-02-17,178500,179500,173500,177000,252869,44828,,
2010-02-16,174500,179000,173000,176500,230516,40761,,
2010-02-12,172000,175500,170000,173500,474912,82108,,
2010-02-11,162500,167000,162000,167000,295814,48834,,
2010-02-10,166500,166500,161000,161000,263845,43057,,
2010-02-09,167000,169500,162000,164000,395017,64752,,
2010-02-08,167500,173000,167000,169500,193049,32831,,
2010-02-05,166000,170000,165500,167000,221041,37114,,
2010-02-04,168500,174000,168000,172000,603551,103480,,
2010-02-03,168500,170500,163500,166500,587920,98148,,
2010-02-02,170000,172500,167000,168500,251886,42841,,
2010-02-01,172500,172500,165500,168500,314485,52884,,
2010-01-29,181500,182500,170000,173000,365337,63572,,
2010-01-28,184500,189500,181000,182000,242138,44774,,
2010-01-27,186500,188000,183500,185000,175087,32481,,
2010-01-26,187500,188500,184000,187000,247881,46133,,
2010-01-25,182000,188000,181500,188000,190580,35277,,
2010-01-22,186500,187500,182000,184500,260775,47986,,
2010-01-21,184000,190000,183500,189000,231874,43561,,
2010-01-20,187000,187500,181000,186000,216551,39799,,
2010-01-19,188500,192000,183500,185500,241041,45273,,
2010-01-18,181000,187500,181000,186500,233263,43071,,
2010-01-15,182500,184000,179000,181000,303942,55200,,
2010-01-14,185500,188000,182500,182500,316643,58289,,
2010-01-13,189500,192000,184000,187000,211340,39271,,
2010-01-12,186000,192000,185000,192000,345142,65029,,
2010-01-11,185000,188500,181000,183500,368378,67903,,
2010-01-08,192500,195000,186000,186000,217263,40862,,
2010-01-07,192500,196000,191000,192500,179990,34799,,
2010-01-06,193000,197000,192000,192000,314863,60962,,
2010-01-05,191500,196000,190000,193000,225816,43646,,
2010-01-04,190000,193500,189000,193000,239168,45658,,
2009-12-30,194500,194500,190000,192000,233858,44873,,
2009-12-29,188000,194000,188000,194000,148515,28271,4,0.00
2009-12-28,197000,200000,191000,191000,287230,55594,,
2009-12-24,200500,202500,196500,200000,253665,50687,,
2009-12-23,193000,199500,192000,199000,270326,53460,,
2009-12-22,196500,196500,191000,193000,187448,36272,,
2009-12-21,194000,196000,193000,194500,205137,39818,,
2009-12-18,197000,197500,192000,194000,225907,43892,,
2009-12-17,198000,200000,193500,196000,307735,60456,,
2009-12-16,202000,208500,194500,198000,552108,110269,,
2009-12-15,201000,204000,199500,201500,205219,41343,,
2009-12-14,204500,205000,198000,201000,301311,60285,,
2009-12-11,207000,210000,202000,204000,258952,52975,,
2009-12-10,204500,210000,200000,210000,451937,93329,,
2009-12-09,199000,207000,199000,207000,343356,69586,,
2009-12-08,195000,200500,195000,199500,201409,40013,,
2009-12-07,197000,198000,194500,197000,142970,28166,,
2009-12-04,193500,198000,191500,193500,288897,56365,,
2009-12-03,189000,193500,188500,193500,180949,34725,,
2009-12-02,184500,190500,183000,190000,213188,39919,,
2009-12-01,184500,188000,181000,184000,431458,79511,,
2009-11-30,184000,187500,182500,185000,174785,32343,,
2009-11-27,186500,188000,181500,181500,176376,32635,,
2009-11-26,188000,191500,186500,189500,214139,40314,,
2009-11-25,191000,193000,186500,189000,248011,46862,,
2009-11-24,195500,197000,192000,194000,194082,37738,,
2009-11-23,193000,196000,193000,194500,220295,42884,,
2009-11-20,188000,192500,187000,191500,135550,25830,,
2009-11-19,186000,191500,186000,187500,149986,28398,,
2009-11-18,187000,190500,186000,186000,139191,26173,,
2009-11-17,190000,190000,184500,187500,163085,30554,,
2009-11-16,182500,189500,182000,189000,190501,35540,,
2009-11-13,184500,186000,180000,184500,215583,39289,,
2009-11-12,188500,190000,182500,183000,222987,41335,,
2009-11-11,190500,190500,187000,190000,186018,35179,,
2009-11-10,185500,190000,184500,189500,284966,53551,,
2009-11-09,185500,186500,182500,183500,180742,33190,,
2009-11-06,186500,187000,183500,186000,160472,29723,,
2009-11-05,184500,186500,182500,185500,308710,57023,,
2009-11-04,179000,185000,177500,184500,338930,61895,,
2009-11-03,178500,181500,176000,176500,196123,34848,,
2009-11-02,175500,180500,175000,180000,281355,50265,,
2009-10-30,174500,179500,172000,177500,393788,69807,,
2009-10-29,170500,175000,170500,171000,317613,54748,,
2009-10-28,177500,178500,172000,172000,199414,34834,,
2009-10-27,173000,176500,171500,176500,210159,36646,,
2009-10-26,171000,174000,170000,173000,233227,40145,,
2009-10-23,174000,175500,171500,172500,159710,27659,,
2009-10-22,176500,180000,171500,173500,295674,51513,,
2009-10-21,176000,180000,174000,180000,185614,33015,,
2009-10-20,178500,181500,175000,179000,272530,48808,,
2009-10-19,173500,179000,171000,179000,380534,66692,,
2009-10-16,171500,177500,170000,176500,664947,116684,,
2009-10-15,167500,171500,166500,170500,317941,53984,,
2009-10-14,163000,169000,162500,168500,359241,60144,,
2009-10-13,165000,168000,160500,162500,416847,67678,,
2009-10-12,165500,169000,163500,168500,186165,30897,,
2009-10-09,164500,165500,162000,164500,263187,43083,,
2009-10-08,169000,169000,161500,164000,381882,62454,,
2009-10-07,161500,170000,161500,168000,579522,95844,,
2009-10-06,170000,171500,159500,160000,678594,110061,,
2009-10-05,172500,173500,168500,170000,309456,52900,,
2009-10-01,175000,176000,171000,173500,283095,49185,,
2009-09-30,170500,175000,169000,173500,454445,78107,,
2009-09-29,172500,173000,168000,170000,223064,37908,,
2009-09-28,168500,173500,167500,170000,336795,57573,,
2009-09-25,171000,172000,166000,170000,341316,57330,,
2009-09-24,174000,176000,168500,169000,250652,42935,,
2009-09-23,174000,180000,171000,172500,617791,108173,,
2009-09-22,177000,179500,175500,176000,495122,87965,,
2009-09-21,172500,176000,170000,175000,402170,69902,,
2009-09-18,164500,172500,163000,170000,947270,159883,,
2009-09-17,166500,167000,161500,163500,563705,92307,,
2009-09-16,162500,165500,162500,165000,494909,81204,,
2009-09-15,167000,168500,162000,162500,443873,72698,,
2009-09-14,168000,169500,165500,168000,232960,38999,,
2009-09-11,168000,168000,165000,166500,217310,36056,,
2009-09-10,166500,168500,164500,168500,367290,61374,,
2009-09-09,164000,165500,160500,165500,327615,53246,,
2009-09-08,163500,165500,160000,161500,286869,46394,,
2009-09-07,165000,166500,162000,162000,228515,37279,,
2009-09-04,168000,169000,164500,165000,277598,45978,,
2009-09-03,166000,169500,164000,166000,258413,43036,,
2009-09-02,167000,168000,164000,165000,361038,59629,,
2009-09-01,169000,171000,166000,169500,419660,70693,,
2009-08-31,173000,175000,169500,170000,216203,37024,,
2009-08-28,177500,178000,173000,174000,250618,43830,,
2009-08-27,175000,177500,174000,175000,476276,83695,,
2009-08-26,172000,173000,169500,172000,334826,57216,,
2009-08-25,165500,172000,165500,170500,432888,73773,,
2009-08-24,169000,172000,166000,167000,342655,57888,,
2009-08-21,165000,167000,158000,166000,682094,110530,,
2009-08-20,170000,170000,162500,164500,477740,78750,,
2009-08-19,168000,171500,166500,170500,390826,66155,,
2009-08-18,162000,169500,162000,166000,445420,73847,,
2009-08-17,170000,170500,162000,162000,340812,56095,,
2009-08-14,168500,171500,165500,170500,445085,74752,,
2009-08-13,170000,172000,166000,166000,388989,65671,,
2009-08-12,171500,171500,167500,168500,226778,38326,,
2009-08-11,164500,173000,164500,171500,513759,87075,,
2009-08-10,168500,169500,164000,164000,708841,117829,,
2009-08-07,173000,175500,168000,168000,764779,129987,,
2009-08-06,178000,179500,173500,175500,469557,82582,,
2009-08-05,183000,184000,178500,180000,252152,45319,,
2009-08-04,182000,184500,178500,183500,301028,54791,,
2009-08-03,180000,183000,178500,182000,343637,61950,,
2009-07-31,180500,181000,176000,178500,411815,73395,,
2009-07-30,185000,186000,178000,179000,263785,47678,,
2009-07-29,187000,188500,183000,184500,184009,34017,,
2009-07-28,197000,197000,187000,188500,269064,51108,,
2009-07-27,189500,195000,187000,194500,284500,54878,,
2009-07-24,189500,191000,185500,186500,152918,28671,,
2009-07-23,192000,192000,184500,189000,240353,44914,,
2009-07-22,190500,192500,187000,191000,168994,32084,,
2009-07-21,191000,194000,189000,190500,213890,41028,,
2009-07-20,181000,190500,180500,189500,247503,46589,,
2009-07-17,177500,182000,177500,179000,124010,22288,,
2009-07-16,182000,182000,175000,176500,109541,19557,,
2009-07-15,177500,181000,176000,179500,158604,28514,,
2009-07-14,177500,180500,173500,173500,157294,27733,,
2009-07-13,182000,182500,173000,177500,133659,23570,,
2009-07-10,181500,182500,174500,180500,180687,32047,,
2009-07-09,183500,186500,180000,180500,289288,52554,,
2009-07-08,185000,188000,182000,185500,103030,19017,,
2009-07-07,187000,191500,185500,186500,134565,25350,,
2009-07-06,190000,191500,187000,189500,150254,28342,,
2009-07-03,182000,191000,181000,191000,315788,59529,,
2009-07-02,185000,188500,182500,182500,293157,54243,,
2009-07-01,175000,182500,175000,180500,177804,32047,,
2009-06-30,175500,179500,175000,176500,258203,45896,,
2009-06-29,175000,178500,172500,174500,211540,36898,,
2009-06-26,174000,175500,172000,174500,217326,37798,,
2009-06-25,170000,177000,168500,173500,206178,35922,,
2009-06-24,171000,172500,167000,167000,138195,23409,,
2009-06-23,172000,173000,166500,171000,221130,37382,,
2009-06-22,175000,180500,175000,177000,167634,29711,,
2009-06-19,175500,176500,172500,175000,183397,31981,,
2009-06-18,183500,183500,173000,173500,320203,56476,,
2009-06-17,184500,185500,181000,183000,165145,30248,,
2009-06-16,179000,187500,177000,186000,184638,33945,,
2009-06-15,182000,184500,177000,181500,184966,33316,,
2009-06-12,186000,187000,181500,183500,192564,35345,,
2009-06-11,180500,189500,178000,188000,328383,60997,,
2009-06-10,175000,182000,174000,181000,207307,37291,,
2009-06-09,181000,184500,174000,175500,312900,55951,,
2009-06-08,180000,183000,176500,180000,173458,31159,,
2009-06-05,180500,181500,175000,181500,492685,86214,,
2009-06-04,184500,185000,177000,180000,211809,38143,,
2009-06-03,192500,192500,183500,184500,255343,47440,,
2009-06-02,198500,200000,188000,192500,321421,61983,,
2009-06-01,198000,204500,193500,200000,318656,63560,,
2009-05-29,187000,199000,181000,199000,265409,50296,,
2009-05-28,179500,188000,178000,188000,195848,36015,,
2009-05-27,188000,189500,175000,179500,424043,76868,,
2009-05-26,194500,194500,185500,187000,181343,34098,,
2009-05-25,191000,195500,173500,192500,233427,44289,,
2009-05-22,192000,202500,191000,194000,228014,45026,,
2009-05-21,193500,198000,190500,196500,195184,38047,,
2009-05-20,188500,197500,187500,197000,419891,81762,,
2009-05-19,181000,187000,179000,187000,205771,37750,,
2009-05-18,176500,183000,172500,180000,232199,41065,,
2009-05-15,184500,184500,178000,180000,184077,33204,,
2009-05-14,181000,184000,177000,180000,357302,64393,,
2009-05-13,175500,185000,175500,185000,614288,111519,,
2009-05-12,168000,178000,167000,173500,754183,131183,,
2009-05-11,162500,169000,161500,168500,679814,112141,,
2009-05-08,159500,161500,156500,159500,371844,59056,,
2009-05-07,159500,163000,156500,157000,399474,63839,,
2009-05-06,157500,161000,157000,158500,455381,72104,,
2009-05-04,155500,160000,154500,160000,468354,73556,,
2009-04-30,156000,157000,153000,155500,530450,82390,,
2009-04-29,152500,157000,151000,157000,198527,30680,,
2009-04-28,156500,156500,150500,152500,287677,44320,,
2009-04-27,156500,158000,152500,153000,380451,58817,,
2009-04-24,158000,162500,156500,160000,348895,55815,,
2009-04-23,162000,162000,155500,156000,248595,38987,,
2009-04-22,159000,161000,155500,159500,287056,45529,,
2009-04-21,164000,164000,156000,159000,447194,71205,,
2009-04-20,157500,166000,154500,165500,317664,51400,,
2009-04-17,161000,163500,153500,154000,443862,69888,,
2009-04-16,166500,168500,160500,163000,397372,65161,,
2009-04-15,170500,171000,162500,165000,342456,56900,,
2009-04-14,174000,176500,170500,174500,295600,51035,,
2009-04-13,168500,177500,166500,171500,347175,60085,,
2009-04-10,168000,169500,166000,167500,244525,40911,,
2009-04-09,162000,167500,160000,166000,450233,74479,,
2009-04-08,160500,163000,159000,160500,349393,56285,,
2009-04-07,157500,161500,157000,161000,397676,63650,,
2009-04-06,157000,161500,155500,156500,407812,64840,,
2009-04-03,158500,161500,153000,156500,418841,65825,,
2009-04-02,156500,158000,154000,158000,478712,74376,,
2009-04-01,152000,155000,151000,153000,434780,66289,,
2009-03-31,157000,159500,151000,151000,472149,73197,,
2009-03-30,169000,169500,157000,157500,216264,34915,,
2009-03-27,168000,171000,165000,169000,219854,36909,,
2009-03-26,160000,168000,159000,167500,247681,40836,,
2009-03-25,161000,165500,159000,160500,275284,44541,,
2009-03-24,160000,164000,154500,163500,273639,43581,,
2009-03-23,152000,157500,152000,157000,232545,36067,,
2009-03-20,151000,155500,148500,150500,352080,53559,,
2009-03-19,150000,153000,147000,148500,299784,45139,,
2009-03-18,146500,151000,144000,148500,420132,62447,,
2009-03-17,142000,144000,138000,144000,499333,70372,,
2009-03-16,140500,143500,138000,140500,427219,60083,,
2009-03-13,147000,148000,141000,141500,638747,91711,,
2009-03-12,152500,156000,143500,149500,1387309,206768,,
2009-03-11,147500,152000,145000,152000,727382,108577,,
2009-03-10,142000,147500,140500,143500,568929,81829,,
2009-03-09,136500,142500,136000,142000,399639,55817,,
2009-03-06,136000,138000,132500,134500,411686,55551,,
2009-03-05,135500,143000,133000,139000,444427,61602,,
2009-03-04,132500,136000,131000,133000,219336,29348,,
2009-03-03,122500,134000,121500,132500,237141,30405,,
2009-03-02,135500,135500,126500,127500,337271,43910,,
2009-02-27,141000,141500,133000,133000,454200,61764,,
2009-02-26,137500,142000,136000,138500,196510,27305,,
2009-02-25,141500,141500,135000,136500,270053,37264,,
2009-02-24,139000,144500,136000,136500,375316,52721,,
2009-02-23,137000,143000,136000,141500,434686,60948,,
2009-02-20,132000,137500,129500,134000,503525,67469,,
2009-02-19,129000,136000,126000,132000,230381,30225,,
2009-02-18,130000,132500,127500,128000,248570,32313,,
2009-02-17,136500,136500,129000,131000,306042,40940,,
2009-02-16,131500,136000,130000,136000,373954,49845,,
2009-02-13,132000,133000,129000,132500,225978,29660,,
2009-02-12,131500,133000,127500,131500,539381,70319,,
2009-02-11,125000,132000,123000,131000,351463,44999,,
2009-02-10,126500,128500,124500,128500,437315,55614,,
2009-02-09,128000,128500,122500,124500,559438,70065,,
2009-02-06,132000,133000,123000,126000,1019929,127931,,
2009-02-05,140000,142500,130000,130000,464734,62823,,
2009-02-04,140000,141000,135000,138000,320229,43913,,
2009-02-03,145000,145000,138000,139000,315094,43893,,
2009-02-02,140000,144500,139500,144500,289936,41262,,
2009-01-30,135000,140000,133500,140000,270952,37341,,
2009-01-29,129000,137500,127000,137000,502391,67211,,
2009-01-28,124000,126500,122500,126500,150592,18738,,
2009-01-23,125500,126500,121500,121500,158174,19504,,
2009-01-22,131000,131000,125500,126500,89562,11397,,
2009-01-21,125500,128500,124500,126500,182487,23118,,
2009-01-20,129500,130000,126500,129000,70583,9041,,
2009-01-19,131500,133000,129500,129500,126483,16613,,
2009-01-16,128000,131500,128000,130000,172384,22395,,
2009-01-15,127000,133000,125500,126000,278400,35812,,
2009-01-14,129500,132000,128000,131500,206837,26920,,
2009-01-13,125000,129000,124000,128500,268118,33778,,
2009-01-12,128500,130000,124500,125500,158320,20038,,
2009-01-09,132000,132000,126000,130000,238947,30907,,
2009-01-08,128000,136000,127000,130000,457189,59716,,
2009-01-07,124000,130500,123500,130500,386566,49237,,
2009-01-06,127500,129500,121000,122000,435885,53824,,
2009-01-05,131500,132000,126000,126500,125537,16180,,
2009-01-02,132000,132000,125500,127500,142601,18147,,
2008-12-30,127500,132000,126500,130000,235554,30598,,
2008-12-29,121000,128000,118500,126500,173308,21730,,
2008-12-26,124500,126000,120500,120500,145385,17875,,
2008-12-24,126500,127500,122000,124500,171694,21242,,
2008-12-23,127000,129500,123500,127500,154054,19479,,
2008-12-22,135500,136000,127000,128000,319716,41489,,
2008-12-19,125500,135500,124500,135000,380294,49967,,
2008-12-18,130500,130500,125500,125500,169540,21557,,
2008-12-17,130500,134000,124500,129500,491176,63645,,
2008-12-16,114000,126000,111500,125000,573343,69000,,
2008-12-15,114500,116500,113500,115000,267900,30798,,
2008-12-12,115000,115000,107000,110500,198929,22241,,
2008-12-11,119500,119500,114500,116500,289037,33790,,
2008-12-10,110500,118000,107000,118000,345560,39411,,
2008-12-09,114000,114500,108500,110000,253846,28025,,
2008-12-08,107500,114500,106000,113000,381158,42210,,
2008-12-05,103500,107500,102000,107500,188291,19658,,
2008-12-04,106500,106500,99900,104500,297980,30502,,
2008-12-03,112000,112500,102500,103500,344998,36231,,
2008-12-02,100000,111500,100000,108000,296473,31769,,
2008-12-01,122000,122500,114000,114000,258409,30370,,
2008-11-28,118500,123000,113500,122500,399179,47133,,
2008-11-27,114000,120000,111700,116600,600929,69884,,
2008-11-26,106500,114500,106500,109700,371176,40697,,
2008-11-25,105100,107500,101300,106000,263526,27638,,
2008-11-24,105200,108300,99500,99500,271803,28106,,
2008-11-21,90500,108000,88800,107500,638856,62787,,
2008-11-20,99900,100000,91500,94100,628008,59973,,
2008-11-19,110800,111500,100500,103400,532331,55032,,
2008-11-18,115000,117000,108800,109100,557231,62442,,
2008-11-17,128000,128000,119900,120000,310651,38001,,
2008-11-14,129900,130300,125500,127500,223624,28543,,
2008-11-13,117000,128600,116100,125500,190613,23164,,
2008-11-12,119400,124100,118500,123000,156021,19116,,
2008-11-11,125700,127000,121000,122200,177494,22117,,
2008-11-10,124100,128400,123700,128200,276131,34826,,
2008-11-07,118900,126300,112700,122600,431630,51664,,
2008-11-06,121200,125500,119800,122700,284739,34991,,
2008-11-05,142000,143500,127300,127900,707358,95318,,
2008-11-04,142600,144500,135100,138600,275356,37900,,
2008-11-03,135900,142600,134000,142600,333951,46551,,
2008-10-31,129900,135900,125000,134900,356984,46446,,
2008-10-30,124900,129900,122200,129500,570953,72365,,
2008-10-29,129000,129600,111500,113000,632417,78695,,
2008-10-28,112000,121300,112000,116800,445256,52014,,
2008-10-27,111300,119400,110000,118000,308651,35502,,
2008-10-24,123000,124300,109800,114500,365392,42210,,
2008-10-23,117000,124600,112900,119000,225800,26378,,
2008-10-22,130000,130000,122200,126000,190462,24009,,
2008-10-21,132100,135300,125600,131500,172062,22415,,
2008-10-20,125000,130700,119600,130700,242863,30360,,
2008-10-17,130000,133000,122200,124000,320831,40628,,
2008-10-16,125100,127300,119800,123000,323189,40069,,
2008-10-15,133000,137300,132300,134500,177060,23970,,
2008-10-14,132900,138300,131000,136500,556611,75233,,
2008-10-13,124000,124000,120000,121000,364348,44518,,
2008-10-10,114000,119900,109800,117800,400331,46028,,
2008-10-09,120000,124300,117600,119800,669992,81289,,
2008-10-08,121700,125800,117500,120000,580108,70302,,
2008-10-07,130000,132600,125100,132100,420426,54574,,
2008-10-06,144000,144500,132400,133700,727992,98419,,
2008-10-02,150700,151400,140700,145000,284741,41189,,
2008-10-01,152000,154100,148700,149800,674079,95427,,
2008-09-30,147500,151200,145000,150000,592744,84623,,
2008-09-29,151500,155000,151500,153600,320047,49202,,
2008-09-26,149600,153000,149100,149800,464848,70223,,
2008-09-25,145900,151100,142500,149600,514459,76219,,
2008-09-24,143600,148500,142300,145900,506092,73778,,
2008-09-23,143700,143700,141200,142800,243605,34782,,
2008-09-22,150000,150000,143000,143000,282460,41222,,
2008-09-19,147900,152900,145000,148000,603479,89350,,
2008-09-18,140200,141000,137500,139100,353824,49259,,
2008-09-17,142000,146500,142000,144600,379975,54949,,
2008-09-16,132100,143000,132100,140000,255311,35540,,
2008-09-12,142000,146500,141100,145100,238722,34268,,
2008-09-11,141100,143400,138600,140100,426556,59933,,
2008-09-10,150500,153500,140000,140000,661958,96021,,
2008-09-09,159500,161700,152000,156000,174810,27238,,
2008-09-08,157500,159500,154900,159200,224796,35412,,
2008-09-05,146000,154000,143500,153400,175044,26577,,
2008-09-04,145000,153300,142500,148000,242178,36125,,
2008-09-03,139900,144800,139000,144800,405244,57229,,
2008-09-02,142000,145000,129500,135900,324634,44542,,
2008-09-01,145300,147500,138300,142000,187034,26613,,
2008-08-29,152000,154000,148600,150000,144939,21843,,
2008-08-28,154500,155900,150500,151600,80490,12295,,
2008-08-27,152400,154900,147000,153700,153153,23238,,
2008-08-26,150000,159300,150000,152500,244074,37776,,
2008-08-25,145700,154300,145700,153600,342332,51983,,
2008-08-22,142500,146500,137900,143900,244700,34577,,
2008-08-21,145500,149600,143500,143500,289255,42334,,
2008-08-20,149500,151200,145200,146000,728765,107308,,
2008-08-19,152200,155800,149600,150100,142120,21440,,
2008-08-18,159100,161000,155800,156500,160389,25193,,
2008-08-14,160500,161900,156100,161400,110455,17706,,
2008-08-13,166100,166500,161000,161000,116496,18948,,
2008-08-12,163700,169800,163500,167800,229376,38241,,
2008-08-11,162400,164600,161800,163300,214062,34862,,
2008-08-08,170000,170000,159300,161300,476295,77337,,
2008-08-07,172000,177900,171300,175000,371274,65069,,
2008-08-06,172800,175000,167700,170100,228186,38940,,
2008-08-05,167500,173600,167000,168000,176007,29855,,
2008-08-04,170000,170500,167700,167700,77198,13058,,
2008-08-01,167900,169800,165200,168600,78664,13219,,
2008-07-31,168100,168100,161500,168000,195668,32270,,
2008-07-30,169900,171500,164000,168100,179829,30152,,
2008-07-29,165000,166600,163100,165900,103307,17016,,
2008-07-28,177400,178000,169900,169900,177393,30629,,
2008-07-25,171000,178000,168800,178000,161402,27852,,
2008-07-24,162700,176500,160900,174500,370332,62670,,
2008-07-23,163300,163500,159800,161000,173709,28055,,
2008-07-22,157400,159800,154600,159800,68606,10786,,
2008-07-21,158200,161600,156100,157500,176632,27938,,
2008-07-18,159400,162500,155200,156000,150521,23744,,
2008-07-17,164800,165300,161700,162600,291763,47579,,
2008-07-16,158000,160000,151000,157400,599989,93731,,
2008-07-15,169800,170000,160000,160000,195924,31934,,
2008-07-14,170800,174300,170400,170400,148506,25614,,
2008-07-11,175100,176300,169800,172400,162864,28027,,
2008-07-10,171400,175000,168400,174500,344989,59085,,
2008-07-09,171400,178900,171000,174500,327949,57348,,
2008-07-08,166100,171400,165100,166800,240862,40370,,
2008-07-07,159900,169800,158800,166000,426149,69729,,
2008-07-04,174000,175500,161500,163500,417044,68783,,
2008-07-03,174500,178300,172800,176000,188885,33130,,
2008-07-02,183000,185100,178000,181700,177288,32187,,
2008-07-01,184000,184200,180600,182000,138620,25283,,
2008-06-30,181900,184900,181100,182500,156163,28626,,
2008-06-27,181500,184300,178000,181400,202224,36730,,
2008-06-26,176500,187500,176500,184500,322147,59374,,
2008-06-25,176600,179300,176500,178400,176352,31366,,
2008-06-24,175800,178900,173500,177000,292739,51678,,
2008-06-23,177000,179400,175800,178500,366163,64939,,
2008-06-20,183500,185300,181100,181600,102417,18699,,
2008-06-19,184000,185500,181400,183500,287319,52446,,
2008-06-18,184000,187600,183400,186000,129586,24063,,
2008-06-17,193000,194000,182500,184100,233849,43484,,
2008-06-16,195100,197100,192400,194200,162591,31598,,
2008-06-13,189000,197600,189000,195800,288679,56015,,
2008-06-12,181700,196300,176500,188000,671328,124745,,
2008-06-11,187000,188000,184100,185500,458141,85024,,
2008-06-10,193000,195400,187900,187900,200183,38134,,
2008-06-09,191000,196700,191000,194200,179584,34802,,
2008-06-05,201800,203900,197800,198500,230915,46020,,
2008-06-04,202000,202500,200000,201500,343433,69077,,
2008-06-03,207500,208600,203100,205900,238143,49045,,
2008-06-02,213000,213300,209000,209900,169688,35659,,
2008-05-30,210000,213100,205800,213100,281717,59014,,
2008-05-29,210000,210800,206300,208900,325019,67787,,
2008-05-28,215600,215800,204900,209000,379708,79117,,
2008-05-27,213900,215300,212500,214900,179986,38575,,
2008-05-26,210100,213900,208900,212500,103489,21942,,
2008-05-23,207000,214300,206800,212000,164103,34766,,
2008-05-22,206000,208000,202400,207000,368318,75079,,
2008-05-21,210500,211600,206700,208800,131638,27595,,
2008-05-20,215200,216800,209900,210500,165582,35105,,
2008-05-19,209800,215100,209800,215000,198260,42441,,
2008-05-16,206500,212000,206500,207900,339292,71249,,
2008-05-15,205000,209800,202500,206500,265368,55047,,
2008-05-14,208200,213800,208000,208000,230701,48691,,
2008-05-13,207700,214300,207700,211000,304551,64447,,
2008-05-09,208600,215200,208000,214100,339745,72173,,
2008-05-08,204000,213400,200000,207000,601493,124711,,
2008-05-07,217300,222000,204700,205000,1058432,223036,,
2008-05-06,239500,239900,225000,225000,282875,65400,,
2008-05-02,240000,243000,232000,237300,211931,50371,,
2008-04-30,233000,233000,225800,233000,182149,41901,,
2008-04-29,233900,233900,229300,230500,129373,29812,,
2008-04-28,234300,234500,229800,230000,87931,20308,,
2008-04-25,228500,234100,228000,232100,138168,32040,,
2008-04-24,227700,227700,222000,226700,136446,30723,,
2008-04-23,229000,230600,221000,224300,156434,35585,,
2008-04-22,229000,233500,224000,229000,179493,41117,,
2008-04-21,228000,232000,226500,229000,181180,41586,,
2008-04-18,222600,224300,206300,220000,606455,131323,,
2008-04-17,225000,226200,209800,217000,464027,100677,,
2008-04-16,229500,231800,218800,219300,267730,59803,,
2008-04-15,229000,230500,225800,228900,129633,29673,,
2008-04-14,230100,232000,228300,229600,90954,20915,,
2008-04-11,235100,237100,230400,234700,126053,29443,,
2008-04-10,232800,236500,225300,235000,177965,41624,,
2008-04-08,235500,238000,230900,233000,96936,22701,,
2008-04-07,230800,238100,230800,235500,157529,37167,,
2008-04-04,237500,238000,227400,229000,241949,55587,,
2008-04-03,239100,241600,234800,236500,234474,55544,,
2008-04-02,244000,245100,236100,243900,258888,63027,,
2008-04-01,235000,239700,231400,235100,311031,73144,,
2008-03-31,227900,235000,226000,231100,284838,65750,,
2008-03-28,218000,225900,217800,222000,226142,50365,,
2008-03-27,214000,220000,210500,220000,255140,55129,,
2008-03-26,213200,215600,206900,215000,250341,53076,,
2008-03-25,205900,215500,204800,215500,400756,84872,,
2008-03-24,202500,202700,198600,198600,90801,18163,,
2008-03-21,203000,203000,199300,201100,131210,26317,,
2008-03-20,198000,200200,196700,198000,246891,48870,,
2008-03-19,197800,203000,194100,203000,299762,59553,,
2008-03-18,197500,198400,190500,192300,127372,24601,,
2008-03-17,204700,204700,193400,198400,190456,37523,,
2008-03-14,205500,206000,199300,204700,140635,28606,,
2008-03-13,202300,203700,198400,203700,106747,21405,,
2008-03-12,205700,206800,199500,199500,229486,46969,,
2008-03-11,193000,198800,188000,196500,185065,36076,,
2008-03-10,198000,204400,195000,195300,256917,51120,,
2008-03-07,201500,203700,199200,200200,157226,31570,,
2008-03-06,200000,207600,200000,207400,181354,37015,,
2008-03-05,202000,204500,199100,201100,175889,35480,,
2008-03-04,205800,205800,200100,202000,262956,53066,,
2008-03-03,204000,207300,200000,202000,452080,91781,,
2008-02-29,222100,222100,213500,213500,264166,56897,,
2008-02-28,227000,227400,220600,222500,126469,28117,,
2008-02-27,230600,230900,224100,225000,141653,32049,,
2008-02-26,223000,230000,222500,229500,272102,62103,,
2008-02-25,215000,222200,214500,220500,178740,39261,,
2008-02-22,207000,214300,207000,213000,131067,27635,,
2008-02-21,217500,217800,208800,209100,201432,42430,,
2008-02-20,215000,217500,209600,214500,181601,38778,,
2008-02-19,222000,224500,214900,220000,228480,49878,,
2008-02-18,224000,226200,219100,221700,91290,20251,,
2008-02-15,211500,227100,211500,223000,132694,29270,,
2008-02-14,213000,220500,213000,218000,238073,51887,,
2008-02-13,214000,215800,208000,209000,140361,29583,,
2008-02-12,209900,215900,208700,211000,235843,49812,,
2008-02-11,215000,216000,209100,209900,253841,53519,,
2008-02-05,226700,231300,219100,223500,214061,47563,,
2008-02-04,208600,228000,207000,228000,365240,79073,,
2008-02-01,202000,207500,193200,200000,314942,62658,,
2008-01-31,186000,204200,181700,200000,747973,144671,,
2008-01-30,225800,225800,192200,192200,311280,63690,,
2008-01-29,220000,222900,216000,220000,269403,59054,,
2008-01-28,227000,229400,216000,223000,141241,31379,,
2008-01-25,230000,235400,228000,234300,188689,43967,,
2008-01-24,225000,227600,222500,225300,209869,47160,,
2008-01-23,224000,225100,207500,219000,244341,53029,,
2008-01-22,214000,229000,204500,215000,230831,49310,,
2008-01-21,223000,229400,220100,224800,201762,45339,,
2008-01-18,203100,227800,201400,227800,298382,64793,,
2008-01-17,223000,224000,206500,208000,482559,101387,,
2008-01-16,218000,224000,217300,220400,346920,76315,,
2008-01-15,243500,246000,227400,231100,215890,50194,,
2008-01-14,236000,243000,236000,242000,131828,31411,,
2008-01-11,247500,251500,241000,241000,97063,23842,,
2008-01-10,252000,259800,247300,251500,188071,47511,,
2008-01-09,242500,250800,242500,250800,240583,59549,,
2008-01-08,243000,247500,241600,241600,96101,23474,,
2008-01-07,232000,243900,232000,241200,160292,37993,,
2008-01-04,245000,245500,238500,243900,264295,64040,,
2008-01-03,234600,244800,230700,243800,218715,52425,,
2008-01-02,228100,235700,228000,233600,229428,53619,,
2007-12-28,228100,234400,226100,226100,125945,28992,,
2007-12-27,224000,233500,223700,231400,141297,32423,4,0.00
2007-12-26,231000,232900,220000,220000,203803,45840,,
2007-12-24,229700,234200,226100,232900,143969,33201,,
2007-12-21,230100,232100,223200,229700,117691,26698,,
2007-12-20,227000,233900,226300,228700,218050,50205,,
2007-12-18,212900,230900,208500,227000,293583,65655,,
2007-12-17,229000,234400,216100,217200,299799,66457,,
2007-12-14,243900,248700,234800,235000,321831,76545,,
2007-12-13,244300,248800,238900,248800,164968,40318,,
2007-12-12,237100,249300,236000,241600,166755,40211,,
2007-12-11,250000,251500,243400,243700,147018,36008,,
2007-12-10,253000,258800,251500,251500,122917,31345,,
2007-12-07,255000,257600,250100,250500,130934,33238,,
2007-12-06,260000,262900,250000,250100,212252,53910,,
2007-12-05,263000,263000,255000,255800,207484,53814,,
2007-12-04,253400,270500,249500,266000,359909,93385,,
2007-12-03,263900,263900,249000,249000,227573,57656,,
2007-11-30,260000,270000,260000,261200,207856,55066,,
2007-11-29,272100,274600,263300,270000,136073,36603,,
2007-11-28,273000,273300,262500,266000,145057,38592,,
2007-11-27,243100,268500,243000,266900,181877,46811,,
2007-11-26,248000,258500,245000,251000,168035,42171,,
2007-11-23,241500,244500,229000,238700,226428,53259,,
2007-11-22,240000,248800,238500,241000,232741,56492,,
2007-11-21,237800,248800,231100,240000,350235,85541,,
2007-11-20,230100,240000,225600,234400,270542,62610,,
2007-11-19,253900,255200,243000,243000,182331,45217,,
2007-11-16,237300,255000,230100,253900,321572,77429,,
2007-11-15,257300,258300,238000,244000,298681,73399,,
2007-11-14,260000,263000,257000,260300,271356,70796,,
2007-11-13,248000,255100,244000,251900,255137,63993,,
2007-11-12,253000,259900,235900,250200,347620,85639,,
2007-11-09,276000,276900,263000,263000,279995,75663,,
2007-11-08,280400,286000,267000,268000,325450,88746,,
2007-11-07,292000,292000,275000,280500,176351,49843,,
2007-11-06,281000,292000,281000,285000,282508,80734,,
2007-11-05,275600,284300,275200,277800,262753,73407,,
2007-11-02,270100,277800,270100,273200,222746,61091,,
2007-11-01,294900,295000,280300,280700,258009,73196,,
2007-10-31,286000,287700,278800,286000,216541,61604,,
2007-10-30,290000,297200,280000,283500,291088,83590,,
2007-10-29,295000,299800,281000,286400,249580,71915,,
2007-10-26,295000,300000,282000,287600,312456,90476,,
2007-10-25,278000,295000,276000,295000,233338,67442,,
2007-10-24,270300,280300,267000,273000,317663,87104,,
2007-10-23,257000,265000,250000,265000,186417,48217,,
2007-10-22,231100,253500,231100,247800,212402,52393,,
2007-10-19,268700,269700,258500,258500,86717,22776,,
2007-10-18,257800,266000,256900,265000,252662,66224,,
2007-10-17,260600,263900,247900,255200,280258,71589,,
2007-10-16,259000,269900,258400,264200,320355,84831,,
2007-10-15,257900,268500,255000,265200,457213,120706,,
2007-10-12,242000,252900,242000,251000,213231,52917,,
2007-10-11,245000,257000,241300,249300,402465,100331,,
2007-10-10,250000,253700,239700,242900,369964,90015,,
2007-10-09,258500,265500,246000,248000,338289,85522,,
2007-10-08,251000,269000,247400,258000,274220,70071,,
2007-10-05,240000,251100,235900,243000,269367,66261,,
2007-10-04,228000,243300,222100,240000,461627,108486,,
2007-10-02,219000,236500,218900,230100,317432,72043,,
2007-10-01,211800,215300,208600,215000,143826,30759,,
2007-09-28,207900,215300,206500,211800,218173,46198,,
2007-09-27,214000,218100,203900,208000,407083,85177,,
2007-09-21,214100,217000,212000,214000,157376,33663,,
2007-09-20,210000,215500,204700,214300,229777,48694,,
2007-09-19,206500,216700,206500,210000,252961,53614,,
2007-09-18,201000,204000,198400,200300,240844,48728,,
2007-09-17,200400,200800,196500,198400,193062,38265,,
2007-09-14,195000,203700,194900,200400,461569,91965,,
2007-09-13,189000,193500,185600,192000,290111,55346,,
2007-09-12,188000,190600,185400,185600,348008,65621,,
2007-09-11,176400,185000,176400,183800,129750,23606,,
2007-09-10,180000,182000,179400,180000,106669,19210,,
2007-09-07,184000,185600,181500,183300,155914,28730,,
2007-09-06,184000,185500,179700,184000,179354,32695,,
2007-09-05,184300,185200,183400,185000,264187,48727,,
2007-09-04,182800,183800,179900,182900,146755,26731,,
2007-09-03,184000,184000,178500,182900,224328,40701,,
2007-08-31,173000,181000,173000,181000,212195,37882,,
2007-08-30,181000,181400,176000,178200,145947,26127,,
2007-08-29,170000,179000,170000,179000,211737,36746,,
2007-08-28,176300,177100,173300,175400,204757,35994,,
2007-08-27,174500,175700,172100,175700,149278,25962,,
2007-08-24,172000,176100,169100,170200,155965,26794,,
2007-08-23,175000,177600,175000,176000,360739,63633,,
2007-08-22,163800,172500,163500,169000,217554,36768,,
2007-08-21,160500,163700,156000,163300,181937,29093,,
2007-08-20,155400,159000,155000,158000,160591,25242,,
2007-08-17,152000,155000,147200,147800,390813,58897,,
2007-08-16,154000,160000,153500,155000,376059,58839,,
2007-08-14,169500,169800,164800,167500,136659,22845,,
2007-08-13,170500,170700,165300,169600,234375,39253,,
2007-08-10,173000,177500,168000,169000,251900,43232,,
2007-08-09,183500,183800,175500,179400,265165,47504,,
2007-08-08,173200,179300,172100,179300,344109,60839,,
2007-08-07,172800,172800,169000,171800,153401,26296,,
2007-08-06,164000,171100,163000,170500,124974,21095,,
2007-08-03,167000,169800,166300,167900,143802,24107,,
2007-08-02,171000,173000,163000,165000,162932,27260,,
2007-08-01,169900,172500,165500,169000,206576,34919,,
2007-07-31,162900,169900,161000,169900,250582,41748,,
2007-07-30,160000,161000,157200,159400,288215,45676,,
2007-07-27,162000,166000,161000,163000,283758,46318,,
2007-07-26,167300,169800,166000,168100,276803,46685,,
2007-07-25,157100,165400,156700,164900,272260,43742,,
2007-07-24,164300,165500,158300,160000,460820,73836,,
2007-07-23,166800,167500,163800,163800,284596,46971,,
2007-07-20,170700,171100,167100,167300,574691,96528,,
2007-07-19,171000,173500,169000,170200,198903,34110,,
2007-07-18,168800,171000,168400,169900,235220,39901,,
2007-07-16,170000,172400,167100,168800,175577,29688,,
2007-07-13,175000,176400,169800,170000,292137,50739,,
2007-07-12,174100,175600,172300,173300,202246,35177,,
2007-07-11,167000,171000,166200,170000,194699,33019,,
2007-07-10,169500,171500,165300,167000,265370,44484,,
2007-07-09,177400,177400,168900,170900,237333,40584,,
2007-07-06,174000,175100,171100,175000,141257,23416,,
2007-07-05,175500,178000,172800,173000,104430,18235,,
2007-07-04,172900,175500,172000,175500,229222,39871,,
2007-07-03,170000,173400,169100,170600,193798,33241,,
2007-07-02,165500,169100,165200,168100,125782,21055,,
2007-06-29,167500,169700,165000,168500,379937,63900,,
2007-06-28,163500,167900,163000,167500,252837,41863,,
2007-06-27,165800,166000,160100,161000,231213,37586,,
2007-06-26,165700,168100,164800,164900,233804,38722,,
2007-06-25,170000,170200,163300,165000,311610,51972,,
2007-06-22,172000,174300,169000,170500,211479,36197,,
2007-06-21,172500,173900,169700,170500,266886,45710,,
2007-06-20,178000,179700,172000,172500,298948,51971,,
2007-06-19,179900,179900,175700,176700,181387,32050,,
2007-06-18,181000,181000,178100,179000,166753,29921,,
2007-06-15,180000,181400,176500,177700,233689,41813,,
2007-06-14,172000,176900,168500,176400,345818,59606,,
2007-06-13,171200,172300,166000,168200,476313,79810,,
2007-06-12,173000,176400,170000,170900,207533,35771,,
2007-06-11,174000,176400,170000,171200,218670,37744,,
2007-06-08,173900,174500,171500,174000,198768,34432,,
2007-06-07,176000,176500,174100,175500,261076,45745,,
2007-06-05,176800,177900,174500,177700,146615,25802,,
2007-06-04,181000,182600,175000,175800,323502,57422,,
2007-06-01,180900,186300,179400,181000,677318,123419,,
2007-05-31,169900,177000,167900,177000,234059,40190,,
2007-05-30,163900,169200,163300,168000,377190,62829,,
2007-05-29,160000,162400,159200,161500,258764,41778,,
2007-05-28,159700,159700,157500,158100,120212,18997,,
2007-05-25,158600,158800,155500,156500,257210,40320,,
2007-05-23,161000,161200,159000,159800,259941,41623,,
2007-05-22,158500,161100,158200,158500,141924,22554,,
2007-05-21,160000,160000,156500,158500,214649,33978,,
2007-05-18,160800,160800,158600,160000,165533,26426,,
2007-05-17,161000,163000,160000,160900,115060,18518,,
2007-05-16,162900,164300,159200,160000,188685,30337,,
2007-05-15,159000,163400,158600,161500,277257,44861,,
2007-05-14,158500,159600,157600,159300,183386,29082,,
2007-05-11,155700,157700,153800,156800,302236,47137,,
2007-05-10,158500,159800,152900,154200,469277,72825,,
2007-05-09,152000,154600,150700,154000,250741,38352,,
2007-05-08,152000,153400,150000,152500,258617,39190,,
2007-05-07,153000,157900,151000,154100,382548,59373,,
2007-05-04,146000,151000,146000,150000,437986,65300,,
2007-05-03,148600,149600,146000,146000,303087,44760,,
2007-05-02,147000,149800,146300,148500,345710,51158,,
2007-04-30,144800,147700,144800,147000,357963,52280,,
2007-04-27,148400,149700,144100,144800,384970,56284,,
2007-04-26,143000,149900,143000,147500,441987,64907,,
2007-04-25,147100,148800,142200,144400,457342,66531,,
2007-04-24,147000,150200,146400,148800,356672,53072,,
2007-04-23,150200,153900,148900,148900,287330,43709,,
2007-04-20,148000,150200,147900,150000,174041,26038,,
2007-04-19,151000,152000,146500,148000,206684,30796,,
2007-04-18,150600,155600,150600,152500,400056,61397,,
2007-04-17,146400,150800,144700,150600,394429,58806,,
2007-04-16,142400,145000,141300,145000,269568,38643,,
2007-04-13,139500,142100,139500,141700,175995,24866,,
2007-04-12,140200,140400,139000,139500,105249,14700,,
2007-04-11,140000,140200,138600,140200,155571,21733,,
2007-04-10,140000,142000,138100,140100,1158945,160505,,
2007-04-09,138600,141000,138000,138000,115124,16006,,
2007-04-06,140400,140700,138500,138900,118180,16471,,
2007-04-05,142400,142400,139900,140400,121620,17088,,
2007-04-04,139400,142000,138700,141600,319490,44759,,
2007-04-03,137800,139500,137000,137400,162199,22363,,
2007-04-02,135200,139200,135200,139000,171876,23721,,
2007-03-30,139500,139600,136900,138000,113176,15626,,
2007-03-29,138000,138400,136300,138200,141578,19477,,
2007-03-28,134800,137500,134000,137300,278949,38063,,
2007-03-27,132500,134600,130500,133000,194571,25853,,
2007-03-26,134500,136500,133900,134300,157824,21220,,
2007-03-23,140500,140700,135500,135600,238123,32558,,
2007-03-22,138500,140400,138500,139000,154805,21609,,
2007-03-21,139700,140900,137300,138000,235193,32562,,
2007-03-20,140000,140900,138800,139700,228826,31957,,
2007-03-19,136400,139500,136400,139000,140015,19418,,
2007-03-16,136400,138700,135300,137400,180672,24818,,
2007-03-15,137000,137200,135300,136400,293652,40040,,
2007-03-14,134500,135400,132700,134100,219804,29496,,
2007-03-13,135500,139600,135500,138000,316888,43761,,
2007-03-12,133800,135100,132700,135100,173514,23320,,
2007-03-09,133000,133900,129800,132200,159049,20974,,
2007-03-08,129000,134000,129000,132100,260958,34564,,
2007-03-07,130200,132700,129300,130400,233716,30527,,
2007-03-06,123200,128700,123200,128300,351695,44570,,
2007-03-05,127700,129600,123000,123200,372801,46805,,
2007-03-02,127500,131400,127500,129900,275066,35794,,
2007-02-28,128000,129800,126000,129000,780963,100189,,
2007-02-27,137500,137500,135100,135500,286061,38996,,
2007-02-26,130500,136300,130500,136000,405896,54588,,
2007-02-23,129800,131500,129500,130000,260830,33976,,
2007-02-22,130500,131100,128600,129000,370577,48153,,
2007-02-21,132300,134200,129600,129700,353070,46017,,
2007-02-20,134100,134100,130300,134000,254908,33754,,
2007-02-16,134200,134300,131300,132600,170061,22527,,
2007-02-15,132500,136400,131300,134700,447432,59901,,
2007-02-14,126000,131900,126000,130500,643476,83020,,
2007-02-13,128100,128900,123500,124000,570523,72197,,
2007-02-12,127500,129100,125800,126800,372787,47301,,
2007-02-09,128400,130600,128400,129200,234319,30361,,
2007-02-08,130000,130100,127400,128400,175636,22548,,
2007-02-07,128000,130900,126700,130800,347996,44852,,
2007-02-06,131000,131500,128000,128000,385317,49734,,
2007-02-05,130000,133100,127300,131000,540207,70700,,
2007-02-02,129200,129500,126000,129000,546592,69815,,
2007-02-01,125700,130600,125500,128300,424086,54236,,
2007-01-31,127800,129300,123700,123700,242011,30482,,
2007-01-30,129900,130900,127000,127800,205789,26316,,
2007-01-29,131400,133600,130100,131000,310655,40811,,
2007-01-26,125900,131000,125300,129700,398074,51561,,
2007-01-25,130000,130000,126000,127000,394691,50495,,
2007-01-24,121200,126300,121200,126300,293198,36242,,
2007-01-23,119500,122000,119000,120500,206933,24938,,
2007-01-22,123000,123000,119200,119800,208434,25078,,
2007-01-19,123700,128300,121600,123000,685561,85654,,
2007-01-18,119200,123700,119200,123300,310190,37904,,
2007-01-17,119000,120600,117500,119000,237945,28294,,
2007-01-16,118700,120600,117600,118800,224212,26641,,
2007-01-15,120000,120800,117500,119400,248248,29539,,
2007-01-12,121000,123300,119100,120000,281753,33940,,
2007-01-11,119000,123700,119000,122000,361531,44086,,
2007-01-10,119500,121800,115700,118100,298180,35251,,
2007-01-09,121400,121400,118200,119500,206634,24626,,
2007-01-08,122000,123000,118400,121500,283582,33994,,
2007-01-05,119200,125200,117500,124300,650768,78424,,
2007-01-04,113700,117000,113000,117000,681798,78145,,
2007-01-03,114900,114900,111800,112200,211285,23711,,
2007-01-02,115700,115900,114000,114500,212410,24399,,
2006-12-28,111600,114500,111300,114100,245041,27755,,
2006-12-27,106400,110300,106400,110300,196961,21391,4,0.00
2006-12-26,109300,110100,105900,106500,192200,20615,,
2006-12-22,109500,110200,108700,109300,186879,20415,,
2006-12-21,113200,113300,110100,110100,244879,27271,,
2006-12-20,113200,115200,112200,113500,166165,18863,,
2006-12-19,115000,115500,112900,114200,165133,18817,,
2006-12-18,113400,115700,113300,115500,208334,23936,,
2006-12-15,113700,113700,111900,112900,178287,20081,,
2006-12-14,110000,113200,110000,111700,204168,22890,,
2006-12-13,108400,111000,107400,111000,180298,19683,,
2006-12-12,110900,113200,107500,110000,365297,40565,,
2006-12-11,110100,111400,108900,111000,144393,15938,,
2006-12-08,109000,110000,108100,110000,132936,14468,,
2006-12-07,110300,112300,109900,109900,282130,31244,,
2006-12-06,107800,110000,107600,110000,417096,45624,,
2006-12-05,107000,108600,106700,107100,120235,12902,,
2006-12-04,106400,107300,105800,106000,107153,11383,,
2006-12-01,105700,108300,105500,107500,480073,51570,,
2006-11-30,105700,107100,105200,105500,225419,23884,,
2006-11-29,101600,105000,101000,105000,300296,31095,,
2006-11-28,100000,100500,99700,99700,273889,27382,,
2006-11-27,102800,104000,100900,101800,235379,24040,,
2006-11-24,105100,105600,102900,102900,169653,17607,,
2006-11-23,105000,105700,103800,105600,240569,25233,,
2006-11-22,105800,106000,103700,105600,329026,34607,,
2006-11-21,106200,107200,104300,105000,209637,22044,,
2006-11-20,106700,109600,106500,107300,502562,54333,,
2006-11-17,103400,106300,103400,105800,283026,29853,,
2006-11-16,104100,104600,103100,103700,186135,19322,,
2006-11-15,105000,106700,103000,103000,256958,26895,,
2006-11-14,104200,104400,101800,104200,248696,25742,,
2006-11-13,100500,103200,99600,103200,368027,37253,,
2006-11-10,101400,101500,99900,100500,294016,29568,,
2006-11-09,100000,101600,99600,101600,483529,48475,,
2006-11-08,99200,101000,98200,98800,465228,46097,,
2006-11-07,101800,102000,99200,99800,193778,19411,,
2006-11-06,102000,102200,99800,101700,370094,37392,,
2006-11-03,98500,101200,98400,100900,662354,66728,,
2006-11-02,93500,96900,93200,96900,413129,39631,,
2006-11-01,93900,94600,92300,94000,209268,19628,,
2006-10-31,91900,93900,91700,93500,217419,20206,,
2006-10-30,93300,94100,91100,91100,343224,31533,,
2006-10-27,94900,95800,93300,94800,266878,25267,,
2006-10-26,91900,95000,91300,94400,641671,59709,,
2006-10-25,91400,92500,91400,91900,280423,25793,,
2006-10-24,93400,93500,91600,91800,372446,34479,,
2006-10-23,92000,92300,91100,92200,318174,29146,,
2006-10-20,92500,93700,90500,91100,671505,61439,,
2006-10-19,94100,94900,93700,93700,243612,22955,,
2006-10-18,95300,95300,93900,94500,274830,25914,,
2006-10-17,96200,96300,94400,95300,263460,25051,,
2006-10-16,95000,95700,94200,95100,220312,20900,,
2006-10-13,94700,96400,93500,93500,278991,26507,,
2006-10-12,92800,94500,92200,93700,314761,29433,,
2006-10-11,91500,94200,90800,91800,367177,33864,,
2006-10-10,93900,94600,92700,93000,350857,32833,,
2006-10-09,92400,95200,89000,92800,1053292,97741,,
2006-10-04,98300,98600,91300,93000,954210,89800,,
2006-10-02,98900,99700,98900,99100,189908,18838,,
2006-09-29,101000,101500,99300,99300,215712,21614,,
2006-09-28,99300,100500,98800,100000,297847,29732,,
2006-09-27,98100,100100,97500,98500,449652,44314,,
2006-09-26,98900,100300,98500,98500,385166,38270,,
2006-09-25,99900,100600,98800,99600,348130,34681,,
2006-09-22,99500,101200,99100,99900,433250,43238,,
2006-09-21,105100,105300,99300,100300,576443,58594,,
2006-09-20,102000,104000,101500,103400,457019,46847,,
2006-09-19,102800,104900,102100,103400,584951,60616,,
2006-09-18,102500,102800,100000,101000,589741,59450,,
2006-09-15,102400,104700,100100,101000,555186,56657,,
2006-09-14,98400,102500,98300,101900,751085,75746,,
2006-09-13,96200,98200,96100,97200,472853,46091,,
2006-09-12,94900,95700,93400,94800,162670,15430,,
2006-09-11,97800,98200,94800,94800,172830,16639,,
2006-09-08,94000,97800,94000,97800,383869,37188,,
2006-09-07,95900,96000,93900,94700,268106,25435,,
2006-09-06,97600,97600,96000,97000,361036,34994,,
2006-09-05,97500,97600,95700,97100,396649,38397,,
2006-09-04,92500,96700,92300,96700,599147,57146,,
2006-09-01,91000,92700,90300,91600,416080,38192,,
2006-08-31,90500,91400,89600,90800,535674,48553,,
2006-08-30,91900,92300,89900,90000,676626,61156,,
2006-08-29,93200,94000,91700,91900,379073,35277,,
2006-08-28,93200,94000,92200,92200,208263,19348,,
2006-08-25,92200,93900,91800,93200,360903,33570,,
2006-08-24,92000,92800,90500,92700,352614,32284,,
2006-08-23,91000,92900,90000,92500,726292,65009,,
2006-08-22,87500,91200,86500,91000,1131010,100474,,
2006-08-21,91000,91300,86700,86900,1088351,95757,,
2006-08-18,92500,92500,90800,90800,516603,47136,,
2006-08-17,94300,95300,91700,92500,838875,77852,,
2006-08-16,94900,96700,92500,93500,610391,57213,2,0.00
2006-08-14,94300,95500,93300,95500,248253,23362,,
2006-08-11,96200,97000,95100,95400,181622,17378,,
2006-08-10,95400,96800,95100,96200,172276,16536,,
2006-08-09,96900,97000,95700,96000,218955,21040,,
2006-08-08,95100,97600,95100,97000,235090,22707,,
2006-08-07,99000,99400,96600,97000,226134,21999,,
2006-08-04,95400,99800,95400,99800,466412,45644,,
2006-08-03,98700,100400,94400,95400,613249,59477,,
2006-08-02,100000,100000,97800,97900,710904,69971,,
2006-08-01,106200,107200,99500,100400,582263,59145,,
2006-07-31,108900,108900,106000,106200,168186,17992,,
2006-07-28,107000,109400,104800,106000,148604,15870,,
2006-07-27,108800,108800,105200,107000,226482,24192,,
2006-07-26,106500,110600,106500,108900,190283,20773,,
2006-07-25,103000,107000,102800,105500,177864,18691,,
2006-07-24,98500,101200,98500,100800,162729,16348,,
2006-07-21,99000,100100,98600,99300,170268,16897,,
2006-07-20,102200,102500,99500,101400,168918,16988,,
2006-07-19,100000,101700,98500,98600,159573,15903,,
2006-07-18,101000,102600,99800,101000,176811,17824,,
2006-07-14,108000,108600,100700,104700,259465,27009,256,-66.54
2006-07-13,319000,323300,315500,318000,120862,38562,,
2006-07-12,306500,319900,306500,319900,137535,43280,,
2006-07-11,310000,312000,305400,305500,106284,32651,,
2006-07-10,307100,313900,302900,313600,111337,34099,,
2006-07-07,315500,317900,310000,312500,103982,32589,,
2006-07-06,318000,319900,310100,312500,79648,24960,,
2006-07-05,310500,321000,310400,317100,65160,20722,,
2006-07-04,329900,330000,320200,320400,64578,20871,,
2006-07-03,331900,339000,323100,325000,139004,45614,,
2006-06-30,315200,334000,312000,330000,228950,74136,,
2006-06-29,317000,322000,306200,309900,261956,81917,,
2006-06-28,282500,288900,279500,288000,101445,28806,,
2006-06-27,298000,303000,287800,290600,93604,27228,,
2006-06-26,305000,307000,298000,298000,50182,15143,,
2006-06-23,298000,304900,293200,300000,44471,13264,,
2006-06-22,302000,309000,302000,306700,76675,23481,,
2006-06-21,300300,302000,292000,297000,80446,23745,,
2006-06-20,301000,308000,297000,302000,75479,22860,,
2006-06-19,300000,302900,296500,301000,66460,19944,,
2006-06-16,293000,299000,290200,298500,149733,44163,,
2006-06-15,296100,296900,279300,282500,197720,56437,,
2006-06-14,292800,293100,286600,290600,174879,50798,,
2006-06-13,300000,302000,290000,296500,114588,33959,,
2006-06-12,294000,310500,290000,310000,124853,37927,,
2006-06-09,285500,300500,279000,299000,129343,37998,,
2006-06-08,281000,286300,268700,279000,209800,57873,,
2006-06-07,296000,299800,287700,287700,143334,42193,,
2006-06-05,306000,309300,304300,308000,114323,35175,,
2006-06-02,292000,300000,288200,299700,107152,31561,,
2006-06-01,286800,289000,279000,284000,115990,32974,,
2006-05-30,293000,293000,286800,286800,86506,24997,,
2006-05-29,290200,293500,288500,291000,62151,18077,,
2006-05-26,295200,295200,287100,287100,171867,50081,,
2006-05-25,283200,287900,282900,282900,165801,47310,,
2006-05-24,261200,280000,261200,279900,212349,57624,,
2006-05-23,273600,276400,263300,271100,246685,66475,,
2006-05-22,292200,293400,280500,280500,69237,19877,,
2006-05-19,287100,297000,287100,291700,127071,37075,,
2006-05-18,290000,299000,283400,290000,144285,41573,,
2006-05-17,298900,300900,297000,300900,131253,39370,,
2006-05-16,310000,310700,296000,296300,158053,47498,,
2006-05-15,310100,314500,301600,310000,136166,41895,,
2006-05-12,315100,323100,315100,319000,66613,21270,,
2006-05-11,320000,326000,311700,325700,172489,55011,,
2006-05-10,331200,331800,325400,325400,96821,31718,,
2006-05-09,341000,341000,330200,335000,78504,26240,,
2006-05-08,343000,343200,329700,336700,145295,48548,,
2006-05-04,344600,345000,334900,340000,57423,19422,,
2006-05-03,338000,345700,336000,345500,108895,37278,,
2006-05-02,335000,338700,334000,335000,125785,42156,,
2006-04-28,338000,338000,328000,335000,61641,20586,,
2006-04-27,343800,344000,331300,338000,61127,20675,,
2006-04-26,323000,338400,321500,338400,67587,22406,,
2006-04-25,327900,330100,322200,323000,56406,18347,,
2006-04-24,332100,335900,325000,325100,56609,18588,,
2006-04-21,336100,339700,334200,336600,104390,35132,,
2006-04-20,330000,330300,326000,329200,93603,30764,,
2006-04-19,329900,335000,324200,324800,141557,46597,,
2006-04-18,313000,320500,311900,318400,79135,24973,,
2006-04-17,320000,322000,314800,314800,69707,22193,,
2006-04-14,316500,321800,313000,321800,126212,40137,,
2006-04-13,314200,322700,313800,318000,125386,39920,,
2006-04-12,323100,325000,314100,315100,150953,48011,,
2006-04-11,339300,339900,328400,330800,82117,27186,,
2006-04-10,325100,343500,325100,339300,128706,43244,,
2006-04-07,336000,340300,326600,330800,106857,35364,,
2006-04-06,331000,339800,329500,336000,129706,43597,,
2006-04-05,318800,344900,317000,325000,228857,75038,,
2006-04-04,315500,319800,307500,310800,89815,27990,,
2006-04-03,307500,315500,300100,314900,95656,29588,,
2006-03-31,290100,304300,286500,300000,164485,49183,,
2006-03-30,285000,288000,281000,286800,103555,29508,,
2006-03-29,279000,280500,274500,280000,43472,12084,,
2006-03-28,284000,287000,277100,279000,48219,13559,,
2006-03-27,284100,286100,278000,284500,106442,30032,,
2006-03-24,274000,286000,273000,286000,162814,45361,,
2006-03-23,265000,270000,264200,269800,104877,28033,,
2006-03-22,258000,260000,253800,258500,45143,11589,,
2006-03-21,259500,263500,259500,261800,69940,18309,,
2006-03-20,253900,260700,253800,257600,58524,15067,,
2006-03-17,253000,255200,252000,253500,39537,10037,,
2006-03-16,259000,259200,251100,252400,56543,14385,,
2006-03-15,254800,259800,254800,255000,82425,21207,,
2006-03-14,255300,257000,250600,250800,66349,16798,,
2006-03-13,256700,259900,254800,256500,55847,14330,,
2006-03-10,253600,259900,252800,255300,70077,17883,,
2006-03-09,251200,259300,251200,258500,82585,21132,,
2006-03-08,251200,258600,250900,252200,133676,33817,,
2006-03-07,262100,265900,259000,259000,60230,15830,,
2006-03-06,262000,266500,261000,266000,90896,23966,,
2006-03-03,271500,275500,261600,266000,98831,26469,,
2006-03-02,277000,277000,268900,270900,109998,30007,,
2006-02-28,280000,280300,274200,277200,93968,26004,,
2006-02-27,269000,275600,268900,275400,96901,26562,,
2006-02-24,263000,268200,259100,268200,105706,27939,,
2006-02-23,255000,258400,254500,256900,83482,21418,,
2006-02-22,249900,253000,246400,252500,98370,24541,,
2006-02-21,252900,254900,251200,253000,81830,20752,,
2006-02-20,243300,252800,243300,250700,101095,25156,,
2006-02-17,251300,256000,248500,249700,236917,59586,,
2006-02-16,237500,246700,237500,244900,185323,45171,,
2006-02-15,255500,258500,230600,238300,485832,119515,,
2006-02-14,253100,257000,248100,251100,224040,56204,,
2006-02-13,267300,272000,260000,260100,136471,36055,,
2006-02-10,270000,273000,267000,270000,125588,33813,,
2006-02-09,277900,278000,266500,273000,101518,27463,,
2006-02-08,281000,288600,270400,270400,223013,62244,,
2006-02-07,260500,280000,250600,277000,317940,85529,,
2006-02-06,250000,264000,248100,264000,174417,44054,,
2006-02-03,264000,267700,257500,259000,154131,40247,,
2006-02-02,275900,280900,270500,271500,204831,56062,,
2006-02-01,272500,278000,265500,270000,274216,74418,,
2006-01-31,276200,287000,276200,283600,183837,52085,,
2006-01-27,273900,276400,268500,275900,146348,39938,,
2006-01-26,270400,273900,260000,273900,146254,38799,,
2006-01-25,245000,275500,245000,269800,281849,74101,,
2006-01-24,240000,245900,232100,244300,340227,82406,,
2006-01-23,230100,242500,230100,237000,330416,78231,,
2006-01-20,256100,265100,228000,246000,402822,99675,,
2006-01-19,268000,275900,256400,260800,256113,67185,,
2006-01-18,272000,275000,253000,272500,292795,77935,,
2006-01-17,282000,291600,282000,283300,124119,35525,,
2006-01-16,280000,283000,275800,282900,178269,49960,,
2006-01-13,271300,279700,271300,277200,316803,87539,,
2006-01-12,269900,279700,261500,270100,479284,128825,,
2006-01-11,285500,289900,268400,280000,379818,104014,,
2006-01-10,298000,298900,285700,289900,142404,41364,,
2006-01-09,292000,300000,291000,299000,149430,44252,,
2006-01-06,280200,285500,280200,283800,106703,30164,,
2006-01-05,280000,280700,278200,279700,105595,29506,,
2006-01-04,275400,282400,275400,278000,146985,40951,,
2006-01-03,275400,277400,268900,272400,81019,22006,,
