일자,시가,고가,저가,종가,거래량,거래대금,수정주가구분,수정비율
2024-03-13,2665,2675,2400,2625,2714889,6811,,
2024-03-12,2895,2900,2525,2620,2676512,7211,,
2024-03-11,2865,3020,2720,2805,3025594,8659,,
2024-03-08,2640,2835,2630,2730,3276840,8926,,
2024-03-07,2945,3120,2550,2605,5076501,14488,,
2024-03-06,2495,3150,2460,3065,9637958,28106,,
2024-03-05,2540,2660,2100,2555,3158578,7655,,
2024-03-04,2545,2880,2400,2540,3746549,9947,,
2024-02-29,2495,2755,2400,2510,3259156,8426,,
2024-02-28,3095,3220,2500,2555,4967543,13924,,
2024-02-27,3495,3755,2800,2990,7276804,22790,,
2024-02-26,3480,4280,3345,3710,26810259,102682,,
2024-02-23,3670,3705,3305,3705,19118644,68669,,
2024-02-22,2180,2850,2175,2850,9006964,23945,,
2024-02-21,2020,2230,2000,2195,1336169,2842,,
2024-02-20,2050,2075,1975,2020,767334,1546,,
2024-02-19,1998,2030,1980,1999,343359,686,,
2024-02-16,1999,2035,1914,1998,656582,1286,,
2024-02-15,2055,2120,1998,2000,977748,2002,,
2024-02-14,2070,2185,2000,2055,786173,1635,,
2024-02-13,2035,2150,2025,2090,754836,1570,,
2024-02-08,2075,2100,2000,2020,477880,976,,
2024-02-07,2110,2150,2045,2070,432402,903,,
2024-02-06,2240,2255,2060,2110,779210,1652,,
2024-02-05,2120,2255,2115,2150,622140,1362,,
2024-02-02,1993,2160,1935,2150,1195274,2474,,
2024-02-01,2100,2100,1944,1990,1279732,2576,,
2024-01-31,1661,2125,1647,2035,6314051,12435,,
2024-01-30,1491,1714,1491,1660,1339366,2196,,
2024-01-29,1576,1577,1448,1526,667046,1008,,
2024-01-26,1531,1606,1479,1574,1364752,2108,,
2024-01-25,1762,1762,1555,1573,1103735,1789,,
2024-01-24,1810,1863,1661,1762,1079944,1874,,
2024-01-23,1799,1945,1799,1839,845022,1568,,
2024-01-22,1908,2200,1800,1800,2318940,4583,,
2024-01-19,1928,2045,1860,1940,815402,1578,,
2024-01-18,1926,1982,1711,1967,2468284,4525,,
2024-01-17,2300,2310,1903,1968,2274244,4598,,
2024-01-16,2360,2360,2280,2340,174383,402,,
2024-01-15,2355,2400,2210,2360,553098,1262,,
2024-01-12,2560,2560,2280,2355,1042729,2475,,
2024-01-11,2485,2550,2415,2535,878027,2197,,
2024-01-10,2430,2600,2325,2455,833855,2027,,
2024-01-09,2550,2635,2360,2360,931233,2345,,
2024-01-08,2600,2610,2390,2565,655054,1642,,
2024-01-05,2550,2605,2435,2600,514970,1297,,
2024-01-04,2600,2685,2480,2515,577373,1492,,
2024-01-03,2450,2600,2390,2600,607424,1535,,
2024-01-02,2520,2575,2410,2450,386648,954,,
2023-12-28,2250,2470,2185,2420,688517,1623,,
2023-12-27,2305,2350,2220,2250,692148,1565,4,0.00
2023-12-26,2305,2345,2240,2280,347029,790,,
2023-12-22,2360,2360,2240,2305,430847,983,,
2023-12-21,2290,2410,2265,2360,524017,1220,,
2023-12-20,2400,2410,2190,2380,1078505,2468,,
2023-12-19,2565,2620,2380,2380,791288,1944,,
2023-12-18,2490,2625,2400,2580,1341664,3355,,
2023-12-15,2450,2580,2300,2470,1064736,2602,,
2023-12-14,2850,2850,2355,2450,2498811,6331,,
2023-12-13,2855,2930,2685,2710,938779,2631,,
2023-12-12,2880,2880,2740,2850,417688,1167,,
2023-12-11,2885,3005,2815,2820,897921,2612,,
2023-12-08,2760,2890,2620,2860,1303818,3637,,
2023-12-07,3000,3075,2825,2830,2170861,6421,,
2023-12-06,2500,2960,2500,2950,4161723,11654,,
2023-12-05,2435,2530,2370,2500,1089737,2678,,
2023-12-04,2350,2440,2310,2440,1117649,2672,,
2023-12-01,2195,2300,2160,2295,505537,1139,,
2023-11-30,2155,2225,2065,2205,710676,1512,,
2023-11-29,2200,2380,2165,2185,967294,2165,,
2023-11-28,2325,2325,2155,2240,655334,1450,,
2023-11-27,2370,2450,2290,2310,972369,2280,,
2023-11-24,2400,2445,2100,2390,1660099,3828,,
2023-11-23,2375,2440,2250,2310,1098882,2583,,
2023-11-22,2250,2380,2220,2345,926469,2148,,
2023-11-21,2130,2255,2110,2250,577849,1267,,
2023-11-20,1840,2205,1810,2145,2064698,4296,,
2023-11-17,2195,2195,1580,1844,10108886,17616,,
2023-11-16,2360,2360,1940,2200,2124390,4570,,
2023-11-15,2370,2500,2355,2355,422154,1013,,
2023-11-14,2375,2435,2360,2395,359087,861,,
2023-11-13,2410,2470,2285,2410,1003239,2387,,
2023-11-10,2520,2530,2305,2305,1375096,3360,,
2023-11-09,2200,2475,2195,2475,2591178,6085,,
2023-11-08,2180,2330,2110,2185,817632,1810,,
2023-11-07,2180,2195,2105,2170,258836,556,,
2023-11-06,2050,2265,2050,2180,785774,1694,,
2023-11-03,2145,2220,1931,2175,1294230,2724,,
2023-11-02,2200,2245,2140,2200,495697,1086,,
2023-11-01,2240,2290,2160,2190,665373,1478,,
2023-10-31,2175,2340,2130,2250,906635,2024,,
2023-10-30,2000,2315,1989,2165,2366437,5228,,
2023-10-27,2385,2600,1900,1986,3825178,8498,,
2023-10-26,2280,2385,2270,2385,1007526,2348,,
2023-10-25,2330,2360,2245,2355,791736,1833,,
2023-10-24,2305,2400,2215,2305,1547190,3587,,
2023-10-23,2290,2370,2200,2300,1103687,2542,,
2023-10-20,2295,2390,2150,2330,3216547,7347,,
2023-10-19,2195,2400,1900,2330,5641621,12533,,
2023-10-18,2185,2360,2130,2220,5095791,11553,,
2023-10-17,1965,2290,1900,2185,5668059,11827,,
2023-10-16,1590,2000,1579,1991,8357965,15584,,
2023-10-13,1496,1640,1496,1578,2233372,3503,,
2023-10-12,1476,1530,1467,1503,739883,1109,,
2023-10-11,1448,1520,1436,1476,564412,837,,
2023-10-10,1450,1510,1327,1468,574332,825,,
2023-10-06,1487,1530,1431,1452,563611,841,,
2023-10-05,1457,1520,1451,1489,641470,954,,
2023-10-04,1380,1532,1377,1445,1420184,2095,,
2023-09-27,1351,1398,1340,1380,164441,225,,
2023-09-26,1395,1432,1360,1364,203363,282,,
2023-09-25,1403,1450,1390,1395,196513,277,,
2023-09-22,1332,1405,1318,1395,245755,336,,
2023-09-21,1423,1423,1340,1370,244602,333,,
2023-09-20,1450,1495,1350,1380,652194,911,,
2023-09-19,1366,1432,1338,1415,400937,559,,
2023-09-18,1365,1410,1307,1380,414338,561,,
2023-09-15,1372,1400,1319,1365,466638,626,,
2023-09-14,1421,1428,1331,1364,432264,586,,
2023-09-13,1351,1486,1351,1420,869945,1245,,
2023-09-12,1371,1414,1340,1387,370301,506,,
2023-09-11,1470,1484,1326,1371,412173,570,,
2023-09-08,1385,1516,1345,1400,1259390,1806,,
2023-09-07,1351,1410,1276,1400,768749,1017,,
2023-09-06,1395,1409,1330,1351,391063,533,,
2023-09-05,1424,1468,1360,1409,191625,271,,
2023-09-04,1397,1459,1350,1438,508494,712,,
2023-09-01,1415,1452,1325,1411,507653,707,,
2023-08-31,1567,1630,1420,1425,1109171,1641,,
2023-08-30,1549,1598,1475,1567,1224712,1891,,
2023-08-29,1460,1550,1440,1520,767618,1147,,
2023-08-28,1497,1497,1410,1460,515198,751,,
2023-08-25,1502,1581,1461,1497,676171,1024,,
2023-08-24,1518,1550,1460,1500,691685,1040,,
2023-08-23,1518,1577,1435,1543,1490471,2259,,
2023-08-22,1634,1660,1590,1590,1357580,2216,,
2023-08-21,1700,1700,1410,1660,1817120,2845,,
2023-08-18,1473,1700,1473,1700,1335778,2141,,
2023-08-17,1439,1471,1202,1445,1927112,2678,,
2023-08-16,1200,1499,1200,1440,6818208,9518,,
2023-08-14,1191,1228,1160,1176,746730,889,,
2023-08-11,1156,1239,1156,1191,1242030,1489,,
2023-08-10,1070,1184,1032,1166,2568301,2855,,
2023-08-09,898,1080,898,1080,3809755,3819,,
2023-08-08,834,950,834,897,2150678,1949,,
2023-08-07,832,840,823,834,165654,137,,
2023-08-04,823,840,815,832,93182,77,,
2023-08-03,831,833,804,823,177735,145,,
2023-08-02,837,839,820,833,56658,47,,
2023-08-01,841,841,825,837,80742,67,,
2023-07-31,842,847,827,833,72426,61,,
2023-07-28,834,875,834,842,57141,48,,
2023-07-27,820,847,820,834,78293,65,,
2023-07-26,834,835,820,820,290790,240,,
2023-07-25,836,843,829,838,60575,51,,
2023-07-24,851,865,836,836,203409,172,,
2023-07-21,878,886,861,865,63637,55,,
2023-07-20,887,890,860,886,41795,37,,
2023-07-19,882,903,882,887,71630,63,,
2023-07-18,917,917,882,882,161384,145,,
2023-07-17,930,941,910,917,163787,152,,
2023-07-14,895,961,889,930,180670,166,,
2023-07-13,924,924,891,895,102413,92,,
2023-07-12,890,943,890,909,418363,385,,
2023-07-11,879,933,870,890,371948,334,,
2023-07-10,852,895,852,879,122479,107,,
2023-07-07,832,869,828,852,95002,81,,
2023-07-06,872,881,830,843,183237,156,,
2023-07-05,899,907,865,872,143067,125,,
2023-07-04,910,913,861,899,301698,265,,
2023-07-03,900,923,891,901,68285,62,,
2023-06-30,905,919,873,895,92942,83,,
2023-06-29,939,947,886,905,233988,213,,
2023-06-28,922,964,899,939,234245,218,,
2023-06-27,910,990,910,918,586348,555,,
2023-06-26,934,940,896,910,221357,201,,
2023-06-23,894,980,894,931,1039700,977,,
2023-06-22,884,955,870,894,654690,598,,
2023-06-21,878,888,864,884,68110,60,,
2023-06-20,869,899,861,878,73720,65,,
2023-06-19,851,874,846,869,96129,83,,
2023-06-16,815,854,815,851,120652,100,,
2023-06-15,856,875,833,854,71585,62,,
2023-06-14,879,879,853,859,82870,71,,
2023-06-13,853,886,853,879,156985,137,,
2023-06-12,844,855,828,853,111919,95,,
2023-06-09,839,851,822,844,191235,159,,
2023-06-08,842,844,830,839,222226,186,,
2023-06-07,852,862,839,842,130319,110,,
2023-06-05,822,860,822,852,101609,85,,
2023-06-02,830,841,822,822,63247,52,,
2023-06-01,846,846,817,822,112622,93,,
2023-05-31,831,839,823,838,78376,65,,
2023-05-30,823,840,820,831,56105,46,,
2023-05-26,806,828,806,824,94363,77,,
2023-05-25,829,858,816,819,129407,106,,
2023-05-24,837,849,829,829,70498,59,,
2023-05-23,848,855,831,849,56015,47,,
2023-05-22,830,852,830,839,91770,77,,
2023-05-19,820,849,820,830,97050,81,,
2023-05-18,810,829,810,819,87779,72,,
2023-05-17,803,817,800,810,62467,50,,
2023-05-16,816,825,801,803,47838,39,,
2023-05-15,880,882,806,814,276962,231,,
2023-05-12,817,835,800,834,253800,207,,
2023-05-11,824,832,813,817,40606,33,,
2023-05-10,825,850,810,821,101641,83,,
2023-05-09,839,842,817,825,84172,70,,
2023-05-08,830,849,830,839,33486,28,,
2023-05-04,840,849,830,830,92283,77,,
2023-05-03,847,870,839,849,104505,89,,
2023-05-02,836,862,834,847,122745,104,,
2023-04-28,848,850,824,834,102324,86,,
2023-04-27,820,849,795,838,113633,94,,
2023-04-26,805,850,792,833,128023,104,,
2023-04-25,825,825,780,805,196205,157,,
2023-04-24,836,840,813,825,85499,71,,
2023-04-21,834,860,834,836,72846,61,,
2023-04-20,873,884,862,862,94450,82,,
2023-04-19,910,916,849,880,154592,138,,
2023-04-18,871,914,861,892,248060,222,,
2023-04-17,888,900,858,871,114341,100,,
2023-04-14,846,875,846,871,129401,112,,
2023-04-13,857,865,835,846,53494,45,,
2023-04-12,827,857,815,857,197096,166,,
2023-04-11,840,845,801,827,139629,115,,
2023-04-10,889,894,836,840,203993,175,,
2023-04-07,869,905,864,899,222687,196,,
2023-04-06,886,892,861,877,174313,154,,
2023-04-05,873,889,866,886,127804,113,,
2023-04-04,853,873,844,869,171462,148,,
2023-04-03,823,867,823,853,77491,65,,
2023-03-31,837,845,830,837,70191,59,,
2023-03-30,847,855,829,837,68462,57,,
2023-03-29,838,847,817,844,183132,152,,
2023-03-28,806,839,799,838,244029,201,,
2023-03-27,815,815,782,791,133110,106,,
2023-03-24,784,805,782,802,92419,73,,
2023-03-23,818,818,785,789,137318,109,,
2023-03-22,823,834,806,810,78947,64,,
2023-03-21,821,829,805,822,133889,109,,
2023-03-20,816,835,811,824,89797,74,,
2023-03-17,800,816,784,814,360968,289,,
2023-03-16,814,830,797,800,205928,166,,
2023-03-15,811,830,799,814,148551,121,,
2023-03-14,856,865,803,808,267937,220,,
2023-03-13,886,886,836,856,417420,356,,
2023-03-10,924,925,893,893,163869,148,,
2023-03-09,952,954,914,927,225273,208,,
2023-03-08,987,991,944,945,229569,221,,
2023-03-07,1019,1019,960,985,329228,326,,
2023-03-06,1019,1029,985,1019,284862,287,,
2023-03-03,1021,1034,1000,1001,107694,109,,
2023-03-02,1042,1058,999,1005,205833,210,,
2023-02-28,1024,1066,1012,1042,141348,147,,
2023-02-27,1049,1087,1025,1034,161028,168,,
2023-02-24,1045,1095,1020,1049,288818,304,,
2023-02-23,1059,1070,1026,1036,326011,340,,
2023-02-22,1119,1119,1055,1070,443821,476,,
2023-02-21,1160,1175,1076,1120,505301,564,,
2023-02-20,1179,1214,1151,1160,351169,412,,
2023-02-17,1197,1211,1161,1179,513186,611,,
2023-02-16,1198,1230,1177,1199,424236,504,,
2023-02-15,1122,1218,1052,1198,1303827,1519,,
2023-02-14,1178,1179,1104,1122,329671,371,,
2023-02-13,1208,1240,1150,1157,389653,466,,
2023-02-10,1237,1237,1170,1208,889642,1067,,
2023-02-09,1134,1291,1113,1219,3126338,3820,,
2023-02-08,1124,1137,1104,1126,160228,179,,
2023-02-07,1113,1130,1112,1124,124496,140,,
2023-02-06,1120,1130,1080,1121,230994,258,,
2023-02-03,1131,1143,1045,1120,479608,532,,
2023-02-02,1112,1144,1095,1111,547425,608,,
2023-02-01,1108,1108,1071,1102,339843,371,,
2023-01-31,1085,1107,1055,1096,294424,319,,
2023-01-30,1102,1120,1053,1091,567531,611,,
2023-01-27,981,1130,974,1076,4015688,4286,,
2023-01-26,955,984,945,978,225035,219,,
2023-01-25,969,969,934,955,85818,81,,
2023-01-20,950,960,926,935,107990,101,,
2023-01-19,975,975,938,950,135248,128,,
2023-01-18,967,989,963,966,316405,309,,
2023-01-17,961,967,954,959,174465,168,,
2023-01-16,949,955,938,952,52419,50,,
2023-01-13,950,955,937,949,66008,62,,
2023-01-12,947,954,938,950,55048,52,,
2023-01-11,935,957,935,954,65711,62,,
2023-01-10,926,947,926,935,81387,76,,
2023-01-09,914,938,912,926,63499,58,,
2023-01-06,914,923,895,914,86962,79,,
2023-01-05,914,924,900,915,46376,42,,
2023-01-04,837,916,837,915,129243,114,,
2023-01-03,864,865,840,861,121744,103,,
2023-01-02,889,910,856,880,89905,78,,
2022-12-29,892,916,874,881,101546,90,,
2022-12-28,893,915,890,910,41636,38,4,0.00
2022-12-27,886,906,881,906,104857,93,,
2022-12-26,896,942,894,905,48284,43,,
2022-12-23,910,934,896,914,76567,69,,
2022-12-22,933,936,919,932,32026,30,,
2022-12-21,936,936,917,917,36339,34,,
2022-12-20,961,961,922,928,56987,54,,
2022-12-19,953,962,947,958,49729,47,,
2022-12-16,928,962,915,953,112631,107,,
2022-12-15,940,941,924,938,58678,55,,
2022-12-14,916,935,916,935,83244,77,,
2022-12-13,937,944,916,916,54770,51,,
2022-12-12,933,964,923,927,162771,153,,
2022-12-09,911,924,894,923,103225,94,,
2022-12-08,886,908,872,895,71483,64,,
2022-12-07,911,911,881,906,53147,48,,
2022-12-06,915,921,909,911,45465,42,,
2022-12-05,920,924,912,915,93893,86,,
2022-12-02,930,942,915,920,111339,103,,
2022-12-01,914,923,913,919,162518,149,,
2022-11-30,922,922,899,913,99780,91,,
2022-11-29,885,923,885,913,78672,71,,
2022-11-28,930,930,888,913,43514,39,,
2022-11-25,909,930,901,908,75845,69,,
2022-11-24,872,936,862,909,317730,286,,
2022-11-23,859,870,854,863,65377,56,,
2022-11-22,874,875,857,859,75405,65,,
2022-11-21,881,888,864,881,97421,85,,
2022-11-18,950,950,889,889,93843,84,,
2022-11-17,909,920,895,902,85121,77,,
2022-11-16,930,940,918,920,93792,87,,
2022-11-15,921,942,921,930,110013,103,,
2022-11-14,923,939,922,930,155489,144,,
2022-11-11,902,931,902,926,139465,128,,
2022-11-10,912,914,904,904,54697,50,,
2022-11-09,900,919,892,909,97142,88,,
2022-11-08,880,901,880,900,57815,52,,
2022-11-07,892,900,866,880,58229,51,,
2022-11-04,905,905,876,883,29932,27,,
2022-11-03,883,904,835,900,39770,35,,
2022-11-02,905,908,888,897,33635,30,,
2022-11-01,895,903,890,900,43692,39,,
2022-10-31,902,902,880,889,45933,41,,
2022-10-28,901,921,881,890,208609,187,,
2022-10-27,944,1020,912,927,903169,862,,
2022-10-26,920,929,880,904,53624,48,,
2022-10-25,921,921,903,905,71759,65,,
2022-10-24,909,945,901,910,50262,46,,
2022-10-21,893,915,890,898,44811,40,,
2022-10-20,920,920,893,893,35999,33,,
2022-10-19,925,930,895,905,71739,66,,
2022-10-18,905,923,904,923,87793,80,,
2022-10-17,890,910,850,905,88139,78,,
2022-10-14,850,890,835,890,154052,133,,
2022-10-13,850,867,806,809,92210,75,,
2022-10-12,835,872,829,840,49227,41,,
2022-10-11,910,910,821,847,107898,92,,
2022-10-07,922,925,901,911,48879,45,,
2022-10-06,899,925,899,922,34439,32,,
2022-10-05,928,928,863,890,200395,178,,
2022-10-04,910,917,888,914,66711,60,,
2022-09-30,850,888,850,884,41106,36,,
2022-09-29,873,924,873,884,141013,126,,
2022-09-28,924,954,863,871,295769,264,,
2022-09-27,929,973,915,923,129854,120,,
2022-09-26,990,1015,912,946,287032,275,,
2022-09-23,1095,1095,1010,1020,288947,297,,
2022-09-22,1110,1150,1030,1095,316581,339,,
2022-09-21,1190,1190,1125,1140,141763,163,,
2022-09-20,1170,1200,1150,1180,97006,113,,
2022-09-19,1210,1210,1165,1185,50050,59,,
2022-09-16,1210,1215,1180,1210,53493,64,,
2022-09-15,1185,1220,1165,1190,67363,80,,
2022-09-14,1160,1190,1150,1190,39526,46,,
2022-09-13,1165,1200,1165,1195,78520,93,,
2022-09-08,1180,1195,1160,1165,47026,55,,
2022-09-07,1205,1205,1170,1170,93757,111,,
2022-09-06,1160,1260,1160,1195,491172,601,,
2022-09-05,1195,1215,1165,1170,55580,66,,
2022-09-02,1175,1245,1165,1195,157659,190,,
2022-09-01,1185,1200,1150,1180,108087,127,,
2022-08-31,1180,1200,1160,1200,30711,36,,
2022-08-30,1170,1200,1165,1185,71891,84,,
2022-08-29,1150,1200,1150,1185,67234,79,,
2022-08-26,1190,1225,1180,1205,92342,110,,
2022-08-25,1190,1200,1170,1190,66718,79,,
2022-08-24,1170,1200,1150,1165,65195,76,,
2022-08-23,1185,1195,1150,1155,86197,101,,
2022-08-22,1230,1230,1185,1185,95031,114,,
2022-08-19,1270,1280,1235,1235,69342,87,,
2022-08-18,1280,1295,1255,1280,63525,81,,
2022-08-17,1300,1320,1280,1280,124963,161,,
2022-08-16,1365,1380,1305,1320,346398,459,,
2022-08-12,1405,1405,1355,1375,145086,201,,
2022-08-11,1375,1390,1350,1390,311530,438,,
2022-08-10,1390,1410,1345,1350,526050,722,,
2022-08-09,1295,1390,1290,1375,547875,743,,
2022-08-08,1315,1320,1290,1315,107157,139,,
2022-08-05,1315,1325,1290,1325,154118,202,,
2022-08-04,1275,1320,1250,1315,339923,439,,
2022-08-03,1250,1265,1240,1265,97196,122,,
2022-08-02,1250,1270,1235,1250,72309,90,,
2022-08-01,1285,1300,1265,1265,211902,272,,
2022-07-29,1280,1310,1255,1305,197479,253,,
2022-07-28,1295,1300,1255,1270,346360,442,,
2022-07-27,1240,1265,1210,1265,95250,118,,
2022-07-26,1230,1240,1220,1240,49328,61,,
2022-07-25,1235,1255,1230,1230,43128,54,,
2022-07-22,1240,1255,1220,1235,97459,121,,
2022-07-21,1230,1255,1230,1240,83338,104,,
2022-07-20,1245,1265,1225,1235,159561,198,,
2022-07-19,1225,1255,1205,1215,108443,133,,
2022-07-18,1180,1205,1155,1200,129184,153,,
2022-07-15,1160,1185,1140,1155,72913,85,,
2022-07-14,1165,1190,1145,1185,39361,46,,
2022-07-13,1170,1190,1145,1165,44911,52,,
2022-07-12,1210,1230,1160,1170,126480,149,,
2022-07-11,1230,1250,1200,1230,61905,76,,
2022-07-08,1235,1260,1220,1235,118361,146,,
2022-07-07,1240,1240,1195,1235,77010,94,,
2022-07-06,1200,1230,1175,1195,120027,144,,
2022-07-05,1180,1200,1135,1195,183331,216,,
2022-07-04,1180,1195,1120,1150,183523,212,,
2022-07-01,1255,1260,1130,1190,121919,145,,
2022-06-30,1245,1250,1190,1220,84625,103,,
2022-06-29,1220,1265,1195,1235,128183,157,,
2022-06-28,1255,1265,1205,1230,217523,268,,
2022-06-27,1170,1220,1160,1220,163405,196,,
2022-06-24,1075,1170,1075,1170,234126,265,,
2022-06-23,1195,1220,1080,1110,388175,443,,
2022-06-22,1265,1280,1195,1200,207950,255,,
2022-06-21,1190,1275,1190,1265,240389,300,,
2022-06-20,1290,1310,1190,1215,361854,442,,
2022-06-17,1270,1315,1225,1305,303103,382,,
2022-06-16,1375,1410,1300,1300,817203,1090,,
2022-06-15,1430,1440,1340,1365,226112,313,,
2022-06-14,1370,1580,1320,1430,2001304,2936,,
2022-06-13,1490,1500,1385,1395,465509,663,,
2022-06-10,1535,1535,1480,1520,223221,336,,
2022-06-09,1590,1595,1520,1540,320255,494,,
2022-06-08,1635,1635,1570,1585,215188,342,,
2022-06-07,1650,1650,1600,1605,145900,236,,
2022-06-03,1630,1655,1625,1650,151262,248,,
2022-06-02,1610,1630,1610,1630,118529,192,,
2022-05-31,1630,1635,1615,1625,147670,239,,
2022-05-30,1610,1625,1600,1625,99982,161,,
2022-05-27,1620,1620,1600,1610,149865,241,,
2022-05-26,1610,1625,1595,1610,225598,362,,
2022-05-25,1610,1645,1595,1610,288760,466,,
2022-05-24,1650,1650,1610,1610,270217,438,,
2022-05-23,1675,1680,1630,1650,235074,387,,
2022-05-20,1635,1680,1635,1670,225038,373,,
2022-05-19,1620,1670,1620,1635,347619,570,,
2022-05-18,1675,1720,1670,1685,369124,624,,
2022-05-17,1740,1745,1635,1665,1500532,2526,,
2022-05-16,1855,1870,1765,1780,1121050,2006,,
2022-05-13,1800,1900,1780,1850,1706067,3159,,
2022-05-12,1845,1920,1750,1775,2152934,3957,,
2022-05-11,1950,1950,1825,1835,2376767,4500,,
2022-05-10,1720,1950,1695,1950,11546836,21541,,
2022-05-09,1710,1860,1680,1720,4754177,8520,,
2022-05-06,1680,1725,1680,1710,264705,451,,
2022-05-04,1730,1860,1700,1705,1727363,3046,,
2022-05-03,1700,1735,1700,1710,177590,304,,
2022-05-02,1680,1730,1670,1705,240124,409,,
2022-04-29,1620,1740,1620,1695,587674,999,,
2022-04-28,1650,1650,1600,1615,117025,189,,
2022-04-27,1650,1655,1600,1625,297599,483,,
2022-04-26,1715,1715,1650,1675,183572,307,,
2022-04-25,1675,1695,1650,1680,141389,236,,
2022-04-22,1710,1710,1640,1675,251244,418,,
2022-04-21,1730,1730,1690,1710,128673,219,,
2022-04-20,1710,1735,1695,1725,181467,310,,
2022-04-19,1685,1745,1680,1710,203221,347,,
2022-04-18,1700,1710,1670,1675,121245,204,,
2022-04-15,1705,1720,1680,1700,138738,235,,
2022-04-14,1730,1740,1705,1705,177461,305,,
2022-04-13,1640,1745,1640,1710,295632,502,,
2022-04-12,1645,1665,1600,1665,287913,470,,
2022-04-11,1680,1705,1650,1655,307507,512,,
2022-04-08,1690,1715,1670,1690,137758,232,,
2022-04-07,1730,1740,1675,1700,323280,550,,
2022-04-06,1780,1795,1745,1755,271195,477,,
2022-04-05,1815,1815,1770,1805,272326,486,,
2022-04-04,1785,1845,1760,1800,395592,712,,
2022-04-01,1790,1800,1750,1770,254169,449,,
2022-03-31,1725,1830,1715,1800,638474,1138,,
2022-03-30,1760,1760,1690,1730,338592,584,,
2022-03-29,1765,1770,1735,1755,224073,392,,
2022-03-28,1740,1765,1720,1755,177809,311,,
2022-03-25,1755,1785,1720,1755,263147,461,,
2022-03-24,1800,1800,1710,1745,456629,798,,
2022-03-23,1790,1825,1750,1800,672888,1203,,
2022-03-22,1665,1830,1665,1785,1994448,3556,,
2022-03-21,1725,1740,1680,1680,358293,612,,
2022-03-18,1705,1720,1685,1705,297925,506,,
2022-03-17,1660,1745,1660,1690,598269,1024,,
2022-03-16,1610,1710,1590,1645,733088,1214,,
2022-03-15,1590,1610,1575,1590,312184,495,,
2022-03-14,1655,1655,1585,1600,229028,367,,
2022-03-11,1615,1715,1615,1650,378959,626,,
2022-03-10,1615,1640,1600,1615,136989,221,,
2022-03-08,1610,1620,1580,1585,210919,337,,
2022-03-07,1675,1685,1615,1640,288364,471,,
2022-03-04,1700,1715,1630,1690,323184,538,,
2022-03-03,1705,1725,1675,1710,340803,577,,
2022-03-02,1650,1705,1640,1690,293347,489,,
2022-02-28,1615,1695,1605,1650,358654,593,,
2022-02-25,1615,1645,1595,1605,148783,241,,
2022-02-24,1620,1670,1575,1600,350643,565,,
2022-02-23,1640,1665,1630,1640,154704,254,,
2022-02-22,1610,1665,1595,1640,436198,708,,
2022-02-21,1750,1750,1660,1670,467920,788,,
2022-02-18,1660,1745,1660,1740,285227,489,,
2022-02-17,1690,1885,1690,1710,911175,1616,,
2022-02-16,1740,1740,1700,1700,318490,546,,
2022-02-15,1880,1905,1660,1685,1117764,1953,,
2022-02-14,1935,1980,1855,1890,485179,923,,
2022-02-11,2015,2050,2000,2005,170961,345,,
2022-02-10,2090,2100,2040,2055,189792,390,,
2022-02-09,2125,2135,2065,2070,306832,639,,
2022-02-08,2155,2155,2035,2125,428616,896,,
2022-02-07,2065,2190,1980,2180,406757,852,,
2022-02-04,1985,2035,1980,2020,119276,239,,
2022-02-03,1930,2040,1930,2000,264588,529,,
2022-01-28,1855,1925,1800,1910,311521,583,,
2022-01-27,1955,1955,1850,1860,265259,498,,
2022-01-26,1925,1995,1920,1940,223107,436,,
2022-01-25,2055,2070,1915,1920,485248,953,,
2022-01-24,2125,2160,2015,2050,283077,585,,
2022-01-21,2140,2175,2110,2145,121805,260,,
2022-01-20,2075,2165,2060,2165,180769,385,,
2022-01-19,2065,2140,2065,2090,234482,490,,
2022-01-18,2185,2230,2110,2110,457828,988,,
2022-01-17,2310,2310,2195,2205,568745,1267,,
2022-01-14,2305,2330,2290,2305,302876,699,,
2022-01-13,2390,2400,2345,2345,290481,685,,
2022-01-12,2420,2420,2350,2400,731441,1745,,
2022-01-11,2360,2375,2300,2375,810006,1926,,
2022-01-10,2300,2410,2275,2355,981695,2296,,
2022-01-07,2280,2330,2280,2300,353775,814,,
2022-01-06,2270,2335,2270,2290,483171,1109,,
2022-01-05,2365,2370,2285,2320,550950,1274,,
2022-01-04,2310,2450,2295,2370,1069316,2528,,
2022-01-03,2300,2320,2285,2290,240494,553,,
2021-12-30,2280,2320,2250,2300,352088,805,,
2021-12-29,2190,2405,2190,2265,1147599,2628,4,0.00
2021-12-28,2235,2245,2200,2205,380195,842,,
2021-12-27,2265,2285,2205,2205,418625,930,,
2021-12-24,2315,2345,2235,2265,587532,1335,,
2021-12-23,2330,2390,2300,2315,403143,940,,
2021-12-22,2280,2390,2280,2320,445821,1037,,
2021-12-21,2255,2310,2200,2265,565888,1278,,
2021-12-20,2355,2365,2250,2255,805695,1850,,
2021-12-17,2400,2480,2355,2375,617409,1483,,
2021-12-16,2465,2505,2385,2440,1151688,2817,,
2021-12-15,2590,2610,2445,2455,2203069,5564,,
2021-12-14,2545,2735,2430,2510,11711695,29923,,
2021-12-13,2430,2580,2355,2355,1602435,3879,,
2021-12-10,2255,2365,2200,2345,1249403,2897,,
2021-12-09,2230,2255,2210,2240,308367,689,,
2021-12-08,2210,2275,2210,2215,327702,733,,
2021-12-07,2230,2280,2195,2210,334774,740,,
2021-12-06,2220,2245,2165,2230,346095,761,,
2021-12-03,2200,2265,2180,2250,322928,722,,
2021-12-02,2135,2240,2105,2190,570739,1253,,
2021-12-01,2125,2210,2025,2185,651409,1386,,
2021-11-30,2240,2340,2090,2125,1073325,2370,,
2021-11-29,2195,2310,2140,2215,818660,1833,,
2021-11-26,2495,2510,2275,2315,1903621,4520,,
2021-11-25,2655,2710,2390,2485,1560573,3986,,
2021-11-24,2665,2745,2560,2645,1095405,2890,,
2021-11-23,2815,2845,2650,2650,1066193,2918,,
2021-11-22,2860,2865,2680,2840,1529326,4225,,
2021-11-19,2900,2995,2825,2870,2481208,7180,,
2021-11-18,2800,2940,2725,2930,3096316,8769,,
2021-11-17,2530,2980,2515,2835,15633467,43970,,
2021-11-16,2520,2590,2390,2555,2367909,5897,,
2021-11-15,2610,2660,2500,2555,1196915,3089,,
2021-11-12,2565,2630,2475,2565,1210921,3091,,
2021-11-11,2350,2600,2335,2565,2055153,5166,,
2021-11-10,2600,2600,2410,2430,1908154,4757,,
2021-11-09,2565,2700,2515,2630,3948410,10322,,
2021-11-08,2400,2585,2310,2555,3897997,9747,,
2021-11-05,2300,2430,2290,2400,2759962,6580,,
2021-11-04,2365,2435,2280,2300,1623655,3793,,
2021-11-03,2430,2460,2365,2365,2003590,4800,,
2021-11-02,2185,2565,2180,2435,14435753,35010,,
2021-11-01,2130,2195,2115,2190,760899,1642,,
2021-10-29,2120,2150,2065,2100,548162,1151,,
2021-10-28,2225,2230,2130,2130,696357,1510,,
2021-10-27,2185,2245,2155,2200,870498,1915,,
2021-10-26,2195,2210,2150,2185,505376,1096,,
2021-10-25,2160,2195,2125,2195,503573,1085,,
2021-10-22,2095,2215,2095,2140,1395423,3010,,
2021-10-21,2095,2140,2080,2095,450937,949,,
2021-10-20,2165,2185,2090,2095,823247,1748,,
2021-10-19,2090,2270,2090,2165,2627348,5763,,
2021-10-18,2120,2130,2070,2090,411079,860,,
2021-10-15,2125,2170,2085,2120,891370,1888,,
2021-10-14,2030,2115,2010,2115,834029,1721,,
2021-10-13,1945,2250,1940,2025,3362891,7049,,
2021-10-12,2005,2025,1935,1940,541764,1059,,
2021-10-08,2005,2075,1980,2000,691949,1396,,
2021-10-07,1910,2030,1910,2000,842017,1665,,
2021-10-06,2025,2030,1890,1890,910131,1768,,
2021-10-05,2095,2095,1930,1980,993846,1962,,
2021-10-01,2025,2380,1985,2095,7417029,16000,,
2021-09-30,1970,2090,1960,2010,1878429,3790,,
2021-09-29,2100,2100,1900,1935,7845053,14533,,
2021-09-28,2175,2215,2120,2120,336411,724,,
2021-09-27,2210,2230,2160,2195,219751,481,,
2021-09-24,2320,2345,2180,2205,607713,1356,,
2021-09-23,2365,2405,2315,2315,575767,1350,,
2021-09-17,2390,2425,2360,2410,275101,658,,
2021-09-16,2455,2460,2375,2390,394715,948,,
2021-09-15,2405,2570,2370,2450,1344757,3334,,
2021-09-14,2395,2400,2355,2375,288247,683,,
2021-09-13,2445,2445,2360,2370,331537,794,,
2021-09-10,2475,2515,2400,2450,490982,1194,,
2021-09-09,2520,2525,2450,2480,416640,1031,,
2021-09-08,2605,2625,2515,2530,578982,1483,,
2021-09-07,2560,2670,2515,2565,1158470,3009,,
2021-09-06,2530,2575,2480,2565,887626,2237,,
2021-09-03,2480,2595,2430,2535,1328265,3342,,
2021-09-02,2595,2595,2425,2470,1588528,3962,,
2021-09-01,2560,2650,2500,2610,1483691,3838,,
2021-08-31,2400,2870,2390,2630,10931509,29189,,
2021-08-30,2370,2400,2340,2390,552377,1312,,
2021-08-27,2450,2470,2325,2370,1230980,2945,,
2021-08-26,2605,2610,2480,2510,910247,2303,,
2021-08-25,2535,2670,2375,2620,1993694,4975,,
2021-08-24,2700,2710,2475,2475,1652996,4250,,
2021-08-23,2750,2760,2525,2630,1523151,3987,,
2021-08-20,2915,2970,2605,2650,1270030,3510,,
2021-08-19,3030,3100,2815,2815,835012,2435,,
2021-08-18,3200,3200,3010,3115,463926,1423,,
2021-08-17,3460,3500,3040,3190,1035876,3283,,
2021-08-13,3890,4090,3505,3510,1767205,6493,,
2021-08-12,3980,4005,3850,3875,551230,2173,,
2021-08-11,3940,4100,3840,4010,556791,2206,,
2021-08-10,4105,4105,3870,3950,479848,1913,,
2021-08-09,4030,4220,3970,4100,717279,2918,,
2021-08-06,4135,4160,4020,4140,501738,2046,,
2021-08-05,4070,4200,4005,4175,621887,2529,,
2021-08-04,4100,4235,3905,4085,1144467,4675,,
2021-08-03,4310,4435,3780,4230,3698745,15245,,
2021-08-02,4100,4430,4095,4165,2789498,11852,,
2021-07-30,4210,4740,3990,4160,12387697,54740,,
2021-07-29,3565,4170,3350,3965,21550151,83554,,
2021-07-28,2920,3740,2855,3410,29752333,102927,,
2021-07-27,2980,2980,2835,2880,281202,818,,
2021-07-26,2875,3090,2820,2980,954452,2863,,
2021-07-23,2805,2865,2805,2865,77527,221,,
2021-07-22,2855,2890,2825,2840,121859,346,,
2021-07-21,2905,3235,2835,2855,1214478,3625,,
2021-07-20,2835,2930,2835,2870,58593,169,,
2021-07-19,2925,2950,2870,2910,113102,329,,
2021-07-16,2935,2960,2900,2950,71411,210,,
2021-07-15,2930,2975,2930,2935,63815,188,,
2021-07-14,2970,2985,2930,2960,62840,186,,
2021-07-13,2960,3015,2775,2960,295800,873,,
2021-07-12,2930,2980,2925,2950,63131,186,,
2021-07-09,2955,2985,2895,2930,128859,377,,
2021-07-08,3000,3000,2930,2930,130976,387,,
2021-07-07,2880,3005,2850,2960,321485,951,,
2021-07-06,2870,3090,2740,2880,328069,957,,
2021-07-05,2855,2980,2855,2925,209901,613,,
2021-07-02,2900,2915,2840,2850,149144,427,,
2021-07-01,2890,2930,2855,2875,85670,247,,
2021-06-30,2885,2930,2840,2885,64131,185,,
2021-06-29,2910,2910,2840,2890,67848,195,,
2021-06-28,2860,2905,2850,2880,117074,336,,
2021-06-25,2950,2990,2870,2880,157551,459,,
2021-06-24,3030,3075,2850,2950,597151,1757,,
2021-06-23,2995,3090,2975,3015,246772,746,,
2021-06-22,3090,3090,3000,3010,218148,661,,
2021-06-21,3135,3150,3005,3035,399287,1222,,
2021-06-18,3185,3340,3150,3180,843625,2721,,
2021-06-17,3125,3575,3080,3270,5274934,17428,,
2021-06-16,3055,3115,3050,3080,291716,899,,
2021-06-15,3100,3130,3045,3045,249706,765,,
2021-06-14,3065,3130,3040,3100,295804,909,,
2021-06-11,2980,3220,2945,3075,1747592,5450,,
2021-06-10,2965,2970,2905,2945,154031,452,,
2021-06-09,2930,2960,2890,2945,126506,369,,
2021-06-08,2915,2990,2870,2910,234511,682,,
2021-06-07,3020,3060,2940,2940,387392,1147,,
2021-06-04,3000,3090,2995,3010,274717,827,,
2021-06-03,3050,3125,3025,3035,435399,1326,,
2021-06-02,3075,3300,2980,3070,1575057,4902,,
2021-06-01,3215,3500,3005,3075,4296323,13995,,
2021-05-31,3020,3310,3005,3170,2173754,6868,,
2021-05-28,3310,3390,2980,3025,2221793,7099,,
2021-05-27,3280,3540,3100,3310,5056679,16669,,
2021-05-26,3050,3670,2965,3220,17734111,60689,,
2021-05-25,2900,3160,2860,2975,1461827,4442,,
2021-05-24,2865,2950,2780,2880,309374,884,,
2021-05-21,2825,2865,2785,2825,91014,257,,
2021-05-20,2845,2845,2775,2795,78741,220,,
2021-05-18,2840,2890,2800,2860,139844,396,,
2021-05-17,2790,2890,2775,2875,108032,308,,
2021-05-14,2825,2825,2755,2795,80250,223,,
2021-05-13,2730,2825,2715,2775,249564,690,,
2021-05-12,2830,2870,2770,2815,112143,314,,
2021-05-11,2805,2835,2770,2830,161237,451,,
2021-05-10,2895,2895,2800,2810,113997,322,,
2021-05-07,2815,2905,2815,2845,150212,426,,
2021-05-06,2920,2920,2820,2835,148932,426,,
2021-05-04,2935,2935,2835,2875,131860,379,,
2021-05-03,2870,2995,2870,2910,122999,360,,
2021-04-30,2910,2985,2865,2900,186942,544,,
2021-04-29,3000,3025,2960,2960,184692,550,,
2021-04-28,3065,3105,2970,2995,364611,1100,,
2021-04-27,3075,3200,2990,3115,725775,2234,,
2021-04-26,3040,3235,3020,3070,713396,2224,,
2021-04-23,3080,3090,3025,3030,387394,1181,,
2021-04-22,3025,3130,2985,3130,632950,1935,,
2021-04-21,3095,3125,3005,3050,461346,1407,,
2021-04-20,2970,3055,2930,3020,581382,1740,,
2021-04-19,2945,2960,2895,2925,326654,953,,
2021-04-16,2905,2955,2860,2920,331284,961,,
2021-04-15,2940,3030,2895,2895,459660,1357,,
2021-04-14,2880,3100,2870,2940,804173,2383,,
2021-04-13,2975,3045,2800,2850,756141,2183,,
2021-04-12,3000,3075,2900,2900,506623,1507,,
2021-04-09,2860,3085,2860,3000,1055925,3147,,
2021-04-08,3200,3250,2905,2940,1477053,4504,,
2021-04-07,3225,3380,3060,3225,1785806,5779,,
2021-04-06,3330,3465,3205,3240,2257648,7447,,
2021-04-05,3270,3685,3145,3280,4090025,14025,,
2021-04-02,3105,3470,2945,3260,4616965,14684,,
2021-04-01,3390,3435,2955,3170,3440610,11124,,
2021-03-31,2900,3590,2895,3545,11278193,36699,,
2021-03-30,2475,3015,2335,2800,12373184,33243,,
2021-03-29,2255,2495,2245,2330,4857467,11490,,
2021-03-26,2575,2790,2145,2190,4636636,10674,,+29.07
2021-03-25,1995,1995,1995,1995,0,0,,
2021-03-24,1995,1995,1995,1995,0,0,,
2021-03-23,1995,1995,1995,1995,0,0,,
2021-03-22,1995,1995,1995,1995,0,0,,
2021-03-19,1995,1995,1995,1995,0,0,,
2021-03-18,1995,1995,1995,1995,0,0,,
2021-03-17,1995,1995,1995,1995,0,0,,
2021-03-16,1995,1995,1995,1995,0,0,,
2021-03-15,1995,1995,1995,1995,0,0,,
2021-03-12,1995,1995,1995,1995,0,0,,
2021-03-11,1995,1995,1995,1995,0,0,,
2021-03-10,1995,1995,1995,1995,0,0,,
2021-03-09,1995,1995,1995,1995,0,0,,
2021-03-08,1995,1995,1995,1995,0,0,,
2021-03-05,1995,1995,1995,1995,0,0,,
2021-03-04,1995,1995,1995,1995,0,0,,
2021-03-03,1995,1995,1995,1995,0,0,,
2021-03-02,1995,1995,1995,1995,0,0,,
2021-02-26,1995,1995,1995,1995,0,0,,
2021-02-25,1995,1995,1995,1995,0,0,,
2021-02-24,1995,1995,1995,1995,0,0,,
2021-02-23,1995,1995,1995,1995,0,0,,
2021-02-22,1995,1995,1995,1995,0,0,,
2021-02-19,1995,1995,1995,1995,0,0,,
2021-02-18,1995,1995,1995,1995,0,0,,
2021-02-17,1995,1995,1995,1995,0,0,,
2021-02-16,1995,1995,1995,1995,0,0,,
2021-02-15,1995,1995,1995,1995,0,0,,
2021-02-10,1995,1995,1995,1995,0,0,,
2021-02-09,1995,1995,1995,1995,0,0,,
2021-02-08,1995,1995,1995,1995,0,0,,
2021-02-05,1995,1995,1995,1995,0,0,,
2021-02-04,1995,1995,1995,1995,0,0,,
2021-02-03,1995,1995,1995,1995,0,0,,
2021-02-02,1995,1995,1995,1995,0,0,,
2021-02-01,1995,1995,1995,1995,0,0,,
2021-01-29,1995,1995,1995,1995,0,0,,
2021-01-28,1995,1995,1995,1995,0,0,,
2021-01-27,1995,1995,1995,1995,0,0,,
2021-01-26,1995,1995,1995,1995,0,0,,
2021-01-25,1995,1995,1995,1995,0,0,,
2021-01-22,1995,1995,1995,1995,0,0,,
2021-01-21,1995,1995,1995,1995,0,0,,
2021-01-20,1995,1995,1995,1995,0,0,,
2021-01-19,1995,1995,1995,1995,0,0,,
2021-01-18,1995,1995,1995,1995,0,0,,
2021-01-15,1995,1995,1995,1995,0,0,,
2021-01-14,1995,1995,1995,1995,0,0,,
2021-01-13,1995,1995,1995,1995,0,0,,
2021-01-12,1995,1995,1995,1995,0,0,,
2021-01-11,1995,1995,1995,1995,0,0,,
2021-01-08,1995,1995,1995,1995,0,0,,
2021-01-07,1995,1995,1995,1995,0,0,,
2021-01-06,1995,1995,1995,1995,0,0,,
2021-01-05,1995,1995,1995,1995,0,0,,
2021-01-04,1995,1995,1995,1995,0,0,,
2020-12-30,1995,1995,1995,1995,0,0,,
2020-12-29,1995,1995,1995,1995,0,0,4,0.00
2020-12-28,1995,1995,1995,1995,0,0,,
2020-12-24,1995,1995,1995,1995,0,0,,
2020-12-23,1995,1995,1995,1995,0,0,,
2020-12-22,1995,1995,1995,1995,0,0,,
2020-12-21,1995,1995,1995,1995,0,0,,
2020-12-18,1995,1995,1995,1995,0,0,,
2020-12-17,1995,1995,1995,1995,0,0,,
2020-12-16,1995,1995,1995,1995,0,0,,
2020-12-15,1995,1995,1995,1995,0,0,,
2020-12-14,1995,1995,1995,1995,0,0,,
2020-12-11,1995,1995,1995,1995,0,0,,
2020-12-10,1995,1995,1995,1995,0,0,,
2020-12-09,1995,1995,1995,1995,0,0,,
2020-12-08,1995,1995,1995,1995,0,0,,
2020-12-07,1995,1995,1995,1995,0,0,,
2020-12-04,1995,1995,1995,1995,0,0,,
2020-12-03,1995,1995,1995,1995,0,0,,
2020-12-02,1995,1995,1995,1995,0,0,,
2020-12-01,1995,1995,1995,1995,0,0,,
2020-11-30,1995,1995,1995,1995,0,0,,
2020-11-27,1995,1995,1995,1995,0,0,,
2020-11-26,1995,1995,1995,1995,0,0,,
2020-11-25,1995,1995,1995,1995,0,0,,
2020-11-24,1995,1995,1995,1995,0,0,,
2020-11-23,1995,1995,1995,1995,0,0,,
2020-11-20,1995,1995,1995,1995,0,0,,
2020-11-19,1995,1995,1995,1995,0,0,,
2020-11-18,1995,1995,1995,1995,0,0,,
2020-11-17,1995,1995,1995,1995,0,0,,
2020-11-16,1995,1995,1995,1995,0,0,,
2020-11-13,1995,1995,1995,1995,0,0,,
2020-11-12,1995,1995,1995,1995,0,0,,
2020-11-11,1995,1995,1995,1995,0,0,,
2020-11-10,1995,1995,1995,1995,0,0,,
2020-11-09,1995,1995,1995,1995,0,0,,
2020-11-06,1995,1995,1995,1995,0,0,,
2020-11-05,1995,1995,1995,1995,0,0,,
2020-11-04,1995,1995,1995,1995,0,0,,
2020-11-03,1995,1995,1995,1995,0,0,,
2020-11-02,1995,1995,1995,1995,0,0,,
2020-10-30,1995,1995,1995,1995,0,0,,
2020-10-29,1995,1995,1995,1995,0,0,,
2020-10-28,1995,1995,1995,1995,0,0,,
2020-10-27,1995,1995,1995,1995,0,0,,
2020-10-26,1995,1995,1995,1995,0,0,,
2020-10-23,1995,1995,1995,1995,0,0,,
2020-10-22,1995,1995,1995,1995,0,0,,
2020-10-21,1995,1995,1995,1995,0,0,,
2020-10-20,1995,1995,1995,1995,0,0,,
2020-10-19,1995,1995,1995,1995,0,0,,
2020-10-16,1995,1995,1995,1995,0,0,,
2020-10-15,1995,1995,1995,1995,0,0,,
2020-10-14,1995,1995,1995,1995,0,0,,
2020-10-13,1995,1995,1995,1995,0,0,,
2020-10-12,1995,1995,1995,1995,0,0,,
2020-10-08,1995,1995,1995,1995,0,0,,
2020-10-07,1995,1995,1995,1995,0,0,,
2020-10-06,1995,1995,1995,1995,0,0,,
2020-10-05,1995,1995,1995,1995,0,0,,
2020-09-29,1995,1995,1995,1995,0,0,,
2020-09-28,1995,1995,1995,1995,0,0,,
2020-09-25,1995,1995,1995,1995,0,0,,
2020-09-24,1995,1995,1995,1995,0,0,,
2020-09-23,1995,1995,1995,1995,0,0,,
2020-09-22,1995,1995,1995,1995,0,0,,
2020-09-21,1995,1995,1995,1995,0,0,,
2020-09-18,1995,2000,1980,1995,12028,24,,
2020-09-17,2015,2015,1995,2015,2789,6,,
2020-09-16,2000,2020,1995,2015,1097,2,,
2020-09-15,2015,2015,2015,2015,492,1,,
2020-09-14,2000,2030,2000,2015,14080,28,,
2020-09-11,2000,2010,2000,2000,15734,32,,
2020-09-10,1995,2005,1995,2000,23360,47,,
2020-09-09,1990,1995,1980,1995,8800,17,,
2020-09-08,1995,1995,1975,1990,5574,11,,
2020-09-07,1995,1995,1975,1990,3254,6,,
2020-09-04,1990,1995,1980,1995,16457,33,,
2020-09-03,1990,1990,1985,1990,1052,2,,
2020-09-02,1990,1990,1980,1985,2014,4,,
2020-09-01,1985,1990,1975,1980,18967,38,,
2020-08-31,1980,1985,1980,1985,4118,8,,
2020-08-28,1970,1980,1965,1980,43079,85,,
2020-08-27,2000,2000,1975,1975,567,1,,
2020-08-26,1975,1975,1975,1975,3578,7,,
2020-08-25,1985,1985,1975,1975,1103,2,,
2020-08-24,1980,1980,1970,1975,7797,15,,
2020-08-21,1975,1990,1970,1990,18001,36,,
2020-08-20,1985,1990,1980,1985,11645,23,,
2020-08-19,1980,2000,1975,2000,37630,75,,
2020-08-18,2000,2000,1980,1980,107,0,,
2020-08-14,1985,2000,1985,1985,6480,13,,
2020-08-13,1985,1990,1985,1990,1207,2,,
2020-08-12,1995,1995,1995,1995,254,1,,
2020-08-11,1990,1990,1990,1990,0,0,,
2020-08-10,1980,1990,1980,1990,14337,28,,
2020-08-07,1995,1995,1985,1985,21,0,,
2020-08-06,1980,1985,1980,1980,10449,21,,
2020-08-05,1985,1985,1980,1980,62619,124,,
2020-08-04,1980,1990,1980,1990,19406,38,,
2020-08-03,1980,1990,1980,1985,23221,46,,
2020-07-31,2000,2000,2000,2000,0,0,,
2020-07-30,1980,2000,1980,2000,201,0,,
2020-07-29,1995,1995,1990,1995,2036,4,,
2020-07-28,1995,1995,1995,1995,5,0,,
2020-07-27,1995,1995,1995,1995,1006,2,,
2020-07-24,1995,1995,1995,1995,105,0,,
2020-07-23,1985,1995,1985,1995,3916,8,,
2020-07-22,1995,2000,1990,1995,642,1,,
2020-07-21,1980,1995,1980,1995,39158,78,,
2020-07-20,1990,1990,1985,1990,4116,8,,
2020-07-17,1990,2000,1990,1990,682,1,,
2020-07-16,1990,1990,1985,1990,5587,11,,
2020-07-15,1990,1990,1990,1990,0,0,,
2020-07-14,1990,1990,1990,1990,1525,3,,
2020-07-13,1995,2000,1995,1995,209,0,,
2020-07-10,2000,2000,1990,1995,4110,8,,
2020-07-09,2000,2000,1990,1995,9003,18,,
2020-07-08,1990,2000,1980,1995,20018,40,,
2020-07-07,1995,1995,1985,1995,13117,26,,
2020-07-06,1995,1995,1980,1995,60262,119,,
2020-07-03,2000,2000,2000,2000,501,1,,
2020-07-02,1985,2000,1980,2000,34002,67,,
2020-07-01,2000,2000,2000,2000,0,0,,
2020-06-30,1985,2005,1985,2005,1004,2,,
2020-06-29,2000,2000,2000,2000,836,2,,
2020-06-26,2000,2000,1985,2000,17535,35,,
2020-06-25,1985,2000,1985,2000,12975,26,,
2020-06-24,1990,2005,1985,1985,56532,112,,
2020-06-23,1995,2000,1990,2000,27763,55,,
2020-06-22,1995,2000,1995,1995,21171,42,,
2020-06-19,2000,2000,2000,2000,399,1,,
2020-06-18,2000,2000,2000,2000,0,0,,
2020-06-17,2010,2010,2010,2010,1,0,,
2020-06-16,2005,2005,1995,2005,4807,10,,
2020-06-15,2000,2000,2000,2000,0,0,,
2020-06-12,2000,2010,2000,2010,6006,12,,
2020-06-11,1995,2010,1995,2010,6051,12,,
2020-06-10,2000,2005,1995,2005,4809,10,,
2020-06-09,2005,2005,1995,2000,1405,3,,
2020-06-08,2000,2000,1995,1995,13043,26,,
2020-06-05,1995,2000,1995,2000,501,1,,
2020-06-04,1995,2000,1995,2000,1046,2,,
2020-06-03,2000,2000,2000,2000,0,0,,
2020-06-02,2000,2010,1995,2000,4635,9,,
2020-06-01,1995,2005,1995,2005,2382,5,,
2020-05-29,2000,2005,1995,2000,1012,2,,
2020-05-28,1995,2010,1995,1995,1328,3,,
2020-05-27,1995,2005,1995,2005,1282,3,,
2020-05-26,2000,2005,2000,2000,10006,20,,
2020-05-25,1995,2010,1995,2010,1953,4,,
2020-05-22,2005,2005,1995,2000,2483,5,,
2020-05-21,1995,2000,1995,2000,677,1,,
2020-05-20,2000,2010,2000,2000,1731,3,,
2020-05-19,1995,2010,1990,2010,2150,4,,
2020-05-18,1990,2005,1990,1990,12528,25,,
2020-05-15,1990,2005,1990,2005,3539,7,,
2020-05-14,1995,2005,1990,2005,1024,2,,
2020-05-13,1985,2005,1985,2005,2008,4,,
2020-05-12,1985,2010,1985,1995,902,2,,
2020-05-11,2005,2010,2005,2005,9881,20,,
2020-05-08,1995,2005,1995,2005,3204,6,,
2020-05-07,1985,2005,1985,1995,7341,15,,
2020-05-06,1995,2000,1995,2000,81,0,,
2020-05-04,1985,1995,1985,1995,9493,19,,
2020-04-29,1995,2000,1990,2000,728,1,,
2020-04-28,1995,2000,1995,1995,4749,9,,
2020-04-27,1980,2000,1980,1995,791,2,,
2020-04-24,1985,1995,1985,1985,5415,11,,
2020-04-23,1980,2000,1980,1985,16401,32,,
2020-04-22,2005,2005,1985,2000,52,0,,
2020-04-21,1985,2000,1985,2000,31,0,,
2020-04-20,1990,2005,1985,2005,5380,11,,
2020-04-17,1985,2000,1985,2000,406,1,,
2020-04-16,1985,2005,1980,2005,497,1,,
2020-04-14,1985,2000,1975,2000,492,1,,
2020-04-13,1985,2005,1985,1995,504,1,,
2020-04-10,1980,2000,1980,2000,686,1,,
2020-04-09,2000,2000,2000,2000,0,0,,
2020-04-08,1990,2000,1990,2000,5,0,,
2020-04-07,1990,1990,1990,1990,411,1,,
2020-04-06,1985,1990,1980,1990,3677,7,,
2020-04-03,1980,2000,1980,1990,5864,12,,
2020-04-02,2000,2000,2000,2000,0,0,,
2020-04-01,2005,2005,2005,2005,1,0,,
2020-03-31,1995,2000,1995,2000,1162,2,,
2020-03-30,2000,2000,2000,2000,0,0,,
2020-03-27,2005,2005,2005,2005,1,0,,
2020-03-26,2000,2000,1985,2000,106,0,,
2020-03-25,2000,2005,1995,2005,511,1,,
2020-03-24,2000,2000,1995,2000,5501,11,,
2020-03-23,1995,1995,1995,1995,410,1,,
2020-03-20,2005,2005,2000,2005,618,1,,
2020-03-19,1995,2005,1985,2000,1022,2,,
2020-03-18,2000,2005,1990,1995,4879,10,,
2020-03-17,2000,2005,2000,2005,7135,14,,
2020-03-16,2005,2005,2005,2005,0,0,,
2020-03-13,2000,2015,2000,2015,3772,8,,
2020-03-12,2000,2015,2000,2015,1066,2,,
2020-03-11,2025,2025,2010,2010,590,1,,
2020-03-10,2010,2020,2010,2020,1822,4,,
2020-03-09,2015,2020,2010,2015,8962,18,,
2020-03-06,2015,2020,2015,2020,406,1,,
2020-03-05,2000,2020,2000,2015,689,1,,
2020-03-04,2015,2015,2010,2015,1458,3,,
2020-03-03,2015,2020,2000,2015,24985,50,,
2020-03-02,2035,2035,2000,2015,10027,20,,
2020-02-28,2000,2015,2000,2015,10471,21,,
2020-02-27,2005,2015,2005,2015,20008,40,,
2020-02-26,2010,2015,2005,2015,39425,79,,
2020-02-25,2000,2015,2000,2015,32805,66,,
2020-02-24,2010,2010,2010,2010,5050,10,,
2020-02-21,2020,2020,2000,2010,67520,136,,
2020-02-20,2015,2025,2015,2020,15504,31,,
2020-02-19,2020,2035,2015,2020,3962,8,,
2020-02-18,2010,2015,2010,2015,519,1,,
2020-02-17,2040,2040,2005,2030,7,0,,
2020-02-14,2010,2015,2010,2015,8802,18,,
2020-02-13,2020,2020,2005,2015,29709,60,,
2020-02-12,2020,2020,2005,2005,514,1,,
2020-02-11,2010,2050,2005,2005,20518,41,,
2020-02-10,2005,2010,2005,2010,4680,9,,
2020-02-07,2000,2005,2000,2005,1953,4,,
2020-02-06,2005,2010,2000,2010,3197,6,,
2020-02-05,2000,2010,2000,2010,9702,19,,
2020-02-04,2000,2010,2000,2010,20005,40,,
2020-02-03,2000,2010,2000,2010,1513,3,,
2020-01-31,2010,2010,2010,2010,0,0,,
2020-01-30,2010,2010,2005,2010,5001,10,,
2020-01-29,2010,2010,2000,2010,3852,8,,
2020-01-28,2000,2010,2000,2010,41,0,,
2020-01-23,2005,2005,2005,2005,0,0,,
2020-01-22,2005,2010,2005,2010,202,0,,
2020-01-21,2010,2010,2005,2010,40003,80,,
2020-01-20,2000,2010,2000,2005,13633,27,,
2020-01-17,2005,2010,2000,2005,18102,36,,
2020-01-16,2005,2005,2005,2005,16050,32,,
2020-01-15,2005,2005,2005,2005,9326,19,,
2020-01-14,2005,2005,2000,2005,36905,74,,
2020-01-13,2000,2005,2000,2005,9623,19,,
2020-01-10,2005,2005,2000,2000,17181,34,,
2020-01-09,2000,2005,2000,2005,5007,10,,
2020-01-08,2000,2005,2000,2005,3808,8,,
2020-01-07,2000,2005,2000,2005,2607,5,,
2020-01-06,2005,2005,2005,2005,2999,6,,
2020-01-03,2000,2005,2000,2005,21646,43,,
2020-01-02,2000,2005,2000,2005,752,2,,
2019-12-30,2000,2005,1995,2005,30122,60,,
2019-12-27,2000,2005,2000,2005,22530,45,4,0.00
2019-12-26,2000,2005,1995,2005,7365,15,,
2019-12-24,2005,2005,2000,2005,2593,5,,
2019-12-23,2000,2005,1995,2000,26587,53,,
2019-12-20,2000,2005,1995,2005,117220,235,,
2019-12-19,2005,2005,1995,2000,532418,1066,,
