,Date,Open,High,Low,Close,Volume,Change
0,2016-12-21,2667,2667,2667,2667,0,NaN
1,2016-12-22,3000,3067,3000,3067,5000,15.0
2,2016-12-23,3517,3517,3517,3517,840,14.67
3,2016-12-26,3517,3517,3517,3517,0,0.0
4,2016-12-27,3517,3517,3517,3517,0,0.0
5,2016-12-28,3517,3517,3517,3517,0,0.0
6,2016-12-29,3000,3000,3000,3000,122,-14.7
7,2017-01-02,3000,3000,3000,3000,120,0.0
8,2017-01-03,3033,3033,3033,3033,0,1.1
9,2017-01-04,3067,3067,3067,3067,0,1.12
10,2017-01-05,3067,3067,3067,3067,0,0.0
11,2017-01-06,3067,3067,3067,3067,0,0.0
12,2017-01-09,3067,3067,3067,3067,0,0.0
13,2017-01-10,3067,3067,3067,3067,0,0.0
14,2017-01-11,3067,3067,3067,3067,0,0.0
15,2017-01-12,3067,3067,3067,3067,0,0.0
16,2017-01-13,3067,3067,3067,3067,0,0.0
17,2017-01-16,3067,3067,3067,3067,0,0.0
18,2017-01-17,3067,3067,3067,3067,0,0.0
19,2017-01-18,3067,3067,3067,3067,0,0.0
20,2017-01-19,3100,3100,3100,3100,0,1.08
21,2017-01-20,3103,3103,3103,3103,2,0.1
22,2017-01-23,3103,3103,3103,3103,0,0.0
23,2017-01-24,3400,3400,3400,3400,0,9.57
24,2017-01-25,3400,3400,3400,3400,0,0.0
25,2017-01-26,3433,3433,3433,3433,0,0.97
26,2017-01-31,3433,3433,3433,3433,0,0.0
27,2017-02-01,3433,3433,3433,3433,0,0.0
28,2017-02-02,3433,3433,3433,3433,0,0.0
29,2017-02-03,3433,3433,3433,3433,0,0.0
30,2017-02-06,3333,3333,3333,3333,2,-2.91
31,2017-02-07,3333,3333,3333,3333,0,0.0
32,2017-02-08,3333,3333,3333,3333,0,0.0
33,2017-02-09,3333,3333,3333,3333,0,0.0
34,2017-02-10,3333,3333,3333,3333,0,0.0
35,2017-02-13,3333,3333,3333,3333,0,0.0
36,2017-02-14,3333,3333,3333,3333,0,0.0
37,2017-02-15,3333,3333,3333,3333,0,0.0
38,2017-02-16,2833,2833,2833,2833,1,-15.0
39,2017-02-17,3167,3167,3167,3167,0,11.79
40,2017-02-20,3167,3167,3167,3167,0,0.0
41,2017-02-21,3167,3167,3167,3167,0,0.0
42,2017-02-22,2700,2700,2700,2700,0,-14.75
43,2017-02-23,2700,2700,2700,2700,0,0.0
44,2017-02-24,3067,3067,3067,3067,0,13.59
45,2017-02-27,3067,3067,3067,3067,0,0.0
46,2017-02-28,3067,3067,3067,3067,0,0.0
47,2017-03-02,2610,2610,2610,2610,0,-14.9
48,2017-03-03,2733,2733,2733,2733,0,4.71
49,2017-03-06,2733,2733,2733,2733,0,0.0
50,2017-03-07,2733,2733,2733,2733,0,0.0
51,2017-03-08,2767,2767,2767,2767,0,1.24
52,2017-03-09,2767,2767,2767,2767,0,0.0
53,2017-03-10,2767,2767,2767,2767,0,0.0
54,2017-03-13,2767,2767,2767,2767,0,0.0
55,2017-03-14,2767,2767,2767,2767,0,0.0
56,2017-03-15,2767,2767,2767,2767,0,0.0
57,2017-03-16,3180,3180,3180,3180,100,14.93
58,2017-03-17,2720,2720,2720,2720,0,-14.47
59,2017-03-20,2720,2720,2720,2720,0,0.0
60,2017-03-21,3000,3000,3000,3000,0,10.29
61,2017-03-22,3167,3167,3167,3167,0,5.57
62,2017-03-23,3400,3400,3400,3400,0,7.36
63,2017-03-24,3400,3400,3400,3400,0,0.0
64,2017-03-27,3400,3400,3400,3400,0,0.0
65,2017-03-28,3900,3900,3900,3900,4861,14.71
66,2017-03-29,3900,3900,3900,3900,0,0.0
67,2017-03-30,4483,4483,4483,4483,0,14.95
68,2017-03-31,5150,5150,5150,5150,0,14.88
69,2017-04-03,5150,5150,5150,5150,0,0.0
70,2017-04-04,5150,5150,5150,5150,0,0.0
71,2017-04-05,5917,5917,5917,5917,0,14.89
72,2017-04-06,5033,5033,5033,5033,1,-14.94
73,2017-04-07,4333,4333,4333,4333,1,-13.91
74,2017-04-10,4333,4333,4333,4333,0,0.0
75,2017-04-11,4333,4333,4333,4333,0,0.0
76,2017-04-12,4333,4333,4333,4333,0,0.0
77,2017-04-13,4983,4983,4983,4983,0,15.0
78,2017-04-14,4983,4983,4983,4983,0,0.0
79,2017-04-17,4983,4983,4983,4983,0,0.0
80,2017-04-18,5717,5717,5717,5717,0,14.73
81,2017-04-19,6550,6550,6550,6550,0,14.57
82,2017-04-20,5583,5583,5583,5583,1,-14.76
83,2017-04-21,5583,5583,5583,5583,100,0.0
84,2017-04-24,5583,5583,5583,5583,0,0.0
85,2017-04-25,5583,5583,5583,5583,0,0.0
86,2017-04-26,5583,5583,5583,5583,0,0.0
87,2017-04-27,5583,5583,5583,5583,0,0.0
88,2017-04-28,5583,5583,5583,5583,0,0.0
89,2017-05-02,5583,5583,5583,5583,0,0.0
90,2017-05-04,5583,5583,5583,5583,0,0.0
91,2017-05-08,5583,5583,5583,5583,0,0.0
92,2017-05-10,5583,5583,5583,5583,0,0.0
93,2017-05-11,5583,5583,5583,5583,0,0.0
94,2017-05-12,5583,5583,5583,5583,0,0.0
95,2017-05-15,5583,5583,5583,5583,0,0.0
96,2017-05-16,5583,5583,5583,5583,0,0.0
97,2017-05-17,5583,5583,5583,5583,0,0.0
98,2017-05-18,5583,5583,5583,5583,0,0.0
99,2017-05-19,5583,5583,5583,5583,0,0.0
100,2017-05-22,5583,5583,5583,5583,0,0.0
101,2017-05-23,5583,5583,5583,5583,0,0.0
102,2017-05-24,5583,5583,5583,5583,0,0.0
103,2017-05-25,5583,5583,5583,5583,0,0.0
104,2017-05-26,5583,5583,5583,5583,0,0.0
105,2017-05-29,5583,5583,5583,5583,0,0.0
106,2017-05-30,5583,5583,5583,5583,0,0.0
107,2017-05-31,5583,5583,5583,5583,0,0.0
108,2017-06-01,5833,5833,5833,5833,0,4.48
109,2017-06-02,5833,5833,5833,5833,0,0.0
110,2017-06-05,5833,5833,5833,5833,0,0.0
111,2017-06-07,5833,5833,5833,5833,0,0.0
112,2017-06-08,5833,5833,5833,5833,0,0.0
113,2017-06-09,5833,5833,5833,5833,0,0.0
114,2017-06-12,5833,5833,5833,5833,0,0.0
115,2017-06-13,5833,5833,5833,5833,0,0.0
116,2017-06-14,5833,5833,5833,5833,0,0.0
117,2017-06-15,5833,5833,5833,5833,0,0.0
118,2017-06-16,5833,5833,5833,5833,0,0.0
119,2017-06-19,5833,5833,5833,5833,0,0.0
120,2017-06-20,5833,5833,5833,5833,0,0.0
121,2017-06-21,5833,5833,5833,5833,0,0.0
122,2017-06-22,5833,5833,5833,5833,0,0.0
123,2017-06-23,5833,5833,5833,5833,0,0.0
124,2017-06-26,5833,5833,5833,5833,0,0.0
125,2017-06-27,5833,5833,5833,5833,0,0.0
126,2017-06-28,5833,5833,5833,5833,0,0.0
127,2017-06-29,5833,5833,5833,5833,0,0.0
128,2017-06-30,5833,5833,5833,5833,0,0.0
129,2017-07-03,5833,5833,5833,5833,0,0.0
130,2017-07-04,5833,5833,5833,5833,0,0.0
131,2017-07-05,5833,5833,5833,5833,0,0.0
132,2017-07-06,5833,5833,5833,5833,0,0.0
133,2017-07-07,5833,5833,5833,5833,0,0.0
134,2017-07-10,5833,5833,5833,5833,0,0.0
135,2017-07-11,5833,5833,5833,5833,0,0.0
136,2017-07-12,5833,5833,5833,5833,0,0.0
137,2017-07-13,5833,5833,5833,5833,0,0.0
138,2017-07-14,5833,5833,5833,5833,0,0.0
139,2017-07-17,5833,5833,5833,5833,0,0.0
140,2017-07-18,5833,5833,5833,5833,0,0.0
141,2017-07-19,5833,5833,5833,5833,0,0.0
142,2017-07-20,5967,5967,5967,5967,0,2.3
143,2017-07-21,6000,6000,5983,6000,30001,0.55
144,2017-07-24,6000,6000,6000,6000,0,0.0
145,2017-07-25,6000,6000,6000,6000,0,0.0
146,2017-07-26,6900,6900,6900,6900,100,15.0
147,2017-07-27,6900,6900,6900,6900,0,0.0
148,2017-07-28,6900,6900,6900,6900,0,0.0
149,2017-07-31,6900,6900,6900,6900,0,0.0
150,2017-08-01,6900,6900,6900,6900,0,0.0
151,2017-08-02,6900,6900,6900,6900,0,0.0
152,2017-08-03,6900,6900,6900,6900,0,0.0
153,2017-08-04,6900,6900,6900,6900,0,0.0
154,2017-08-07,6900,6900,6900,6900,0,0.0
155,2017-08-08,6900,6900,6900,6900,0,0.0
156,2017-08-09,6900,6900,6900,6900,0,0.0
157,2017-08-10,6900,6900,6900,6900,0,0.0
158,2017-08-11,6900,6900,6900,6900,0,0.0
159,2017-08-14,6900,6900,6900,6900,0,0.0
160,2017-08-16,6900,6900,6900,6900,0,0.0
161,2017-08-17,6900,6900,6900,6900,0,0.0
162,2017-08-18,6900,6900,6900,6900,0,0.0
163,2017-08-21,6900,6900,6900,6900,0,0.0
164,2017-08-22,6900,6900,6900,6900,0,0.0
165,2017-08-23,6900,6900,6900,6900,0,0.0
166,2017-08-24,6900,6900,6900,6900,0,0.0
167,2017-08-25,6900,6900,6900,6900,300,0.0
168,2017-08-28,6883,6883,6883,6883,0,-0.25
169,2017-08-29,5866,6866,5866,6867,111,-0.23
170,2017-08-30,6000,6000,5850,5850,400,-14.81
171,2017-08-31,5233,6333,5233,6333,102,8.26
172,2017-09-01,5400,6000,5400,6000,101,-5.26
173,2017-09-04,5100,6300,5100,6300,716,5.0
174,2017-09-05,5983,5983,5367,5367,1140,-14.81
175,2017-09-06,4498,5298,4415,4666,2445795,-13.06
176,2017-09-07,4733,4750,4466,4500,210258,-3.56
177,2017-09-08,4583,4650,4400,4400,116851,-2.22
178,2017-09-11,4416,4416,4016,4100,167125,-6.82
179,2017-09-12,4133,4200,4033,4100,66326,0.0
180,2017-09-13,4200,4200,4066,4100,88845,0.0
181,2017-09-14,4132,4414,4098,4266,135221,4.05
182,2017-09-15,4316,4400,4200,4300,54404,0.8
183,2017-09-18,4231,4248,4065,4066,61069,-5.44
184,2017-09-19,4066,4150,3950,4000,56394,-1.62
185,2017-09-20,4000,4000,3833,3850,31085,-3.75
186,2017-09-21,3966,3966,3683,3783,33332,-1.74
187,2017-09-22,3750,3783,3600,3750,25686,-0.87
188,2017-09-25,3783,3833,3683,3833,15690,2.21
189,2017-09-26,3850,3883,3750,3783,14263,-1.3
190,2017-09-27,3766,3850,3683,3683,11478,-2.64
191,2017-09-28,3733,3850,3733,3783,14341,2.72
192,2017-09-29,3831,3831,3615,3766,20863,-0.45
193,2017-10-10,3800,3850,3733,3833,15566,1.78
194,2017-10-11,3850,3966,3833,3883,20649,1.3
195,2017-10-12,3883,3933,3833,3883,8431,0.0
196,2017-10-13,3881,3881,3749,3866,17060,-0.44
197,2017-10-16,3833,3866,3666,3850,12063,-0.41
198,2017-10-17,3833,3916,3783,3900,7897,1.3
199,2017-10-18,3933,4033,3883,3950,15669,1.28
200,2017-10-19,3950,3950,3850,3933,16043,-0.43
201,2017-10-20,3900,4016,3866,3950,10153,0.43
202,2017-10-23,4000,4000,3900,3950,5422,0.0
203,2017-10-24,3981,3981,3849,3916,16630,-0.86
204,2017-10-25,3931,3931,3865,3916,7729,0.0
205,2017-10-26,3882,3965,3882,3966,13752,1.28
206,2017-10-27,3916,4566,3916,4250,93553,7.16
207,2017-10-30,4250,4450,4250,4400,36534,3.53
208,2017-10-31,4450,4466,4283,4350,19564,-1.14
209,2017-11-01,4450,4450,4266,4333,18671,-0.39
210,2017-11-02,4300,4333,4100,4300,18637,-0.76
211,2017-11-03,4331,4431,4232,4316,13261,0.37
212,2017-11-06,4216,4350,4216,4350,6834,0.79
213,2017-11-07,4283,4383,4283,4300,9587,-1.15
214,2017-11-08,4614,4714,4382,4416,82574,2.7
215,2017-11-09,4465,4465,4398,4466,16143,1.13
216,2017-11-10,4466,4483,4416,4433,16907,-0.74
217,2017-11-13,4481,4481,4365,4416,8699,-0.38
218,2017-11-14,4416,4450,4300,4383,15542,-0.75
219,2017-11-15,4383,4383,4250,4250,19793,-3.03
220,2017-11-16,4350,4350,3933,4200,28934,-1.18
221,2017-11-17,4200,4200,4033,4133,11867,-1.6
222,2017-11-20,4250,4250,4033,4100,7751,-0.8
223,2017-11-21,4150,4233,3933,4083,16259,-0.41
224,2017-11-22,4015,4215,3965,4216,11552,3.26
225,2017-11-23,4283,4433,4250,4300,22723,1.99
226,2017-11-24,4300,4416,4266,4333,10110,0.77
227,2017-11-27,4466,4466,4333,4383,18381,1.15
228,2017-11-28,4383,4533,4383,4383,24479,0.0
229,2017-11-29,4300,4566,4300,4500,18845,2.67
230,2017-11-30,4550,4666,4466,4533,27046,0.73
231,2017-12-01,4666,4666,4433,4550,13305,0.38
232,2017-12-04,4514,4597,4398,4416,16521,-2.95
233,2017-12-05,4432,4614,4365,4516,16850,2.26
234,2017-12-06,4515,4697,4498,4566,84544,1.11
235,2017-12-07,4798,5081,4698,4716,218668,3.29
236,2017-12-08,4783,4783,4450,4450,67841,-5.64
237,2017-12-11,4481,4531,4165,4316,31456,-3.01
238,2017-12-12,4582,4764,4498,4616,111661,6.95
239,2017-12-13,4616,4650,4516,4600,21355,-0.35
240,2017-12-14,4614,4631,4515,4566,13172,-0.74
241,2017-12-15,4583,4650,4533,4600,16318,0.74
242,2017-12-18,4616,4616,4516,4550,21375,-1.09
243,2017-12-19,4565,4631,4532,4566,25892,0.35
244,2017-12-20,4565,4614,4548,4566,20211,0.0
245,2017-12-21,4566,4566,4400,4450,29995,-2.54
246,2017-12-22,4533,4533,4433,4500,5861,1.12
247,2017-12-26,4650,4650,4466,4583,25610,1.84
248,2017-12-27,4600,4616,4500,4583,30255,0.0
249,2017-12-28,4600,4700,4533,4633,25702,1.09
250,2018-01-02,4665,4765,4615,4766,34148,2.87
251,2018-01-03,4798,4798,4632,4666,28512,-2.1
252,2018-01-04,4616,4716,4583,4583,22643,-1.78
253,2018-01-05,4600,4716,4583,4600,9608,0.37
254,2018-01-08,4633,4633,4500,4500,23860,-2.17
255,2018-01-09,4481,4564,4382,4466,12889,-0.76
256,2018-01-10,4514,4514,4382,4416,7947,-1.12
257,2018-01-11,4365,4465,4348,4466,9548,1.13
258,2018-01-12,4466,4483,4383,4450,9070,-0.36
259,2018-01-15,4383,4483,4383,4450,7876,0.0
260,2018-01-16,4383,4483,4383,4483,19819,0.74
261,2018-01-17,4547,4631,4382,4466,42020,-0.38
262,2018-01-18,4516,4516,4416,4483,8483,0.38
263,2018-01-19,4498,4581,4432,4516,21634,0.74
264,2018-01-22,4597,4597,4482,4566,16569,1.11
265,2018-01-23,4566,4566,4450,4550,13381,-0.35
266,2018-01-24,4515,4631,4482,4566,18504,0.35
267,2018-01-25,4566,4700,4566,4633,26771,1.47
268,2018-01-26,4631,4681,4498,4616,38078,-0.37
269,2018-01-29,4631,4664,4532,4566,22263,-1.08
270,2018-01-30,4516,4600,4466,4533,14870,-0.72
271,2018-01-31,4433,4500,4383,4450,18718,-1.83
272,2018-02-01,4432,4497,4398,4466,8325,0.36
273,2018-02-02,4400,4500,4400,4450,5569,-0.36
274,2018-02-05,4350,4433,4350,4383,4706,-1.51
275,2018-02-06,4233,4316,4083,4300,16997,-1.89
276,2018-02-07,4331,4331,4232,4266,4792,-0.79
277,2018-02-08,4281,4281,4132,4266,4809,0.0
278,2018-02-09,4166,4216,4100,4100,6603,-3.89
279,2018-02-12,4416,4416,4100,4233,7168,3.24
280,2018-02-13,4233,4283,4100,4200,3852,-0.78
281,2018-02-14,4232,4315,4115,4316,2437,2.76
282,2018-02-19,4347,4347,4165,4316,5000,0.0
283,2018-02-20,4333,4333,4200,4300,3800,-0.37
284,2018-02-21,4331,4331,4215,4266,4089,-0.79
285,2018-02-22,4350,4383,4183,4233,11151,-0.77
286,2018-02-23,4231,4297,4165,4216,1389,-0.4
287,2018-02-26,4216,4233,4000,4050,19062,-3.94
288,2018-02-27,4131,4131,3982,4016,6182,-0.84
289,2018-02-28,4198,4198,3999,4066,4868,1.25
290,2018-03-02,4100,4183,4000,4183,4916,2.88
291,2018-03-05,4116,4150,4100,4150,4139,-0.79
292,2018-03-06,4133,4150,4116,4150,5196,0.0
293,2018-03-07,4233,4233,4100,4100,9195,-1.2
294,2018-03-08,4183,4200,4100,4100,5596,0.0
295,2018-03-09,4116,4250,4116,4183,5619,2.02
296,2018-03-12,4666,4733,4283,4350,36019,3.99
297,2018-03-13,4331,4331,4232,4316,8553,-0.78
298,2018-03-14,4300,4450,4250,4450,17284,3.1
299,2018-03-15,4483,4533,4383,4500,19683,1.12
300,2018-03-16,4483,4533,4433,4500,19401,0.0
301,2018-03-19,4516,4516,4416,4500,10210,0.0
302,2018-03-20,4466,4583,4450,4583,10130,1.84
303,2018-03-21,4550,4583,4483,4583,6467,0.0
304,2018-03-22,4583,4666,4550,4600,9706,0.37
305,2018-03-23,4550,4600,4466,4583,7247,-0.37
306,2018-03-26,4566,4566,4450,4483,8658,-2.18
307,2018-03-27,4464,4481,4415,4416,2750,-1.49
308,2018-03-28,4516,4516,4400,4433,2810,0.38
309,2018-03-29,4514,4514,4315,4366,6692,-1.51
310,2018-03-30,4333,4416,4316,4383,1871,0.39
311,2018-04-02,4366,4366,4283,4283,3610,-2.28
312,2018-04-03,4266,4350,4250,4283,3673,0.0
313,2018-04-04,4364,4364,4215,4216,3265,-1.56
314,2018-04-05,4215,4297,4182,4266,4630,1.19
315,2018-04-06,4216,4350,4166,4333,5811,1.57
316,2018-04-09,4333,4366,4183,4283,7266,-1.15
317,2018-04-10,4200,4333,4200,4333,6213,1.17
318,2018-04-11,4250,4366,4200,4200,11244,-3.07
319,2018-04-12,4198,4564,4165,4316,17244,2.76
320,2018-04-13,4431,4431,4265,4316,7483,0.0
321,2018-04-16,4315,4331,4282,4316,8136,0.0
322,2018-04-17,4316,4333,4266,4283,7579,-0.76
323,2018-04-18,4500,4933,4400,4433,82527,3.5
324,2018-04-19,4466,4616,4466,4533,30716,2.26
325,2018-04-20,4565,4714,4498,4566,16821,0.73
326,2018-04-23,4515,4614,4482,4516,11468,-1.1
327,2018-04-24,4450,4550,4450,4533,5398,0.38
328,2018-04-25,4533,4550,4466,4483,3592,-1.1
329,2018-04-26,4332,4531,4332,4416,3866,-1.49
330,2018-04-27,4533,4533,4366,4450,3391,0.77
331,2018-04-30,4383,4483,4300,4433,4408,-0.38
332,2018-05-02,4282,4414,4198,4316,7457,-2.64
333,2018-05-03,4500,4500,4100,4233,15090,-1.92
334,2018-05-04,4566,4566,4166,4200,4765,-0.78
335,2018-05-08,4248,4248,3999,4066,8239,-3.19
336,2018-05-09,4049,4115,3999,4116,1846,1.23
337,2018-05-10,4114,4164,3915,4016,5090,-2.43
338,2018-05-11,4016,4066,3983,4050,4843,0.85
339,2018-05-14,4116,4250,4000,4033,18815,-0.42
340,2018-05-15,4064,4098,3965,4016,9490,-0.42
341,2018-05-16,4016,4016,3783,3950,30939,-1.64
342,2018-05-17,3949,4031,3882,4016,4924,1.67
343,2018-05-18,3966,4016,3833,3983,7392,-0.82
344,2018-05-21,3933,4050,3916,4000,4286,0.43
345,2018-05-23,3965,3998,3865,3966,13673,-0.85
346,2018-05-24,3966,3966,3866,3933,2889,-0.83
347,2018-05-25,3900,3900,3750,3833,16407,-2.54
348,2018-05-28,3783,3866,3700,3733,15465,-2.61
349,2018-05-29,3814,3831,3715,3766,19778,0.88
350,2018-05-30,3765,3781,3665,3766,4344,0.0
351,2018-05-31,3716,3766,3650,3733,5648,-0.88
352,2018-06-01,3700,3733,3650,3733,9656,0.0
353,2018-06-04,3750,3750,3650,3650,8756,-2.22
354,2018-06-05,3649,3765,3649,3766,5150,3.18
355,2018-06-07,3765,3865,3699,3866,4757,2.66
356,2018-06-08,3815,3865,3782,3866,966,0.0
357,2018-06-11,3816,3866,3800,3850,3781,-0.41
358,2018-06-12,3800,3866,3716,3833,3405,-0.44
359,2018-06-14,3833,4466,3833,3933,95600,2.61
360,2018-06-15,3900,4050,3883,4000,16279,1.7
361,2018-06-18,3983,4050,3850,3933,8803,-1.68
362,2018-06-19,3933,3933,3733,3733,5792,-5.09
363,2018-06-20,3800,3933,3683,3883,3486,4.02
364,2018-06-21,3881,3998,3849,3866,8285,-0.44
365,2018-06-22,3900,4000,3833,3933,8710,1.73
366,2018-06-25,3916,4016,3900,3983,13155,1.27
367,2018-06-26,3849,4064,3682,3966,14412,-0.43
368,2018-06-27,3833,3833,3733,3733,7988,-5.87
369,2018-06-28,3716,3833,3700,3800,7781,1.79
370,2018-06-29,3700,3916,3700,3833,3188,0.87
371,2018-07-02,3914,3931,3849,3866,7609,0.86
372,2018-07-03,3816,3866,3783,3833,6130,-0.85
373,2018-07-04,3732,3781,3682,3766,7801,-1.75
374,2018-07-05,3766,3766,3616,3750,8925,-0.42
375,2018-07-06,3666,3716,3600,3700,5144,-1.33
376,2018-07-09,3665,3681,3632,3666,3592,-0.92
377,2018-07-10,3665,3731,3582,3666,8870,0.0
378,2018-07-11,3731,3731,3615,3666,5644,0.0
379,2018-07-12,3700,3700,3633,3683,7540,0.46
380,2018-07-13,3698,3698,3599,3666,7784,-0.46
381,2018-07-16,3866,3866,3633,3683,4563,0.46
382,2018-07-17,3649,3714,3599,3666,9838,-0.46
383,2018-07-18,3633,3650,3583,3650,9541,-0.44
384,2018-07-19,3650,3650,3600,3633,1131,-0.47
385,2018-07-20,3582,3631,3565,3616,4295,-0.47
386,2018-07-23,3633,3633,3433,3583,8066,-0.91
387,2018-07-24,3583,3583,3450,3500,6217,-2.32
388,2018-07-25,3498,3498,3315,3316,16643,-5.26
389,2018-07-26,3366,3366,3283,3310,7451,-0.18
390,2018-07-27,3280,3306,3253,3273,12531,-1.12
391,2018-07-30,3272,3308,3212,3286,2608,0.4
392,2018-07-31,3284,3284,3219,3266,4779,-0.61
393,2018-08-01,3291,3291,3232,3246,7781,-0.61
394,2018-08-02,3244,3261,3232,3236,3472,-0.31
395,2018-08-03,3216,3293,3216,3263,6738,0.83
396,2018-08-06,3262,3331,3262,3326,6355,1.93
397,2018-08-07,3333,3333,3303,3323,1392,-0.09
398,2018-08-08,3330,3330,3270,3300,5314,-0.69
399,2018-08-09,3323,3323,3273,3300,2584,0.0
400,2018-08-10,3348,3348,3242,3266,3631,-1.03
401,2018-08-13,3266,3266,3176,3200,4730,-2.02
402,2018-08-14,3165,3321,3165,3236,1907,1.12
403,2018-08-16,3235,3288,3172,3246,804,0.31
404,2018-08-17,3246,3246,3106,3123,9872,-3.79
405,2018-08-20,3099,3228,3069,3136,5574,0.42
406,2018-08-21,3230,3533,3073,3240,40804,3.32
407,2018-08-22,3348,3348,3142,3166,32508,-2.28
408,2018-08-23,3173,3173,3133,3160,4154,-0.19
409,2018-08-24,3160,3176,3116,3143,4797,-0.54
410,2018-08-27,3142,3164,3115,3156,6005,0.41
411,2018-08-28,3214,3214,3105,3156,4854,0.0
412,2018-08-29,3194,3194,3115,3156,2413,0.0
413,2018-08-30,3173,3173,3123,3153,4780,-0.1
414,2018-08-31,3156,3156,3123,3153,2097,0.0
415,2018-09-03,3153,3196,3123,3153,4928,0.0
416,2018-09-04,3183,3183,3136,3163,3642,0.32
417,2018-09-05,3178,3264,3142,3176,14415,0.41
418,2018-09-06,3200,3200,3163,3190,1614,0.44
419,2018-09-07,3228,3228,3155,3196,8416,0.19
420,2018-09-10,3222,3284,3195,3236,8520,1.25
421,2018-09-11,3262,3298,3239,3266,5901,0.93
422,2018-09-12,3294,3294,3232,3266,4638,0.0
423,2018-09-13,3276,3276,3246,3263,3234,-0.09
424,2018-09-14,3223,3263,3213,3230,3192,-1.01
425,2018-09-17,3230,3260,3150,3213,3308,-0.53
426,2018-09-18,3216,3243,3166,3223,4557,0.31
427,2018-09-19,3221,3248,3179,3216,4246,-0.22
428,2018-09-20,3238,3238,3142,3216,12052,0.0
429,2018-09-21,3215,4164,3179,3316,546209,3.11
430,2018-09-27,3365,3531,3285,3416,67956,3.02
431,2018-09-28,3466,3466,3300,3350,31641,-1.93
432,2018-10-01,3400,3533,3333,3450,14514,2.99
433,2018-10-02,3449,4481,3449,3716,1194158,7.71
434,2018-10-04,3898,4164,3515,3516,531282,-5.38
435,2018-10-05,3515,4014,3349,3616,377651,2.84
436,2018-10-08,3683,4050,3600,3983,466533,10.15
437,2018-10-10,3966,4000,3733,3850,123971,-3.34
438,2018-10-11,3731,3798,3329,3366,164426,-12.57
439,2018-10-12,3286,3533,3200,3383,79321,0.51
440,2018-10-15,3382,3598,3332,3416,47349,0.98
441,2018-10-16,3414,3481,3332,3366,36772,-1.46
442,2018-10-17,3399,3481,3365,3466,38967,2.97
443,2018-10-18,3500,3583,3366,3483,29270,0.49
444,2018-10-19,3449,3465,3349,3466,17416,-0.49
445,2018-10-22,3466,3466,3383,3383,21007,-2.39
446,2018-10-23,3383,3433,3166,3183,42907,-5.91
447,2018-10-24,3183,3246,3100,3130,17513,-1.67
448,2018-10-25,3121,3121,2865,2946,32939,-5.88
449,2018-10-26,2893,2940,2666,2730,50309,-7.33
450,2018-10-29,2686,2840,2566,2663,30125,-2.45
451,2018-10-30,2550,2916,2550,2910,26496,9.28
452,2018-10-31,2883,3160,2883,3033,10238,4.23
453,2018-11-01,3093,3096,2960,2963,14570,-2.31
454,2018-11-02,3066,3066,2900,2990,15148,0.91
455,2018-11-05,2980,3066,2900,2963,6673,-0.9
456,2018-11-06,2986,3030,2890,2960,11528,-0.1
457,2018-11-07,2933,3060,2863,2923,25093,-1.25
458,2018-11-08,2974,3164,2839,2966,24059,1.47
459,2018-11-09,3030,3030,2916,2970,7029,0.13
460,2018-11-12,2939,3118,2939,3096,13972,4.24
461,2018-11-13,3043,3500,3043,3120,182820,0.78
462,2018-11-14,3116,3200,3050,3050,23024,-2.24
463,2018-11-15,3026,3056,2893,2950,40382,-3.28
464,2018-11-16,2983,2983,2866,2883,22046,-2.27
465,2018-11-19,2880,2916,2830,2863,32285,-0.69
466,2018-11-20,2840,2856,2766,2803,14719,-2.1
467,2018-11-21,2783,2830,2690,2800,55827,-0.11
468,2018-11-22,2808,2808,2709,2766,143328,-1.21
469,2018-11-23,2766,2790,2676,2723,14616,-1.55
470,2018-11-26,2741,2751,2695,2726,20573,0.11
471,2018-11-27,2713,2746,2663,2703,20868,-0.84
472,2018-11-28,2701,2714,2655,2676,25192,-1.0
473,2018-11-29,2710,2710,2670,2683,6375,0.26
474,2018-11-30,2693,2693,2676,2690,8392,0.26
475,2018-12-03,2711,2714,2655,2696,22847,0.22
476,2018-12-04,2694,2714,2649,2676,24809,-0.74
477,2018-12-05,2660,2660,2576,2623,36334,-1.98
478,2018-12-06,2656,2656,2530,2583,93534,-1.52
479,2018-12-07,2621,2621,2532,2576,38472,-0.27
480,2018-12-10,2502,2571,2459,2536,32285,-1.55
481,2018-12-11,2550,2550,2366,2420,57417,-4.57
482,2018-12-12,2433,2443,2393,2430,22449,0.41
483,2018-12-13,2420,2520,2376,2483,33322,2.18
484,2018-12-14,2483,2556,2403,2433,12170,-2.01
485,2018-12-17,2390,2470,2366,2403,30380,-1.23
486,2018-12-18,2393,2483,2353,2483,21390,3.33
487,2018-12-19,2483,2606,2466,2510,85420,1.09
488,2018-12-20,2510,2553,2466,2523,10892,0.52
489,2018-12-21,2523,2650,2516,2633,12137,4.36
490,2018-12-24,2575,2601,2539,2596,7077,-1.41
491,2018-12-26,2548,2581,2499,2536,8671,-2.31
492,2018-12-27,2536,2630,2536,2590,4115,2.13
493,2018-12-28,2590,2630,2533,2620,3671,1.16
494,2019-01-02,2620,2673,2583,2623,13062,0.11
495,2019-01-03,2621,2658,2575,2576,9079,-1.79
496,2019-01-04,2580,2640,2533,2633,10683,2.21
497,2019-01-07,2632,2774,2605,2716,37101,3.15
498,2019-01-08,2756,2790,2693,2720,25809,0.15
499,2019-01-09,2720,2880,2720,2870,23591,5.51
500,2019-01-10,2898,2904,2822,2856,12230,-0.49
501,2019-01-11,2856,2910,2840,2870,6854,0.49
502,2019-01-14,2931,2931,2765,2826,14497,-1.53
503,2019-01-15,2826,2923,2773,2860,17644,1.2
504,2019-01-16,2933,2963,2860,2870,11016,0.35
505,2019-01-17,2926,3000,2853,2930,15716,2.09
506,2019-01-18,2893,2990,2893,2923,2590,-0.24
507,2019-01-21,2971,2971,2895,2896,8854,-0.92
508,2019-01-22,2853,2933,2766,2840,11977,-1.93
509,2019-01-23,2775,2861,2775,2856,8455,0.56
510,2019-01-24,2833,2923,2833,2903,4267,1.65
511,2019-01-25,2962,2991,2882,2976,12710,2.51
512,2019-01-28,3000,3033,2953,2993,17668,0.57
513,2019-01-29,3020,3020,2933,2950,11194,-1.44
514,2019-01-30,2954,3024,2902,2936,12676,-0.47
515,2019-01-31,2940,3013,2870,2910,3054,-0.89
516,2019-02-01,2940,2953,2866,2913,9516,0.1
517,2019-02-07,2916,3066,2913,3020,31866,3.67
518,2019-02-08,3029,3091,3019,3046,19444,0.86
519,2019-02-11,3093,3093,3030,3063,12566,0.56
520,2019-02-12,3061,3098,3015,3056,57167,-0.23
521,2019-02-13,3093,3583,3093,3550,456472,16.16
522,2019-02-14,3516,4183,3500,3750,847387,5.63
523,2019-02-15,3766,3816,3483,3533,165068,-5.79
524,2019-02-18,3550,3650,3416,3450,117798,-2.35
525,2019-02-19,3450,3500,3310,3350,184405,-2.9
526,2019-02-20,3366,3433,3333,3400,99189,1.49
527,2019-02-21,3414,3448,3199,3296,105163,-3.06
528,2019-02-22,3265,3325,3232,3326,34276,0.91
529,2019-02-25,3332,3381,3289,3366,36509,1.2
530,2019-02-26,3306,3350,3080,3203,75339,-4.84
531,2019-02-27,3254,3254,3159,3216,18314,0.41
532,2019-02-28,3216,3250,3000,3140,45787,-2.36
533,2019-03-04,3164,3171,3115,3156,13818,0.51
534,2019-03-05,3156,3186,3070,3143,19755,-0.41
535,2019-03-06,3146,3180,3113,3180,12897,1.18
536,2019-03-07,3182,3348,3182,3326,117493,4.59
537,2019-03-08,3324,3324,3245,3266,16699,-1.8
538,2019-03-11,3323,3323,3153,3173,21173,-2.85
539,2019-03-12,3206,3226,3146,3203,7626,0.95
540,2019-03-13,3223,3236,3156,3223,13981,0.62
541,2019-03-14,3253,3300,3223,3283,16504,1.86
542,2019-03-15,3316,3320,3160,3263,21851,-0.61
543,2019-03-18,3266,3300,3233,3293,18710,0.92
544,2019-03-19,3283,3366,3250,3350,42130,1.73
545,2019-03-20,3333,3350,3286,3333,29060,-0.51
546,2019-03-21,3333,3500,3310,3323,86576,-0.3
547,2019-03-22,3450,3633,3383,3600,243065,8.34
548,2019-03-25,3566,3833,3483,3600,231027,0.0
549,2019-03-26,3599,3814,3532,3766,152074,4.61
550,2019-03-27,3831,3898,3699,3766,185466,0.0
551,2019-03-28,3748,3764,3599,3616,55173,-3.98
552,2019-03-29,3666,3666,3466,3583,36171,-0.91
553,2019-04-01,3583,3900,3566,3683,71966,2.79
554,2019-04-02,3683,4000,3683,3950,143831,7.25
555,2019-04-03,3966,4050,3866,3950,70342,0.0
556,2019-04-04,3949,4431,3915,4266,239728,8.0
557,2019-04-05,4233,4566,4200,4550,103836,6.66
558,2019-04-08,4500,4566,4383,4550,37513,0.0
559,2019-04-09,4548,4898,4465,4716,84250,3.65
560,2019-04-10,4666,4783,4600,4700,38423,-0.34
561,2019-04-11,4666,4700,4466,4500,56523,-4.26
562,2019-04-12,4533,4583,4333,4433,39062,-1.49
563,2019-04-15,4416,4450,4183,4283,59953,-3.38
564,2019-04-16,4265,4331,4132,4266,24891,-0.4
565,2019-04-17,4266,4633,4250,4633,73588,8.6
566,2019-04-18,4597,4681,4432,4466,38777,-3.6
567,2019-04-19,4432,4631,4398,4466,14030,0.0
568,2019-04-22,4550,4550,4250,4283,34966,-4.1
569,2019-04-23,4281,4297,4082,4166,61654,-2.73
570,2019-04-24,4166,4200,4066,4100,23823,-1.58
571,2019-04-25,4100,4100,3933,3950,21437,-3.66
572,2019-04-26,3950,3950,3616,3683,95600,-6.76
573,2019-04-29,3782,3998,3749,3966,90075,7.68
574,2019-04-30,3965,4065,3932,4066,39953,2.52
575,2019-05-02,4065,4081,3982,4066,17630,0.0
576,2019-05-03,4048,4081,3932,4016,25086,-1.23
577,2019-05-07,3865,3998,3865,3966,10657,-1.25
578,2019-05-08,3966,3983,3750,3800,30030,-4.19
579,2019-05-09,3850,3850,3516,3533,60159,-7.03
580,2019-05-10,3550,3833,3533,3750,52468,6.14
581,2019-05-13,3900,4283,3750,3933,102468,4.88
582,2019-05-14,3866,4083,3733,4083,24610,3.81
583,2019-05-15,4082,4381,3965,4166,67311,2.03
584,2019-05-16,4200,4266,4050,4150,27822,-0.38
585,2019-05-17,4183,4300,4016,4050,35205,-2.41
586,2019-05-20,3998,4114,3849,3916,21726,-3.31
587,2019-05-21,3849,4098,3832,4016,17877,2.55
588,2019-05-22,4031,4064,3865,4016,31831,0.0
589,2019-05-23,3999,4098,3932,4016,17253,0.0
590,2019-05-24,3966,4066,3950,4050,17950,0.85
591,2019-05-27,4065,4214,3982,4066,22693,0.4
592,2019-05-28,4066,4133,4000,4050,21251,-0.39
593,2019-05-29,4050,4050,3950,3983,7416,-1.65
594,2019-05-30,3982,4115,3915,4116,16423,3.34
595,2019-05-31,4098,4147,4065,4116,21494,0.0
596,2019-06-03,4115,4231,4049,4166,34139,1.21
597,2019-06-04,4100,4216,4100,4183,29968,0.41
598,2019-06-05,4233,4266,4133,4250,52275,1.6
599,2019-06-07,4316,4433,4183,4400,43174,3.53
600,2019-06-10,4431,4564,4382,4416,50531,0.36
601,2019-06-11,4416,4483,4233,4333,44460,-1.88
602,2019-06-12,4332,4481,4215,4466,50140,3.07
603,2019-06-13,4481,4547,4365,4366,26475,-2.24
604,2019-06-14,4433,4666,4400,4533,75379,3.83
605,2019-06-17,4531,4564,4415,4466,22207,-1.48
606,2019-06-18,4466,4566,4216,4233,50278,-5.22
607,2019-06-19,4400,4400,4166,4233,42194,0.0
608,2019-06-20,4433,4433,4166,4300,23411,1.58
609,2019-06-21,4297,4397,4132,4266,63827,-0.79
610,2019-06-24,4248,4381,4198,4266,22900,0.0
611,2019-06-25,4266,4333,4233,4333,25384,1.57
612,2019-06-26,4333,4366,4216,4233,8780,-2.31
613,2019-06-27,4183,4266,4100,4100,15178,-3.14
614,2019-06-28,4082,4165,3932,4166,28633,1.61
615,2019-07-01,4233,4233,4050,4100,10220,-1.58
616,2019-07-02,4083,4133,3933,3933,21823,-4.07
617,2019-07-03,3981,4031,3899,3916,6857,-0.43
618,2019-07-04,3998,3998,3815,3866,22703,-1.28
619,2019-07-05,3800,3900,3800,3900,8848,0.88
620,2019-07-08,3900,3933,3733,3800,14979,-2.56
621,2019-07-09,3798,3831,3715,3766,4795,-0.89
622,2019-07-10,3766,3933,3750,3800,5176,0.9
623,2019-07-11,3833,3866,3783,3833,4988,0.87
624,2019-07-12,3883,3883,3700,3733,12956,-2.61
625,2019-07-15,3766,3766,3566,3633,19633,-2.68
626,2019-07-16,3566,3750,3566,3700,10228,1.84
627,2019-07-17,3664,3664,3415,3466,27504,-6.32
628,2019-07-18,3466,3500,3323,3323,50139,-4.13
629,2019-07-19,3350,3466,3323,3333,28368,0.3
630,2019-07-22,3332,3365,3305,3366,9450,0.99
631,2019-07-23,3366,3416,3306,3400,10785,1.01
632,2019-07-24,3383,3400,3250,3350,33216,-1.47
633,2019-07-25,3348,3348,3215,3316,7250,-1.01
634,2019-07-26,3306,3306,3133,3183,26271,-4.01
635,2019-07-29,3123,3133,2836,2933,46045,-7.85
636,2019-07-30,2930,3050,2920,3033,7660,3.41
637,2019-07-31,3032,3174,2969,3086,6483,1.75
638,2019-08-01,3060,3333,3040,3300,21694,6.93
639,2019-08-02,3300,3366,3270,3333,18587,1.0
640,2019-08-05,3276,3350,3006,3230,34226,-3.09
641,2019-08-06,3133,3230,3006,3063,37916,-5.17
642,2019-08-07,3080,3200,3036,3143,10605,2.61
643,2019-08-08,3116,3333,3083,3323,13558,5.73
644,2019-08-09,3329,3431,3282,3416,13673,2.8
645,2019-08-12,3483,3583,3323,3350,27504,-1.93
646,2019-08-13,3326,3416,3276,3303,20467,-1.4
647,2019-08-14,3305,3365,3265,3366,11881,1.91
648,2019-08-16,3383,3383,3236,3383,11882,0.51
649,2019-08-19,3383,3383,3250,3333,19500,-1.48
650,2019-08-20,3281,3331,3232,3266,13826,-2.01
651,2019-08-21,3316,3316,3203,3253,15746,-0.4
652,2019-08-22,3271,3274,3209,3246,6994,-0.22
653,2019-08-23,3246,3300,3006,3293,30414,1.45
654,2019-08-26,3175,3265,3102,3266,8016,-0.82
655,2019-08-27,3300,3323,3150,3200,7368,-2.02
656,2019-08-28,3200,3243,3140,3243,3766,1.34
657,2019-08-29,3243,3246,3200,3200,3179,-1.33
658,2019-08-30,3185,3244,3179,3196,2459,-0.12
659,2019-09-02,3196,3350,3130,3350,21087,4.82
660,2019-09-03,3366,3366,3193,3243,28860,-3.19
661,2019-09-04,3239,3324,3185,3276,15389,1.02
662,2019-09-05,3316,4066,3303,3750,570590,14.47
663,2019-09-06,3766,4033,3616,4033,189798,7.55
664,2019-09-09,3966,4366,3966,4183,151559,3.72
665,2019-09-10,4183,4483,4150,4250,166232,1.6
666,2019-09-11,4398,4781,4248,4666,406620,9.79
667,2019-09-16,5100,5133,4266,4633,780659,-0.71
668,2019-09-17,4583,4583,4250,4400,174834,-5.03
669,2019-09-18,4366,4466,4266,4283,105655,-2.66
670,2019-09-19,4332,4447,4315,4366,76221,1.94
671,2019-09-20,4447,4547,4315,4416,81201,1.15
672,2019-09-23,4433,4483,4133,4233,104494,-4.14
673,2019-09-24,4233,4533,4200,4483,95675,5.91
674,2019-09-25,4448,4531,4398,4516,49671,0.74
675,2019-09-26,4532,4565,4432,4566,45578,1.11
676,2019-09-27,4600,4616,4433,4583,43432,0.37
677,2019-09-30,4566,4950,4500,4750,130435,3.64
678,2019-10-01,4732,5564,4715,5516,414957,16.13
679,2019-10-02,5414,5498,5115,5116,134166,-7.25
680,2019-10-04,5114,5264,4849,4866,96895,-4.89
681,2019-10-07,4883,4966,4666,4783,94505,-1.71
682,2019-10-08,4799,6214,4782,5666,780357,18.46
683,2019-10-10,5583,5833,5566,5600,127877,-1.16
684,2019-10-11,5699,6514,5615,5816,421538,3.86
685,2019-10-14,5816,6033,5816,5900,59986,1.44
686,2019-10-15,5950,6183,5783,6100,87190,3.39
687,2019-10-16,6098,6448,5499,5866,184563,-3.84
688,2019-10-17,5765,5914,5615,5866,47764,0.0
689,2019-10-18,5848,5914,5599,5666,68622,-3.41
690,2019-10-21,5550,5650,5016,5333,83934,-5.88
691,2019-10-22,5398,5398,4465,4666,183709,-12.51
692,2019-10-23,4716,4716,4350,4500,172198,-3.56
693,2019-10-24,4566,4816,4433,4750,68628,5.56
694,2019-10-25,4716,5633,4716,5333,192681,12.27
695,2019-10-28,5316,5600,5033,5150,76480,-3.43
696,2019-10-29,5150,5466,5000,5000,74514,-2.91
697,2019-10-30,4914,4914,4482,4816,249794,-3.68
698,2019-10-31,4800,5100,4300,4300,471682,-10.71
699,2019-11-01,4266,4516,4216,4483,156912,4.26
700,2019-11-04,4497,4531,3999,4116,243511,-8.19
701,2019-11-05,4116,4333,4033,4300,163417,4.47
702,2019-11-06,4300,4800,4250,4633,212935,7.74
703,2019-11-07,4665,4898,4565,4816,182975,3.95
704,2019-11-08,4850,4933,4650,4833,190829,0.35
705,2019-11-11,4816,4883,4350,4633,309771,-4.14
706,2019-11-12,4766,4983,4600,4800,300826,3.6
707,2019-11-13,4866,5166,4800,5150,292265,7.29
708,2019-11-14,5133,5200,4933,4983,150946,-3.24
709,2019-11-15,4947,4981,4715,4816,114084,-3.35
710,2019-11-18,4781,4881,4482,4666,142251,-3.11
711,2019-11-19,4631,4631,4182,4266,154145,-8.57
712,2019-11-20,4232,4497,4115,4266,95613,0.0
713,2019-11-21,4331,4331,4049,4066,71707,-4.69
714,2019-11-22,4116,4883,4066,4633,324585,13.94
715,2019-11-25,4666,4900,4616,4750,153278,2.53
716,2019-11-26,4748,4998,4665,4916,172982,3.49
717,2019-11-27,4916,5050,4516,4633,160259,-5.76
718,2019-11-28,4632,5047,4632,4816,222287,3.95
719,2019-11-29,4799,5264,4749,5166,274146,7.27
720,2019-12-02,5050,5216,4566,4700,353277,-9.02
721,2019-12-03,4700,4816,4583,4683,83949,-0.36
722,2019-12-04,4615,4964,4615,4716,141617,0.7
723,2019-12-05,4747,4831,4398,4616,123687,-2.12
724,2019-12-06,4548,4697,4482,4666,63942,1.08
725,2019-12-09,4665,4831,4565,4666,92080,0.0
726,2019-12-10,4616,4683,4433,4633,103224,-0.71
727,2019-12-11,4650,4700,4433,4433,185934,-4.32
728,2019-12-12,4450,4500,4283,4433,121802,0.0
729,2019-12-13,4481,4531,4348,4366,93272,-1.51
730,2019-12-16,4366,4533,4333,4500,50111,3.07
731,2019-12-17,4532,4814,4498,4766,218235,5.91
732,2019-12-18,4747,4764,4615,4666,103749,-2.1
733,2019-12-19,4681,4731,4282,4366,207214,-6.43
734,2019-12-20,4365,4497,4315,4466,110518,2.29
735,2019-12-23,4466,4733,4350,4733,106311,5.98
736,2019-12-24,4733,4816,4533,4700,151789,-0.7
737,2019-12-26,4700,5050,4650,4733,269045,0.7
738,2019-12-27,4665,4731,4148,4666,579083,-1.42
739,2019-12-30,4583,4650,4433,4550,142389,-2.49
740,2020-01-02,4633,5450,4633,5233,728039,15.01
741,2020-01-03,5333,5483,5200,5483,296004,4.78
742,2020-01-06,5614,6631,4665,4866,2294802,-11.25
743,2020-01-07,4933,5116,4216,4333,2170309,-10.95
744,2020-01-08,4233,4250,3950,3950,577423,-8.84
745,2020-01-09,4100,4283,4016,4050,281472,2.53
746,2020-01-10,4083,4166,4066,4133,91084,2.05
747,2020-01-13,4150,4182,4000,4083,113122,-1.21
748,2020-01-14,4066,4450,4066,4400,352916,7.76
749,2020-01-15,4483,4833,4433,4833,402398,9.84
750,2020-01-16,5000,5200,4683,4933,463643,2.07
751,2020-01-17,4933,5233,4883,5183,251539,5.07
752,2020-01-20,5249,5581,5232,5466,426221,5.46
753,2020-01-21,5416,5566,5366,5500,110017,0.62
754,2020-01-22,5600,5600,4783,5300,355116,-3.64
755,2020-01-23,5331,5447,5199,5316,76401,0.3
756,2020-01-28,5100,5650,5033,5283,207508,-0.62
757,2020-01-29,5300,5433,5216,5250,87299,-0.62
758,2020-01-30,5250,5250,4950,5200,120186,-0.95
759,2020-01-31,5016,5183,4883,5083,135557,-2.25
760,2020-02-03,4916,5633,4816,5383,175741,5.9
761,2020-02-04,5414,5498,5082,5316,111183,-1.24
762,2020-02-05,5300,5383,5166,5300,75166,-0.3
763,2020-02-06,5298,5498,5182,5266,77929,-0.64
764,2020-02-07,5316,5450,5266,5450,92118,3.49
765,2020-02-10,5665,7081,5415,6766,2776526,24.15
766,2020-02-11,7098,7398,6615,6866,952518,1.48
767,2020-02-12,6882,8915,6732,8916,2236632,29.86
768,2020-02-13,9098,9614,8465,8666,1026019,-2.8
769,2020-02-14,8183,9650,7916,8833,876089,1.93
770,2020-02-17,8965,10398,8899,9666,861010,9.43
771,2020-02-18,9632,10064,9515,9866,253297,2.07
772,2020-02-19,9866,10066,9416,9900,201994,0.34
773,2020-02-20,9666,9666,8700,9200,317466,-7.07
774,2020-02-21,8766,9400,8750,9000,152741,-2.17
775,2020-02-24,8733,8849,8233,8333,163532,-7.41
776,2020-02-25,8065,8948,8032,8916,150610,7.0
777,2020-02-26,8766,8900,8500,8500,101488,-4.67
778,2020-02-27,8350,10066,8283,8383,508889,-1.38
779,2020-02-28,8049,8650,8033,8383,116745,0.0
780,2020-03-02,8549,9149,8416,9133,132881,8.95
781,2020-03-03,9333,9683,8716,8933,168370,-2.19
782,2020-03-04,8850,9366,8783,9100,128864,1.87
783,2020-03-05,9283,10100,9133,10083,298213,10.8
784,2020-03-06,9899,10881,9765,10266,358285,1.81
785,2020-03-09,9998,10331,9632,9716,165578,-5.36
786,2020-03-10,9333,9983,8899,9933,232576,2.23
787,2020-03-11,10000,10266,9533,9783,161872,-1.51
788,2020-03-12,9500,9799,9066,9150,155783,-6.47
789,2020-03-13,8265,8664,6999,8566,285075,-6.38
790,2020-03-16,8614,8981,7315,7316,226251,-14.59
791,2020-03-17,6665,7665,6665,7133,279546,-2.5
792,2020-03-18,7231,8164,7165,7166,313056,0.46
793,2020-03-19,7531,7864,6049,6516,303269,-9.07
794,2020-03-20,6698,7481,6698,7316,183342,12.28
795,2020-03-23,6833,6966,6600,6733,113298,-7.97
796,2020-03-24,7249,7500,6916,7500,143034,11.39
797,2020-03-25,7833,7965,7533,7783,123022,3.77
798,2020-03-26,7933,8549,7616,8333,127352,7.07
799,2020-03-27,8666,9083,8266,9083,152535,9.0
800,2020-03-30,8999,9666,8900,9383,147587,3.3
801,2020-03-31,10831,10998,9932,10266,222412,9.41
802,2020-04-01,10416,10583,9933,9933,72255,-3.24
803,2020-04-02,9833,10333,8999,9483,122157,-4.53
804,2020-04-03,9416,9583,8616,8983,138343,-5.27
805,2020-04-06,8966,9849,8783,9833,112430,9.46
806,2020-04-07,9966,10050,9600,9800,96915,-0.34
807,2020-04-08,9731,9881,9532,9666,75526,-1.37
808,2020-04-09,9732,10014,9715,9766,61466,1.03
809,2020-04-10,9766,11000,9700,11000,223910,12.64
810,2020-04-13,10899,11848,10799,11166,239944,1.51
811,2020-04-14,10933,11650,10666,11583,116801,3.73
812,2020-04-16,11482,11881,11099,11566,83270,-0.15
813,2020-04-17,11583,13216,11549,12983,269615,12.25
814,2020-04-20,12900,13700,12416,12550,166908,-3.34
815,2020-04-21,12299,13114,11799,12716,182167,1.32
816,2020-04-22,12515,12831,12249,12666,74065,-0.39
817,2020-04-23,12666,13683,12666,13250,120150,4.61
818,2020-04-24,13216,13450,12166,12200,196950,-7.92
819,2020-04-27,11699,12482,11666,12050,130761,-1.23
820,2020-04-28,12032,12965,11832,12966,122486,7.6
821,2020-04-29,13166,14900,13133,13600,282047,4.89
822,2020-05-04,13716,15233,13616,15100,220212,11.03
823,2020-05-06,15533,18166,15466,16300,655377,7.95
824,2020-05-07,16583,17266,16333,16600,195739,1.84
825,2020-05-08,16700,18600,16666,18433,238052,11.04
826,2020-05-11,18900,19166,18033,18333,162849,-0.54
827,2020-05-12,18566,19600,18366,19533,176681,6.55
828,2020-05-13,19300,21166,19300,21000,247014,7.51
829,2020-05-14,21333,23800,21000,23800,298054,13.33
830,2020-05-15,24164,24798,16665,16666,1198844,-29.97
831,2020-05-18,15783,16666,14149,14800,834029,-11.2
832,2020-05-19,15166,16333,15166,16000,403805,8.11
833,2020-05-20,18800,20300,17050,18800,1463861,17.5
834,2020-05-21,19300,20300,18550,19750,402963,5.05
835,2020-05-22,19550,25000,19450,23650,1161194,19.75
836,2020-05-25,23700,24950,21700,24150,503236,2.11
837,2020-05-26,23600,24449,22950,24300,219637,0.62
838,2020-05-27,24350,25799,24000,24900,255680,2.47
839,2020-05-28,25150,25600,23000,23200,255066,-6.83
840,2020-05-29,23000,23800,21350,22000,216225,-5.17
841,2020-06-01,22400,23200,21500,22250,130839,1.14
842,2020-06-02,22600,22600,20750,21100,189107,-5.17
843,2020-06-03,21400,21450,20150,20300,129510,-3.79
844,2020-06-04,20300,20450,18700,19750,189160,-2.71
845,2020-06-05,19650,20600,18200,18500,237837,-6.33
846,2020-06-08,18500,20800,17500,20500,324512,10.81
847,2020-06-09,20600,20650,18850,19150,218313,-6.59
848,2020-06-10,17200,19950,17100,19950,1062995,4.18
849,2020-06-11,20550,20650,18350,18900,588325,-5.26
850,2020-06-12,17500,18250,17450,17750,420961,-6.08
851,2020-06-15,17600,17650,15150,15250,602023,-14.08
852,2020-06-16,16000,16500,15749,16300,251227,6.89
853,2020-06-17,15800,16300,15250,15600,291548,-4.29
854,2020-06-18,15800,17300,15500,16700,386607,7.05
855,2020-06-19,16700,17550,16650,16850,255477,0.9
856,2020-06-22,17050,17700,17000,17550,179399,4.15
857,2020-06-23,17700,17800,16700,16800,183295,-4.27
858,2020-06-24,16650,17050,16100,16100,201117,-4.17
859,2020-06-25,16000,16200,14800,15250,308949,-5.28
860,2020-06-26,15600,15600,14600,14850,215053,-2.62
861,2020-06-29,14850,15200,13800,13850,243360,-6.73
862,2020-06-30,14000,15800,14000,14900,473656,7.58
863,2020-07-01,14950,14950,13299,13450,346822,-9.73
864,2020-07-02,13650,14400,13450,14150,306744,5.2
865,2020-07-03,13950,14750,13600,14350,179598,1.41
866,2020-07-06,14350,14850,14000,14400,172154,0.35
867,2020-07-07,14250,14400,13749,13900,150205,-3.47
868,2020-07-08,13900,14000,13150,13450,186054,-3.24
869,2020-07-09,13250,13450,12700,12800,444544,-4.83
870,2020-07-10,12850,16500,12400,15900,1883408,24.22
871,2020-07-13,15850,17400,15450,16600,609388,4.4
872,2020-07-14,16550,17000,15600,16000,261758,-3.61
873,2020-07-15,16300,16400,15250,15500,209756,-3.12
874,2020-07-16,15600,16750,14850,15800,226634,1.94
875,2020-07-17,15600,18200,15600,17600,889720,11.39
876,2020-07-20,17450,17500,16950,17100,184751,-2.84
877,2020-07-21,17000,17900,16700,17550,290660,2.63
878,2020-07-22,17450,19250,17100,18250,648518,3.99
879,2020-07-23,18000,19200,18000,18250,231460,0.0
880,2020-07-24,18250,18450,17350,17350,226165,-4.93
881,2020-07-27,17250,18200,16800,17900,164002,3.17
882,2020-07-28,17900,18400,17400,17600,119684,-1.68
883,2020-07-29,17400,17600,16950,16950,114131,-3.69
884,2020-07-30,16950,17500,16800,16800,93544,-0.88
885,2020-07-31,17100,17100,16500,16800,80538,0.0
886,2020-08-03,16900,17400,16350,17300,146318,2.98
887,2020-08-04,17300,17650,16800,16900,136859,-2.31
888,2020-08-05,16900,17100,16450,16650,149414,-1.48
889,2020-08-06,16650,16700,15899,16150,163220,-3.0
890,2020-08-07,16100,16150,15350,15400,210411,-4.64
891,2020-08-10,15400,16299,15000,16150,225972,4.87
892,2020-08-11,15850,17750,15850,17600,466319,8.98
893,2020-08-12,17350,17550,16550,17250,238055,-1.99
894,2020-08-13,17400,17450,16400,16500,219032,-4.35
895,2020-08-14,16500,16600,15600,15750,144785,-4.55
896,2020-08-18,15650,15900,14600,14800,206986,-6.03
897,2020-08-19,14800,15500,14800,15300,96514,3.38
898,2020-08-20,15050,15200,14150,14250,211723,-6.86
899,2020-08-21,14250,14550,13950,14150,124939,-0.7
900,2020-08-24,14150,14450,13800,14250,95685,0.71
901,2020-08-25,14250,14499,13900,14450,120195,1.4
902,2020-08-26,14700,14700,13900,14000,112512,-3.11
903,2020-08-27,14000,14100,13000,13400,189460,-4.29
904,2020-08-28,13150,14450,13150,13400,178239,0.0
905,2020-08-31,13450,14000,13200,13500,93699,0.75
906,2020-09-01,13500,14700,13500,14400,192255,6.67
907,2020-09-02,14400,15300,14300,14300,171227,-0.69
908,2020-09-03,14450,14749,14200,14300,99048,0.0
909,2020-09-04,13550,14299,13550,13950,140268,-2.45
910,2020-09-07,14150,14750,13700,14200,117422,1.79
911,2020-09-08,14250,14800,14050,14450,114625,1.76
912,2020-09-09,14400,14400,13900,13900,80739,-3.81
913,2020-09-10,13950,14350,13850,14000,50955,0.72
914,2020-09-11,14000,14100,13750,13750,101176,-1.79
915,2020-09-14,14100,15150,13750,14900,279055,8.36
916,2020-09-15,15000,15500,14800,14850,199579,-0.34
917,2020-09-16,14850,16700,14500,16000,664662,7.74
918,2020-09-17,15750,16150,15350,16050,205836,0.31
919,2020-09-18,16000,16300,15900,16100,125836,0.31
920,2020-09-21,16100,16400,15700,15950,110693,-0.93
921,2020-09-22,15950,15950,14899,15050,125407,-5.64
922,2020-09-23,15100,15900,14800,15600,134392,3.65
923,2020-09-24,15499,15499,14500,14950,119960,-4.17
924,2020-09-25,15299,15699,14899,15450,126738,3.34
925,2020-09-28,15699,16150,15450,15850,127062,2.59
926,2020-09-29,16000,17500,15950,17150,572230,8.2
927,2020-10-05,17000,17250,16700,17050,172920,-0.58
928,2020-10-06,17100,18000,16900,18000,339548,5.57
929,2020-10-07,17800,19500,17450,19050,742646,5.83
930,2020-10-08,19300,22200,18850,21300,1493765,11.81
931,2020-10-12,21300,22000,20150,20550,468457,-3.52
932,2020-10-13,20550,21600,20500,21100,361317,2.68
933,2020-10-14,21100,21100,19300,19350,361163,-8.29
934,2020-10-15,19100,19300,17600,18700,438321,-3.36
935,2020-10-16,18600,18750,16600,17100,363019,-8.56
936,2020-10-19,17100,18650,17100,17900,317289,4.68
937,2020-10-20,17800,19000,17350,18700,242276,4.47
938,2020-10-21,18400,19400,18150,18750,177660,0.27
939,2020-10-22,18750,18950,17800,17850,126635,-4.8
940,2020-10-23,17550,17800,17150,17500,144780,-1.96
941,2020-10-26,17300,17700,16200,16500,236901,-5.71
942,2020-10-27,16200,17200,16150,16550,137082,0.3
943,2020-10-28,16300,17500,16300,17350,133925,4.83
944,2020-10-29,16800,17100,16600,17050,111340,-1.73
945,2020-10-30,16900,17200,16200,16300,102593,-4.4
946,2020-11-02,16299,16500,15899,16350,97040,0.31
947,2020-11-03,16400,17000,16349,16600,94153,1.53
948,2020-11-04,16750,16750,16100,16350,101113,-1.51
949,2020-11-05,16600,16900,16350,16900,58476,3.36
950,2020-11-06,16850,17150,16500,16500,102086,-2.37
951,2020-11-09,16750,17500,16650,17300,87518,4.85
952,2020-11-10,17500,18850,17400,18050,281406,4.34
953,2020-11-11,18050,19400,18000,18500,274001,2.49
954,2020-11-12,18500,18750,17800,18000,112367,-2.7
955,2020-11-13,17900,18250,17500,18000,101693,0.0
956,2020-11-16,17750,18300,17650,17900,130887,-0.56
957,2020-11-17,17950,18000,17150,17500,130549,-2.23
958,2020-11-18,17750,18250,17650,18000,94980,2.86
959,2020-11-19,18000,18150,17600,17800,71934,-1.11
960,2020-11-20,17850,18000,17600,17650,63401,-0.84
961,2020-11-23,17650,17650,17150,17150,86765,-2.83
962,2020-11-24,17150,17750,17100,17250,99977,0.58
963,2020-11-25,17250,17400,16600,16900,135810,-2.03
964,2020-11-26,17050,17150,16650,16900,71504,0.0
965,2020-11-27,16950,17900,16900,17800,92156,5.33
966,2020-11-30,17950,18350,17550,17800,120870,0.0
967,2020-12-01,17950,19400,17650,19400,228225,8.99
968,2020-12-02,19750,20400,18750,19400,374416,0.0
969,2020-12-03,19450,19550,18700,19200,156322,-1.03
970,2020-12-04,19150,19850,18350,19850,268567,3.39
971,2020-12-07,19700,21350,19100,20650,475021,4.03
972,2020-12-08,20700,21250,20200,20350,346926,-1.45
973,2020-12-09,20400,21150,20150,20300,196191,-0.25
974,2020-12-10,20250,20400,19600,20350,194413,0.25
975,2020-12-11,20350,20400,19850,20300,145980,-0.25
976,2020-12-14,20400,21500,19900,20750,315749,2.22
977,2020-12-15,20750,21500,20600,20800,173605,0.24
978,2020-12-16,20950,21150,19750,19800,290215,-4.81
979,2020-12-17,19850,20050,18950,19000,241863,-4.04
980,2020-12-18,19300,19750,18900,19000,193560,0.0
981,2020-12-21,19000,19550,18650,19350,216447,1.84
982,2020-12-22,19350,19600,18700,19000,156214,-1.81
983,2020-12-23,18950,19400,18500,18500,125118,-2.63
984,2020-12-24,18700,19050,18200,18300,200016,-1.08
985,2020-12-28,18350,18500,17850,18200,538410,-0.55
986,2020-12-29,19000,20250,18550,20000,466748,9.89
987,2020-12-30,20150,20800,19850,20150,292236,0.75
988,2021-01-04,20200,20800,19650,20200,215876,0.25
989,2021-01-05,19900,21300,19900,21300,324823,5.45
990,2021-01-06,21150,23650,21100,23100,985836,8.45
991,2021-01-07,22999,23600,22600,23500,285238,1.73
992,2021-01-08,23250,23400,21650,21700,302719,-7.66
993,2021-01-11,21350,21600,20500,20750,275940,-4.38
994,2021-01-12,20500,21750,20300,21400,154643,3.13
995,2021-01-13,21100,21950,21000,21100,68236,-1.4
996,2021-01-14,21250,21300,20700,20800,58385,-1.42
997,2021-01-15,20900,21200,19750,19750,139820,-5.05
998,2021-01-18,19800,20100,19000,19100,168093,-3.29
999,2021-01-19,19100,19500,18800,19200,124430,0.52
1000,2021-01-20,19250,20200,19050,20150,157491,4.95
1001,2021-01-21,20150,20350,19700,19750,94352,-1.99
1002,2021-01-22,19700,19950,19200,19400,105230,-1.77
1003,2021-01-25,19300,19550,19000,19100,128192,-1.55
1004,2021-01-26,19400,19400,19000,19050,76026,-0.26
1005,2021-01-27,19100,19300,18800,18900,79277,-0.79
1006,2021-01-28,18300,18900,18150,18350,113828,-2.91
1007,2021-01-29,18400,18600,16450,17150,346362,-6.54
1008,2021-02-01,17150,17550,16150,17550,99054,2.33
1009,2021-02-02,17800,18500,17550,18200,87819,3.7
1010,2021-02-03,18200,18600,17850,17900,57824,-1.65
1011,2021-02-04,17700,18100,17500,17850,40693,-0.28
1012,2021-02-05,17800,18450,17800,18300,63082,2.52
1013,2021-02-08,18600,19450,18350,19050,115187,4.1
1014,2021-02-09,19050,19300,18550,18700,59776,-1.84
1015,2021-02-10,18700,18900,18200,18300,71579,-2.14
1016,2021-02-15,18100,18500,18000,18050,64364,-1.37
1017,2021-02-16,18000,18250,15600,16950,617871,-6.09
1018,2021-02-17,16950,17250,16300,16300,115928,-3.83
1019,2021-02-18,16350,16950,16000,16400,109344,0.61
1020,2021-02-19,16200,16550,15450,15800,228408,-3.66
1021,2021-02-22,16150,16650,15850,16150,111494,2.22
1022,2021-02-23,15800,16100,15400,15700,114366,-2.79
1023,2021-02-24,15800,16200,15250,15350,87693,-2.23
1024,2021-02-25,15700,15850,15450,15750,42038,2.61
1025,2021-02-26,15050,15400,14850,15000,85228,-4.76
1026,2021-03-02,15200,15500,14250,14700,71005,-2.0
1027,2021-03-03,14650,15200,14050,15200,72171,3.4
1028,2021-03-04,15200,15200,14800,14800,18644,-2.63
1029,2021-03-05,14750,14750,14350,14600,37232,-1.35
1030,2021-03-08,14700,15750,14600,15300,47803,4.79
1031,2021-03-09,15000,15400,14850,15050,64917,-1.63
1032,2021-03-10,15100,15150,14750,14850,30722,-1.33
1033,2021-03-11,14850,15400,14850,15200,26497,2.36
1034,2021-03-12,15299,15900,15200,15850,37155,4.28
1035,2021-03-15,16000,16050,15500,15900,23651,0.32
1036,2021-03-16,15700,16800,15700,16450,62299,3.46
1037,2021-03-17,16450,16800,16300,16450,44605,0.0
1038,2021-03-18,16500,16650,16050,16050,29554,-2.43
1039,2021-03-19,15950,16100,15650,16000,21277,-0.31
1040,2021-03-22,15950,16200,15350,15700,43597,-1.88
1041,2021-03-23,15600,15950,15250,15650,43818,-0.32
1042,2021-03-24,15600,15800,15350,15450,20387,-1.28
1043,2021-03-25,15600,15600,14800,15000,81703,-2.91
1044,2021-03-26,14900,15350,14850,15150,26865,1.0
1045,2021-03-29,15900,19000,15300,15300,890575,0.99
1046,2021-03-30,15050,15400,15000,15250,84516,-0.33
1047,2021-03-31,15250,15250,14650,14800,93953,-2.95
1048,2021-04-01,14800,14850,14450,14750,58660,-0.34
1049,2021-04-02,14550,14950,14550,14900,53456,1.02
1050,2021-04-05,14900,15200,14800,15100,56773,1.34
1051,2021-04-06,14900,15149,14900,15100,29692,0.0
1052,2021-04-07,15200,15200,14650,15000,70943,-0.66
1053,2021-04-08,14950,14950,14450,14600,70177,-2.67
1054,2021-04-09,14600,14900,14500,14700,30601,0.68
1055,2021-04-12,14750,15100,14750,14850,39722,1.02
1056,2021-04-13,14850,15350,14800,15200,52495,2.36
1057,2021-04-14,15200,15300,14900,14950,33329,-1.64
1058,2021-04-15,14950,14950,14700,14850,51836,-0.67
1059,2021-04-16,14950,15000,14750,14950,30157,0.67
1060,2021-04-19,15000,15000,14450,14600,91238,-2.34
1061,2021-04-20,14500,14700,14350,14500,64761,-0.68
1062,2021-04-21,14500,14550,14000,14100,74548,-2.76
1063,2021-04-22,14250,14450,14100,14300,47039,1.42
1064,2021-04-23,14400,14850,13900,14600,62618,2.1
1065,2021-04-26,14800,14950,14400,14600,67051,0.0
1066,2021-04-27,14600,14700,14200,14300,49134,-2.05
1067,2021-04-28,14100,14100,13800,14000,100544,-2.1
1068,2021-04-29,14000,14600,13850,14250,67183,1.79
1069,2021-04-30,14250,15600,14000,14600,262181,2.46
1070,2021-05-03,14700,15000,14500,14800,38341,1.37
1071,2021-05-04,14850,14900,14350,14650,52057,-1.01
1072,2021-05-06,14700,14800,14400,14500,42730,-1.02
1073,2021-05-07,14400,14550,14300,14550,52624,0.34
1074,2021-05-10,14450,14550,14100,14300,48576,-1.72
1075,2021-05-11,14300,14500,14150,14350,36263,0.35
1076,2021-05-12,14200,14400,13900,14100,60057,-1.74
1077,2021-05-13,13900,14550,13750,14300,49547,1.42
1078,2021-05-14,14200,14550,14150,14550,42647,1.75
1079,2021-05-17,14550,14600,14250,14550,45341,0.0
1080,2021-05-18,14450,16100,14200,15700,292937,7.9
1081,2021-05-20,15700,16300,15500,16250,135999,3.5
1082,2021-05-21,16250,16650,15950,16000,98252,-1.54
1083,2021-05-24,16100,16350,15500,16100,70807,0.63
1084,2021-05-25,16050,17850,16050,17850,460038,10.87
1085,2021-05-26,17850,17900,17500,17550,132316,-1.68
1086,2021-05-27,17600,18000,17300,17750,95027,1.14
1087,2021-05-28,17650,18250,17600,18250,137989,2.82
1088,2021-05-31,18000,18550,18000,18050,124286,-1.1
1089,2021-06-01,18100,18350,17250,17850,121743,-1.11
1090,2021-06-02,17800,17900,17400,17450,57376,-2.24
1091,2021-06-03,17450,18100,17350,18000,57583,3.15
1092,2021-06-04,17850,17900,17400,17600,45871,-2.22
1093,2021-06-07,17500,17900,17100,17600,87927,0.0
1094,2021-06-08,17400,17900,17200,17200,39062,-2.27
1095,2021-06-09,17350,17950,17250,17250,122410,0.29
1096,2021-06-10,17400,17650,17050,17350,52391,0.58
1097,2021-06-11,17250,17650,17250,17500,50148,0.86
1098,2021-06-14,17500,18000,17400,17500,105217,0.0
1099,2021-06-15,17350,17450,16700,16950,90254,-3.14
1100,2021-06-16,16950,17500,16950,17250,50950,1.77
1101,2021-06-17,17300,17550,16900,17400,56916,0.87
1102,2021-06-18,17500,18300,17500,18300,162477,5.17
1103,2021-06-21,18300,18600,17850,18400,129883,0.55
1104,2021-06-22,18300,19200,18250,18950,168141,2.99
1105,2021-06-23,18850,19150,18350,18650,97939,-1.58
1106,2021-06-24,18550,18600,17850,18300,77689,-1.88
1107,2021-06-25,18300,18300,17600,17700,86733,-3.28
1108,2021-06-28,17700,17900,17200,17350,57852,-1.98
1109,2021-06-29,17350,17650,17150,17400,42761,0.29
1110,2021-06-30,17450,17750,17000,17600,42908,1.15
1111,2021-07-01,17600,17600,17100,17500,45250,-0.57
1112,2021-07-02,17500,17600,17050,17150,41643,-2.0
1113,2021-07-05,17150,17850,17150,17800,57150,3.79
1114,2021-07-06,17900,18200,17700,17750,75117,-0.28
1115,2021-07-07,17800,17950,17500,17700,64419,-0.28
1116,2021-07-08,17500,17650,16750,16950,109728,-4.24
1117,2021-07-09,16750,16850,16050,16500,88219,-2.65
1118,2021-07-12,16400,16750,16350,16600,27491,0.61
1119,2021-07-13,16500,17100,16350,16850,43902,1.51
1120,2021-07-14,16750,17000,16300,16550,49709,-1.78
1121,2021-07-15,16550,16750,16400,16600,54590,0.3
1122,2021-07-16,16850,16850,16300,16650,32491,0.3
1123,2021-07-19,16650,16950,16250,16400,53069,-1.5
1124,2021-07-20,16400,16400,15750,15900,100768,-3.05
1125,2021-07-21,16250,16400,15600,15900,91464,0.0
1126,2021-07-22,15900,15950,15600,15700,70276,-1.26
1127,2021-07-23,15700,16000,15450,15700,62895,0.0
1128,2021-07-26,15700,16200,15600,15950,69347,1.59
1129,2021-07-27,16500,17300,16250,17050,150786,6.9
1130,2021-07-28,17100,17100,16350,16600,57865,-2.64
1131,2021-07-29,16400,16750,16150,16300,56688,-1.81
1132,2021-07-30,16300,16500,16100,16500,25304,1.23
1133,2021-08-02,16500,16600,16100,16350,34584,-0.91
1134,2021-08-03,16350,16450,15900,16100,56105,-1.53
1135,2021-08-04,16000,16250,15850,15900,77881,-1.24
1136,2021-08-05,16000,16350,15650,16050,58702,0.94
1137,2021-08-06,16050,16350,15900,16350,39981,1.87
1138,2021-08-09,16350,16500,16100,16150,32887,-1.22
1139,2021-08-10,16150,16350,15950,16350,43598,1.24
1140,2021-08-11,16350,16700,15900,16050,96654,-1.83
1141,2021-08-12,16100,16200,15800,15900,79031,-0.93
1142,2021-08-13,16100,16150,15300,15500,102631,-2.52
1143,2021-08-17,15600,15600,14700,14850,69433,-4.19
1144,2021-08-18,15200,15200,14700,14850,53623,0.0
1145,2021-08-19,14850,14900,14400,14400,45813,-3.03
1146,2021-08-20,14400,15100,14200,14500,28859,0.69
1147,2021-08-23,14300,14750,14250,14750,37102,1.72
1148,2021-08-24,14600,15050,14550,14650,47189,-0.68
1149,2021-08-25,14750,14800,14400,14500,69584,-1.02
1150,2021-08-26,14500,14900,14000,14200,76192,-2.07
1151,2021-08-27,14200,15100,14000,14950,76211,5.28
1152,2021-08-30,14850,15600,14600,15100,68201,1.0
1153,2021-08-31,15100,15350,14850,15100,34487,0.0
1154,2021-09-01,15100,15700,14950,15600,61436,3.31
1155,2021-09-02,15650,15700,15350,15700,58950,0.64
1156,2021-09-03,15700,15700,14950,15100,49271,-3.82
1157,2021-09-06,15000,15000,14400,14650,53083,-2.98
1158,2021-09-07,14650,14650,14350,14450,34614,-1.37
1159,2021-09-08,14450,14750,14300,14300,38585,-1.04
1160,2021-09-09,14450,14500,14300,14450,29819,1.05
1161,2021-09-10,14400,14550,14250,14250,24033,-1.38
1162,2021-09-13,14100,15000,14050,14250,73874,0.0
1163,2021-09-14,14400,14500,14200,14350,28661,0.7
1164,2021-09-15,14350,14350,13800,14250,87450,-0.7
1165,2021-09-16,14250,14250,13950,14050,25125,-1.4
1166,2021-09-17,14050,14400,13950,14200,15766,1.07
1167,2021-09-23,14400,14400,14000,14000,30252,-1.41
1168,2021-09-24,13900,14250,13800,14100,52386,0.71
1169,2021-09-27,14350,14350,13850,14200,38236,0.71
1170,2021-09-28,14200,14200,13850,13950,27585,-1.76
1171,2021-09-29,13800,13950,12500,13900,125333,-0.36
1172,2021-09-30,13700,13800,13400,13500,20498,-2.88
1173,2021-10-01,13500,13500,13000,13250,20782,-1.85
1174,2021-10-05,13000,13100,12400,12600,59250,-4.91
1175,2021-10-06,13000,13600,11750,11850,103223,-5.95
1176,2021-10-07,11650,15350,11650,13050,1232752,10.13
1177,2021-10-08,13100,13150,11850,12000,273354,-8.05
1178,2021-10-12,12050,12050,11300,12000,81310,0.0
1179,2021-10-13,11950,12850,11800,12800,68302,6.67
1180,2021-10-14,12800,13800,12800,13600,87154,6.25
1181,2021-10-15,14000,14000,13550,13900,39872,2.21
1182,2021-10-18,13900,13900,13400,13600,28408,-2.16
1183,2021-10-19,13650,13950,13400,13900,49953,2.21
1184,2021-10-20,14000,14100,13700,13750,41649,-1.08
1185,2021-10-21,14000,14750,13750,13850,104129,0.73
1186,2021-10-22,13850,13950,13400,13400,38915,-3.25
1187,2021-10-25,13350,13550,13050,13550,10714,1.12
1188,2021-10-26,13450,13750,12950,13200,45564,-2.58
1189,2021-10-27,13050,13500,13050,13100,35077,-0.76
1190,2021-10-28,13200,13300,12900,13150,20731,0.38
1191,2021-10-29,13150,13300,12550,12600,19428,-4.18
1192,2021-11-01,12600,12800,12350,12550,22281,-0.4
1193,2021-11-02,12500,12950,12450,12800,22198,1.99
1194,2021-11-03,12700,13400,12700,13250,36975,3.52
1195,2021-11-04,13200,13400,13000,13100,24680,-1.13
1196,2021-11-05,13000,13400,12900,13200,22879,0.76
1197,2021-11-08,13300,13300,12350,12600,32610,-4.55
1198,2021-11-09,12600,12600,12200,12350,20522,-1.98
1199,2021-11-10,12300,13350,12200,12750,96684,3.24
1200,2021-11-11,12700,12950,12450,12450,40930,-2.35
1201,2021-11-12,12550,12800,12400,12500,21073,0.4
1202,2021-11-15,12650,13000,12550,12950,19406,3.6
1203,2021-11-16,12900,12900,12600,12750,22234,-1.54
1204,2021-11-17,12600,12800,12450,12600,22558,-1.18
1205,2021-11-18,12600,12600,12300,12350,21797,-1.98
1206,2021-11-19,12350,12700,12000,12300,34587,-0.4
1207,2021-11-22,12300,13100,12300,13000,48427,5.69
1208,2021-11-23,12850,13100,12500,12800,28000,-1.54
1209,2021-11-24,12800,12950,12300,12800,25772,0.0
1210,2021-11-25,12350,12650,12150,12250,30374,-4.3
1211,2021-11-26,12200,12300,11950,12150,38446,-0.82
1212,2021-11-29,11800,12150,11350,11800,33481,-2.88
1213,2021-11-30,11650,11900,11250,11300,37446,-4.24
1214,2021-12-01,11100,11700,10500,11700,107665,3.54
1215,2021-12-02,11700,11700,11200,11350,21649,-2.99
1216,2021-12-03,11400,11600,11300,11400,22678,0.44
1217,2021-12-06,11450,11450,11050,11200,34800,-1.75
1218,2021-12-07,11200,11500,11200,11300,30559,0.89
1219,2021-12-08,11450,11800,11300,11400,31548,0.88
1220,2021-12-09,11400,11900,11300,11700,44004,2.63
1221,2021-12-10,11550,11750,11350,11350,30334,-2.99
1222,2021-12-13,11350,11500,11250,11250,13985,-0.88
1223,2021-12-14,11300,14300,11250,13150,1512709,16.89
1224,2021-12-15,13250,13400,12300,12700,242020,-3.42
1225,2021-12-16,12600,13000,12400,12900,129433,1.57
1226,2021-12-17,12600,13000,12450,12550,77419,-2.71
1227,2021-12-20,12600,14850,11950,12600,1502720,0.4
1228,2021-12-21,12600,12700,12000,12000,177097,-4.76
1229,2021-12-22,12200,12350,11750,11900,102334,-0.83
1230,2021-12-23,11900,11950,11400,11800,86617,-0.84
1231,2021-12-24,11900,11950,11700,11800,53040,0.0
1232,2021-12-27,11700,12150,11700,12000,59538,1.69
1233,2021-12-28,12000,12550,12000,12450,103580,3.75
1234,2021-12-29,12400,13400,12350,13150,190286,5.62
1235,2021-12-30,13100,13300,13000,13100,110558,-0.38
1236,2022-01-03,13400,13650,12900,13150,115020,0.38
1237,2022-01-04,13150,13350,12850,13100,94198,-0.38
1238,2022-01-05,13100,13200,12650,12700,67396,-3.05
1239,2022-01-06,12500,12800,12450,12600,52456,-0.79
1240,2022-01-07,12600,12800,12300,12600,30314,0.0
1241,2022-01-10,12600,12750,12200,12250,39081,-2.78
1242,2022-01-11,12350,12850,11800,12250,99577,0.0
1243,2022-01-12,12250,12450,12000,12150,39306,-0.82
1244,2022-01-13,12250,12250,11750,12100,48221,-0.41
1245,2022-01-14,11850,12700,11650,11850,95130,-2.07
1246,2022-01-17,11850,11950,11450,11600,42431,-2.11
1247,2022-01-18,11550,11650,11000,11400,69854,-1.72
1248,2022-01-19,11100,11450,10500,10500,137472,-7.89
1249,2022-01-20,10500,10900,10400,10600,58869,0.95
1250,2022-01-21,10550,10700,10150,10250,63688,-3.3
1251,2022-01-24,10400,10700,9960,10350,79756,0.98
1252,2022-01-25,10250,10400,9810,10100,69962,-2.42
1253,2022-01-26,9900,10250,9000,9970,185827,-1.29
1254,2022-01-27,9970,10050,9510,9970,34095,0.0
1255,2022-01-28,9970,10500,9810,10300,29082,3.31
1256,2022-02-03,10500,10500,10200,10400,28397,0.97
1257,2022-02-04,10200,10550,10200,10550,22254,1.44
1258,2022-02-07,10600,10950,10450,10950,37044,3.79
1259,2022-02-08,10900,11100,10700,10800,18133,-1.37
1260,2022-02-09,10900,10950,10700,10850,13828,0.46
1261,2022-02-10,11000,11000,10250,10800,31573,-0.46
1262,2022-02-11,10800,10800,10500,10500,11097,-2.78
1263,2022-02-14,10500,10800,10000,10600,34931,0.95
1264,2022-02-15,10500,10700,10300,10500,18183,-0.94
1265,2022-02-16,10800,10850,10550,10650,15931,1.43
1266,2022-02-17,10650,10800,10350,10400,25808,-2.35
1267,2022-02-18,10500,10550,10300,10350,13168,-0.48
1268,2022-02-21,10100,10500,10000,10250,16265,-0.97
1269,2022-02-22,10100,10250,9850,9850,30451,-3.9
1270,2022-02-23,9850,10100,9850,9910,19978,0.61
1271,2022-02-24,9800,9900,9560,9560,29156,-3.53
1272,2022-02-25,9650,9980,9650,9870,11353,3.24
1273,2022-02-28,9900,10300,9900,10000,14728,1.32
1274,2022-03-02,9940,10050,9900,9930,8553,-0.7
1275,2022-03-03,10000,11150,9920,10350,60848,4.23
1276,2022-03-04,10450,10450,10000,10050,11116,-2.9
1277,2022-03-07,10000,10000,9790,9830,12829,-2.19
1278,2022-03-08,9750,9830,9700,9700,10803,-1.32
1279,2022-03-10,9800,10050,9800,9900,12478,2.06
1280,2022-03-11,9920,10000,9820,9830,6293,-0.71
1281,2022-03-14,9830,9880,9630,9690,12227,-1.42
1282,2022-03-15,9600,9790,9530,9570,16539,-1.24
1283,2022-03-16,9460,9820,9460,9800,22077,2.4
1284,2022-03-17,9850,10100,9760,9920,19771,1.22
1285,2022-03-18,9910,9970,9750,9850,11201,-0.71
1286,2022-03-21,9950,9980,9740,9830,20569,-0.2
1287,2022-03-22,9830,9830,9710,9740,19464,-0.92
1288,2022-03-23,9750,9820,9600,9650,22237,-0.92
1289,2022-03-24,9650,9650,9380,9490,61269,-1.66
1290,2022-03-25,9490,9580,9380,9550,16440,0.63
1291,2022-03-28,9550,9550,9380,9540,241233,-0.1
1292,2022-03-29,9600,9830,9530,9820,55282,2.94
1293,2022-03-30,9880,9920,9760,9800,34242,-0.2
1294,2022-03-31,9670,9840,9660,9800,23372,0.0
1295,2022-04-01,9780,9870,9620,9770,24653,-0.31
1296,2022-04-04,9710,9770,9580,9630,25278,-1.43
1297,2022-04-05,9610,9710,9530,9560,21033,-0.73
1298,2022-04-06,9430,9600,9420,9500,20913,-0.63
1299,2022-04-07,9510,9650,9370,9440,18902,-0.63
1300,2022-04-08,9470,9500,9310,9440,24799,0.0
1301,2022-04-11,9560,9560,9260,9300,33306,-1.48
1302,2022-04-12,9170,9350,9030,9090,34837,-2.26
1303,2022-04-13,9100,9150,9030,9130,14977,0.44
1304,2022-04-14,9140,9150,9000,9070,13250,-0.66
1305,2022-04-15,9030,9060,8900,8900,33426,-1.87
1306,2022-04-18,9000,9000,8590,8630,46710,-3.03
1307,2022-04-19,8630,8640,8330,8330,52038,-3.48
1308,2022-04-20,8350,8400,7950,8190,122224,-1.68
1309,2022-04-21,8190,8350,8000,8200,29273,0.12
1310,2022-04-22,8210,8210,7960,8160,28868,-0.49
1311,2022-04-25,7960,8640,7850,7990,55050,-2.08
1312,2022-04-26,8080,8150,7960,7960,26892,-0.38
1313,2022-04-27,7960,8030,7770,7900,18195,-0.75
1314,2022-04-28,7860,8130,7860,7910,10769,0.13
1315,2022-04-29,7820,8100,7820,8090,9539,2.28
1316,2022-05-02,8200,8200,7920,7940,19424,-1.85
1317,2022-05-03,7940,8040,7890,8020,13060,1.01
1318,2022-05-04,8020,8110,7690,8020,23608,0.0
1319,2022-05-06,8020,8070,7920,8000,4500,-0.25
1320,2022-05-09,7950,8080,7940,8010,14585,0.12
1321,2022-05-10,7940,7940,7610,7780,28746,-2.87
1322,2022-05-11,7840,7840,7660,7790,6722,0.13
1323,2022-05-12,7750,7780,7540,7600,16375,-2.44
1324,2022-05-13,7500,7640,7490,7590,14877,-0.13
1325,2022-05-16,7640,7750,7100,7200,58184,-5.14
1326,2022-05-17,7290,7350,7210,7330,16601,1.81
1327,2022-05-18,7390,7430,7280,7370,7819,0.55
1328,2022-05-19,7280,7280,6950,7100,30249,-3.66
1329,2022-05-20,7180,7240,7090,7200,7850,1.41
1330,2022-05-23,7270,7270,6970,6980,18318,-3.06
1331,2022-05-24,6920,7250,6810,6810,26462,-2.44
1332,2022-05-25,6810,7320,6670,7200,41758,5.73
1333,2022-05-26,7190,7400,7160,7240,23403,0.56
1334,2022-05-27,7260,7750,7260,7580,28862,4.7
1335,2022-05-30,7610,7810,7540,7560,11917,-0.26
1336,2022-05-31,7530,7770,7530,7750,12653,2.51
1337,2022-06-02,7700,7740,7600,7680,5846,-0.9
1338,2022-06-03,7680,7720,7570,7580,6497,-1.3
1339,2022-06-07,7590,7590,7100,7370,12397,-2.77
1340,2022-06-08,7250,7590,7210,7380,14323,0.14
1341,2022-06-09,7300,7300,6900,7050,38242,-4.47
1342,2022-06-10,6870,6940,6720,6800,32133,-3.55
1343,2022-06-13,6640,6680,6100,6160,37477,-9.41
1344,2022-06-14,5900,6200,5700,5990,107805,-2.76
1345,2022-06-15,6000,6150,5550,5640,45460,-5.84
1346,2022-06-16,5660,5910,5640,5730,19538,1.6
1347,2022-06-17,5550,5650,5500,5630,30902,-1.75
1348,2022-06-20,5510,5610,5160,5200,47294,-7.64
1349,2022-06-21,5200,5410,5090,5290,37900,1.73
1350,2022-06-22,5500,5500,4990,5060,38085,-4.35
1351,2022-06-23,5240,5240,4790,4910,44899,-2.96
1352,2022-06-24,5010,5280,4910,5240,32962,6.72
1353,2022-06-27,5250,5370,5210,5320,22747,1.53
1354,2022-06-28,5320,5510,5020,5140,27234,-3.38
1355,2022-06-29,5040,5190,5000,5140,22646,0.0
1356,2022-06-30,5060,5220,5060,5110,21927,-0.58
1357,2022-07-01,5120,5240,5000,5040,24671,-1.37
1358,2022-07-04,4990,5140,4660,4845,110280,-3.87
1359,2022-07-05,4800,5000,4800,4955,24357,2.27
1360,2022-07-06,5040,5120,4910,5070,24886,2.32
1361,2022-07-07,5060,5190,5060,5170,18161,1.97
1362,2022-07-08,5290,6720,5190,5710,298585,10.44
1363,2022-07-11,5810,6580,5810,6300,241625,10.33
1364,2022-07-12,6300,6330,5980,6090,60220,-3.33
1365,2022-07-13,6000,6170,6000,6060,20095,-0.49
1366,2022-07-14,6010,6390,5990,6250,18475,3.14
1367,2022-07-15,6210,6400,6100,6220,17465,-0.48
1368,2022-07-18,6310,6890,6120,6500,94843,4.5
1369,2022-07-19,6430,6500,6360,6460,8602,-0.62
1370,2022-07-20,6460,6760,6400,6460,23552,0.0
1371,2022-07-21,6420,6570,6230,6310,27342,-2.32
1372,2022-07-22,6270,6360,6250,6320,5348,0.16
1373,2022-07-25,6310,6380,6170,6200,12614,-1.9
1374,2022-07-26,6150,6270,5770,5970,18397,-3.71
1375,2022-07-27,6010,6100,5880,6050,8328,1.34
1376,2022-07-28,6080,6090,5960,6020,4376,-0.5
1377,2022-07-29,6020,6030,5880,6000,9968,-0.33
1378,2022-08-01,6080,6150,5940,6150,7260,2.5
1379,2022-08-02,6200,6350,5960,5960,12034,-3.09
1380,2022-08-03,5900,6100,5870,6030,6332,1.17
1381,2022-08-04,6200,6210,6000,6050,7882,0.33
1382,2022-08-05,6090,6450,5990,6300,33239,4.13
1383,2022-08-08,6490,6490,6300,6380,19257,1.27
1384,2022-08-09,6430,6430,6210,6340,10891,-0.63
1385,2022-08-10,6240,6300,6170,6200,9839,-2.21
1386,2022-08-11,6260,6390,6190,6280,10069,1.29
1387,2022-08-12,6250,6390,6240,6350,7063,1.11
1388,2022-08-16,6320,6340,6190,6190,7760,-2.52
1389,2022-08-17,6190,6200,6030,6060,9838,-2.1
1390,2022-08-18,6050,7580,6000,6850,862048,13.04
1391,2022-08-19,6950,6950,6720,6790,121615,-0.88
1392,2022-08-22,6790,7210,6580,6660,110326,-1.91
1393,2022-08-23,6660,7040,6650,6680,47680,0.3
1394,2022-08-24,6780,6950,6730,6920,54028,3.59
1395,2022-08-25,6950,7000,6840,6870,32013,-0.72
1396,2022-08-26,7000,7000,6690,6780,31121,-1.31
1397,2022-08-29,6490,6590,6390,6440,27002,-5.01
1398,2022-08-30,6440,6530,6250,6370,29755,-1.09
1399,2022-08-31,6400,6570,6240,6430,36389,0.94
1400,2022-09-01,6430,6440,6160,6200,21458,-3.58
1401,2022-09-02,6270,6270,5930,5930,30998,-4.35
1402,2022-09-05,5930,6020,5900,6000,14403,1.18
1403,2022-09-06,6000,6300,6000,6200,18206,3.33
1404,2022-09-07,6200,6200,6000,6100,13582,-1.61
1405,2022-09-08,6100,6180,6030,6110,11461,0.16
1406,2022-09-13,6050,6190,6020,6100,6813,-0.16
1407,2022-09-14,6000,6000,5800,5920,11390,-2.95
1408,2022-09-15,5920,6060,5800,5870,11625,-0.84
1409,2022-09-16,5890,5890,5400,5670,25227,-3.41
1410,2022-09-19,5700,5700,5390,5460,8728,-3.7
1411,2022-09-20,5400,5540,5240,5360,8408,-1.83
1412,2022-09-21,5340,5350,5130,5200,16456,-2.99
1413,2022-09-22,5150,5260,5050,5150,4334,-0.96
1414,2022-09-23,5150,5390,4805,5000,30250,-2.91
1415,2022-09-26,4835,5200,4800,5100,24943,2.0
1416,2022-09-27,5100,5110,4900,4975,14238,-2.45
1417,2022-09-28,4975,5070,4765,4840,18790,-2.71
1418,2022-09-29,4930,4985,4785,4865,7817,0.52
1419,2022-09-30,4855,4855,4675,4770,9441,-1.95
1420,2022-10-04,4720,5050,4700,4950,7664,3.77
1421,2022-10-05,4890,5100,4865,5000,11202,1.01
1422,2022-10-06,5000,5050,4985,5000,3014,0.0
1423,2022-10-07,5000,5030,4895,4950,7193,-1.0
1424,2022-10-11,4940,4940,4760,4780,6502,-3.43
1425,2022-10-12,4840,4845,4705,4830,4058,1.05
1426,2022-10-13,4890,4890,4650,4780,6672,-1.04
1427,2022-10-14,4780,4945,4655,4865,5195,1.78
1428,2022-10-17,4995,5030,4815,5020,15112,3.19
1429,2022-10-18,5000,5190,5000,5140,3449,2.39
1430,2022-10-19,5090,5300,5090,5300,7359,3.11
1431,2022-10-20,5340,5770,5340,5390,17003,1.7
1432,2022-10-21,5450,5450,4920,5210,15496,-3.34
1433,2022-10-24,5260,5260,5050,5050,5429,-3.07
1434,2022-10-25,5140,5650,5000,5390,19772,6.73
1435,2022-10-26,5350,5470,5220,5300,5098,-1.67
1436,2022-10-27,5300,5350,5110,5280,6744,-0.38
1437,2022-10-28,5270,5300,5100,5290,4380,0.19
1438,2022-10-31,5230,5290,5090,5290,6842,0.0
1439,2022-11-01,5290,5460,5200,5450,11675,3.02
1440,2022-11-02,5500,5540,5360,5490,2968,0.73
1441,2022-11-03,5300,5460,5280,5390,2821,-1.82
1442,2022-11-04,5350,5350,5200,5280,6729,-2.04
1443,2022-11-07,5240,5240,5030,5190,11244,-1.7
1444,2022-11-08,5160,5420,5090,5400,9151,4.05
1445,2022-11-09,5400,5410,5220,5240,13804,-2.96
1446,2022-11-10,5240,5240,5130,5180,5786,-1.15
1447,2022-11-11,5190,6110,5190,5960,169762,15.06
1448,2022-11-14,6240,6240,5880,5970,91028,0.17
1449,2022-11-15,5890,6510,5860,6270,84598,5.03
1450,2022-11-16,6280,7000,6270,6640,152344,5.9
1451,2022-11-17,6640,6830,6510,6590,32761,-0.75
1452,2022-11-18,6550,6600,6480,6590,18418,0.0
1453,2022-11-21,6640,6930,6600,6750,42475,2.43
1454,2022-11-22,6750,6990,6670,6840,17575,1.33
1455,2022-11-23,7040,7040,6750,6900,21822,0.88
1456,2022-11-24,6910,7000,6780,6950,10045,0.72
1457,2022-11-25,6950,7390,6940,7330,90476,5.47
1458,2022-11-28,7140,7280,7050,7190,31445,-1.91
1459,2022-11-29,7110,7350,7050,7190,30192,0.0
1460,2022-11-30,7230,7580,6960,7100,89249,-1.25
1461,2022-12-01,7120,7390,7050,7350,45336,3.52
1462,2022-12-02,7360,7580,7300,7530,30058,2.45
1463,2022-12-05,7510,7760,7490,7500,31131,-0.4
1464,2022-12-06,7710,7710,7440,7500,15615,0.0
1465,2022-12-07,7500,9000,7310,7310,353111,-2.53
1466,2022-12-08,7310,7320,6600,6600,72296,-9.71
1467,2022-12-09,6680,7030,6620,6840,20856,3.64
1468,2022-12-12,6900,7060,6700,6750,12582,-1.32
1469,2022-12-13,6830,6830,6680,6700,11715,-0.74
1470,2022-12-14,6700,6950,6700,6850,7208,2.24
1471,2022-12-15,6880,7020,6850,6900,17976,0.73
1472,2022-12-16,6850,7050,6850,6990,24448,1.3
1473,2022-12-19,6990,7410,6990,7320,42863,4.72
1474,2022-12-20,7320,7590,7210,7290,32311,-0.41
1475,2022-12-21,7290,7370,7110,7290,22649,0.0
1476,2022-12-22,7290,7400,7130,7310,20412,0.27
1477,2022-12-23,7250,7250,6720,6910,38774,-5.47
1478,2022-12-26,6910,6980,6700,6860,17627,-0.72
1479,2022-12-27,6860,7030,6670,6860,36547,0.0
1480,2022-12-28,6860,7000,6770,6830,10436,-0.44
1481,2022-12-29,6880,6880,6640,6820,8448,-0.15
1482,2023-01-02,6820,6890,6700,6780,7539,-0.59
1483,2023-01-03,6670,6820,6420,6810,17117,0.44
1484,2023-01-04,6800,6940,6490,6940,27104,1.91
1485,2023-01-05,6950,7230,6800,6970,15390,0.43
1486,2023-01-06,6970,7180,6850,6980,28909,0.14
1487,2023-01-09,6950,7040,6930,6940,29777,-0.57
1488,2023-01-10,7030,7150,6940,7020,46423,1.15
1489,2023-01-11,7020,7110,6980,7020,29280,0.0
1490,2023-01-12,7080,7080,6900,6910,14794,-1.57
1491,2023-01-13,6910,7010,6860,6960,29676,0.72
1492,2023-01-16,6960,7030,6920,6930,9006,-0.43
1493,2023-01-17,6930,7100,6900,6990,31620,0.87
1494,2023-01-18,7030,7030,6880,6920,18204,-1.0
1495,2023-01-19,6990,6990,6880,6920,1443,0.0
1496,2023-01-20,6990,7010,6800,6980,14941,0.87
1497,2023-01-25,7030,7040,6920,6980,13380,0.0
1498,2023-01-26,7010,7060,6970,7010,23320,0.43
1499,2023-01-27,7010,7690,6950,7580,211320,8.13
1500,2023-01-30,7580,7860,7510,7710,77474,1.72
1501,2023-01-31,7780,7880,7650,7800,22260,1.17
1502,2023-02-01,7830,8360,7600,8190,110668,5.0
1503,2023-02-02,8210,8790,8210,8570,102666,4.64
1504,2023-02-03,8620,8760,8520,8650,58913,0.93
1505,2023-02-06,8600,8600,8210,8300,58068,-4.05
1506,2023-02-07,8500,8500,8020,8390,58107,1.08
1507,2023-02-08,8480,8480,8140,8340,33283,-0.6
1508,2023-02-09,8340,8870,8220,8730,100932,4.68
1509,2023-02-10,8910,8990,8550,8640,77834,-1.03
1510,2023-02-13,8580,8690,8330,8440,38107,-2.31
1511,2023-02-14,8440,8930,8300,8860,128153,4.98
1512,2023-02-15,8890,9020,8510,8600,119851,-2.93
1513,2023-02-16,8610,9010,8310,8860,193441,3.02
1514,2023-02-17,8800,9020,8790,9020,127501,1.81
1515,2023-02-20,9020,9120,8540,9030,242626,0.11
1516,2023-02-21,9040,9820,9040,9730,871319,7.75
1517,2023-02-22,9690,10450,9620,10220,497532,5.04
1518,2023-02-23,10200,10370,9900,10220,131279,0.0
1519,2023-02-24,10330,10600,9710,10300,210779,0.78
1520,2023-02-27,10450,11000,9490,9800,1032868,-4.85
1521,2023-02-28,10260,10400,9490,9920,391783,1.22
1522,2023-03-02,10300,10700,9800,10320,712037,4.03
1523,2023-03-03,10600,10860,9950,10210,353892,-1.07
1524,2023-03-06,10210,10290,9810,10000,144386,-2.06
1525,2023-03-07,10030,10500,9800,10130,334235,1.3
1526,2023-03-08,10090,10750,9920,10450,505586,3.16
1527,2023-03-09,10750,10790,10130,10620,237563,1.63
1528,2023-03-10,10400,10750,10220,10590,257524,-0.28
1529,2023-03-13,11050,11100,10260,10810,875527,2.08
1530,2023-03-14,10800,10800,9980,10070,285710,-6.85
1531,2023-03-15,10500,10740,10200,10300,394965,2.28
1532,2023-03-16,10270,10270,9500,9890,219434,-3.98
1533,2023-03-17,9990,10100,9050,9160,382699,-7.38
1534,2023-03-20,9450,11900,9330,10850,3240838,18.45
1535,2023-03-21,11230,11370,10550,10970,906998,1.11
1536,2023-03-22,11030,11140,10730,11020,431593,0.46
1537,2023-03-23,10820,11340,10730,10900,529301,-1.09
1538,2023-03-24,10960,10980,10320,10430,347254,-4.31
1539,2023-03-27,10540,10940,10160,10880,350774,4.31
1540,2023-03-28,10900,11100,10560,10860,320564,-0.18
1541,2023-03-29,10970,10990,10450,10660,232389,-1.84
1542,2023-03-30,10800,10800,10330,10660,183211,0.0
1543,2023-03-31,10660,10700,10320,10320,151495,-3.19
1544,2023-04-03,10330,10500,10020,10260,187682,-0.58
1545,2023-04-04,10320,10550,9960,10000,301690,-2.53
1546,2023-04-05,10000,10400,9860,10150,170330,1.5
1547,2023-04-06,10150,10150,9430,9720,221436,-4.24
1548,2023-04-07,9720,10050,9600,9800,123727,0.82
1549,2023-04-10,9800,9940,9450,9640,157003,-1.63
1550,2023-04-11,9660,10550,9660,10500,463977,8.92
1551,2023-04-12,10480,10990,9950,10110,570597,-3.71
1552,2023-04-13,10110,10110,9600,9930,119571,-1.78
1553,2023-04-14,9930,10440,9760,10130,341520,2.01
1554,2023-04-17,10190,10190,9700,9910,100829,-2.17
1555,2023-04-18,10390,10810,10070,10630,563771,7.27
1556,2023-04-19,10640,11430,10640,11000,469186,3.48
1557,2023-04-20,10700,10780,10260,10350,276226,-5.91
1558,2023-04-21,10260,10700,10190,10350,162636,0.0
1559,2023-04-24,10450,10880,9900,10270,427068,-0.77
1560,2023-04-25,10940,11970,9800,10210,2098024,-0.58
1561,2023-04-26,10300,10420,9960,10030,188754,-1.76
1562,2023-04-27,10030,10230,9730,10100,163685,0.7
1563,2023-04-28,10200,10200,9800,9950,140518,-1.49
1564,2023-05-02,10000,10210,9880,10030,108222,0.8
