,Date,Open,High,Low,Close,Volume,Change
0,2000-01-04,3734,3937,3598,3835,99937,-3.11
1,2000-01-05,3735,4271,3735,3937,179005,2.66
2,2000-01-06,4074,4074,3836,3992,74836,1.4
3,2000-01-07,3877,4073,3842,3971,44767,-0.53
4,2000-01-10,4074,4074,3803,3937,52955,-0.86
5,2000-01-11,4039,4039,3734,3835,36958,-2.59
6,2000-01-12,3714,3870,3667,3734,45459,-2.63
7,2000-01-13,3666,3767,3611,3632,70420,-2.73
8,2000-01-14,3734,3870,3666,3863,56304,6.36
9,2000-01-17,3870,3999,3768,3870,65895,0.18
10,2000-01-18,3802,4141,3802,4141,90827,7.0
11,2000-01-19,4175,4256,3958,4073,122630,-1.64
12,2000-01-20,3992,4176,3992,4141,61058,1.67
13,2000-01-21,4142,4345,4074,4243,60358,2.46
14,2000-01-24,4243,4752,4175,4752,177235,12.0
15,2000-01-25,4616,5024,4419,4616,129633,-2.86
16,2000-01-26,4325,5018,4325,4746,263328,2.82
17,2000-01-27,4671,4956,4583,4786,76085,0.84
18,2000-01-28,4956,4956,4753,4766,100277,-0.42
19,2000-01-31,4630,4820,4630,4779,101382,0.27
20,2000-02-01,4888,5161,4753,5085,82467,6.4
21,2000-02-02,5086,5637,5024,5336,116954,4.94
22,2000-02-03,5412,5500,5126,5479,141256,2.68
23,2000-02-07,5568,5839,5438,5703,108411,4.09
24,2000-02-08,5832,5832,5364,5770,134700,1.17
25,2000-02-09,5532,6089,5532,5940,163585,2.95
26,2000-02-10,5838,5906,5703,5763,113715,-2.98
27,2000-02-11,5500,5907,5500,5770,124450,0.12
28,2000-02-14,5778,6036,5771,5906,169640,2.36
29,2000-02-15,5899,5899,5329,5696,100416,-3.56
30,2000-02-16,5532,5573,5295,5573,81401,-2.16
31,2000-02-17,5329,5770,5329,5648,73055,1.35
32,2000-02-18,5771,6321,5608,6320,232284,11.9
33,2000-02-21,6321,6721,6043,6714,532037,6.23
34,2000-02-22,6776,6993,6111,6707,142784,-0.1
35,2000-02-23,6586,6586,5907,6001,183092,-10.53
36,2000-02-24,5770,6103,5281,5756,145000,-4.08
37,2000-02-25,5736,5736,5071,5071,120371,-11.9
38,2000-02-28,5024,5398,4685,5228,88680,3.1
39,2000-02-29,4963,5466,4617,5295,283168,1.28
40,2000-03-02,5560,5560,5139,5465,221212,3.21
41,2000-03-03,5432,5432,4963,5356,92804,-1.99
42,2000-03-06,5166,5417,4725,4820,177413,-10.01
43,2000-03-07,4753,5113,4753,5092,243689,5.64
44,2000-03-08,5093,5093,4753,5057,93175,-0.69
45,2000-03-09,4862,5162,4862,4861,157393,-3.88
46,2000-03-10,5078,5160,4752,4874,331696,0.27
47,2000-03-13,4949,4955,4616,4894,224961,0.41
48,2000-03-14,4759,4955,4684,4820,442304,-1.51
49,2000-03-15,4731,5397,4582,5397,924114,11.97
50,2000-03-16,5499,5770,4752,4752,761752,-11.95
51,2000-03-17,4887,4949,4182,4182,462778,-11.99
52,2000-03-20,4182,4617,3803,4053,865561,-3.08
53,2000-03-21,3667,3863,3572,3571,352975,-11.89
54,2000-03-22,3666,3931,3530,3659,463532,2.46
55,2000-03-23,3633,3667,3225,3252,332129,-11.12
56,2000-03-24,3191,3360,3136,3224,199989,-0.86
57,2000-03-27,3320,3585,3225,3530,406507,9.49
58,2000-03-28,3395,3558,3299,3496,296091,-0.96
59,2000-03-29,3462,3530,3129,3428,234398,-1.95
60,2000-03-30,3185,3381,3144,3279,105465,-4.35
61,2000-03-31,2987,3428,2987,3224,212677,-1.68
62,2000-04-03,3157,3327,2838,2878,174160,-10.73
63,2000-04-04,2621,2648,2540,2546,183349,-11.54
64,2000-04-06,2654,2838,2559,2838,342916,11.47
65,2000-04-07,2952,3049,2864,3023,368890,6.52
66,2000-04-10,3217,3261,3067,3128,345531,3.47
67,2000-04-11,2829,2952,2758,2758,148617,-11.83
68,2000-04-12,2564,2750,2432,2714,267151,-1.6
69,2000-04-14,2591,2591,2423,2450,132817,-9.73
70,2000-04-17,2159,2212,2159,2159,75916,-11.88
71,2000-04-18,2283,2380,1912,2071,230879,-4.08
72,2000-04-19,2124,2318,2071,2318,433465,11.93
73,2000-04-20,2591,2591,2476,2591,154480,11.78
74,2000-04-21,2899,2899,2899,2899,25582,11.89
75,2000-04-24,3243,3243,3243,3243,43105,11.87
76,2000-04-25,3631,3631,3631,3631,29255,11.96
77,2000-04-26,4064,4064,3199,3199,3076939,-11.9
78,2000-04-27,3084,3120,2820,2820,1326154,-11.85
79,2000-04-28,2891,2891,2494,2573,771648,-8.76
80,2000-05-02,2626,2776,2529,2617,563562,1.71
81,2000-05-03,2564,2732,2468,2723,608656,4.05
82,2000-05-04,2670,2891,2573,2626,585412,-3.56
83,2000-05-08,2705,2935,2556,2935,1349302,11.77
84,2000-05-09,2970,3278,2864,3278,1510443,11.69
85,2000-05-10,3472,3578,3084,3164,1659479,-3.48
86,2000-05-12,3093,3472,2961,3243,1478801,2.5
87,2000-05-15,3261,3517,2935,3014,845236,-7.06
88,2000-05-16,2970,3084,2653,2653,450200,-11.98
89,2000-05-17,2661,2882,2432,2732,750718,2.98
90,2000-05-18,2556,2600,2406,2406,308599,-11.93
91,2000-05-19,2124,2318,2124,2133,601964,-11.35
92,2000-05-22,2230,2318,1877,1939,639208,-9.1
93,2000-05-23,1939,2097,1771,1912,520372,-1.39
94,2000-05-24,1824,1877,1683,1701,431799,-11.04
95,2000-05-25,1789,1904,1763,1904,271597,11.93
96,2000-05-26,1948,2018,1701,1754,383738,-7.88
97,2000-05-29,1710,1956,1630,1868,432044,6.5
98,2000-05-30,2018,2089,1921,2071,562957,10.87
99,2000-05-31,2115,2318,2115,2230,513546,7.68
100,2000-06-01,2159,2194,2027,2045,482176,-8.3
101,2000-06-02,2124,2159,1939,2009,516265,-1.76
102,2000-06-05,2071,2194,2071,2177,640013,8.36
103,2000-06-07,2177,2432,2115,2432,817080,11.71
104,2000-06-08,2644,2644,2230,2432,794003,0.0
105,2000-06-09,2371,2371,2141,2141,339703,-11.97
106,2000-06-12,2203,2397,2150,2397,623791,11.96
107,2000-06-13,2512,2635,2203,2274,987532,-5.13
108,2000-06-14,2300,2388,2238,2318,276740,1.93
109,2000-06-15,2291,2318,2045,2053,246835,-11.43
110,2000-06-16,1939,2097,1939,2053,223732,0.0
111,2000-06-19,1948,2177,1939,2141,319649,4.29
112,2000-06-20,2186,2274,2115,2168,508314,1.26
113,2000-06-21,2115,2238,2071,2159,284455,-0.42
114,2000-06-22,2159,2194,2089,2097,247319,-2.87
115,2000-06-23,1992,2097,1992,2045,136864,-2.48
116,2000-06-26,1956,2115,1956,2053,172023,0.39
117,2000-06-27,2080,2115,2009,2062,228478,0.44
118,2000-06-28,2062,2309,2018,2309,333591,11.98
119,2000-06-29,2468,2504,2115,2168,679728,-6.11
120,2000-06-30,2194,2247,2089,2168,268287,0.0
121,2000-07-03,2133,2230,2133,2177,172432,0.42
122,2000-07-04,2186,2335,2159,2230,350166,2.43
123,2000-07-05,2230,2494,2186,2494,2532243,11.84
124,2000-07-06,2459,2503,2203,2247,777319,-9.9
125,2000-07-07,2371,2494,2265,2415,734261,7.48
126,2000-07-10,2468,2626,2379,2450,1162146,1.45
127,2000-07-11,2494,2494,2203,2282,706459,-6.86
128,2000-07-12,2212,2282,2133,2230,401248,-2.28
129,2000-07-13,2212,2247,2115,2203,285794,-1.21
130,2000-07-14,2106,2203,2106,2150,204632,-2.41
131,2000-07-18,2177,2221,2071,2115,243733,-1.63
132,2000-07-19,2080,2150,1877,1992,278211,-5.82
133,2000-07-20,1939,1992,1851,1939,198291,-2.66
134,2000-07-21,1921,2053,1904,1992,211075,2.73
135,2000-07-24,2168,2231,2027,2071,552868,3.97
136,2000-07-25,2045,2071,1868,2027,282045,-2.12
137,2000-07-26,1983,2062,1939,2027,205732,0.0
138,2000-07-27,1983,2221,1939,2115,1096781,4.34
139,2000-07-28,2115,2141,1921,1965,518831,-7.09
140,2000-07-31,1904,2071,1851,2071,432810,5.39
141,2000-08-01,2053,2194,2027,2133,797597,2.99
142,2000-08-02,2141,2238,2071,2150,568218,0.8
143,2000-08-03,2291,2406,2265,2406,473546,11.91
144,2000-08-04,2582,2688,2406,2432,2684255,1.08
145,2000-08-07,2468,2512,2256,2291,753006,-5.8
146,2000-08-08,2335,2459,2203,2282,640326,-0.39
147,2000-08-09,2318,2556,2309,2556,1718479,12.01
148,2000-08-10,2573,2794,2344,2450,3150284,-4.15
149,2000-08-11,2468,2582,2247,2335,1069687,-4.69
150,2000-08-14,2379,2423,2291,2318,679475,-0.73
151,2000-08-16,2230,2371,2230,2282,486528,-1.55
152,2000-08-17,2309,2344,2212,2238,482989,-1.93
153,2000-08-18,2274,2274,2106,2150,453161,-3.93
154,2000-08-21,2124,2256,2045,2203,503795,2.47
155,2000-08-22,2168,2256,2141,2186,301373,-0.77
156,2000-08-23,2203,2247,2115,2124,279674,-2.84
157,2000-08-24,2045,2159,1992,2062,372713,-2.92
158,2000-08-25,2036,2062,1992,2027,239542,-1.7
159,2000-08-28,2027,2133,2027,2115,310226,4.34
160,2000-08-29,2080,2115,2036,2053,189095,-2.93
161,2000-08-30,2071,2071,2018,2053,145779,0.0
162,2000-08-31,2080,2080,1956,2018,195803,-1.7
163,2000-09-01,2027,2071,1992,2027,146384,0.45
164,2000-09-04,2062,2062,1992,2009,147913,-0.89
165,2000-09-05,2009,2018,1939,1992,148241,-0.85
166,2000-09-06,2009,2062,1956,1992,197726,0.0
167,2000-09-07,1956,1992,1833,1851,213265,-7.08
168,2000-09-08,1851,1930,1815,1930,176506,4.27
169,2000-09-14,1895,1895,1815,1851,91901,-4.09
170,2000-09-15,1833,1895,1807,1833,110005,-0.97
171,2000-09-18,1763,1763,1622,1622,205921,-11.51
172,2000-09-19,1586,1657,1551,1586,123623,-2.22
173,2000-09-20,1630,1674,1613,1639,145897,3.34
174,2000-09-21,1595,1692,1516,1560,318877,-4.82
175,2000-09-22,1498,1498,1375,1375,142729,-11.86
176,2000-09-25,1243,1454,1234,1357,188656,-1.31
177,2000-09-26,1331,1384,1295,1366,161940,0.66
178,2000-09-27,1375,1525,1357,1525,401594,11.64
179,2000-09-28,1498,1569,1428,1516,237709,-0.59
180,2000-09-29,1542,1692,1489,1683,470798,11.02
181,2000-10-02,1604,1771,1498,1533,1077426,-8.91
182,2000-10-04,1533,1604,1481,1542,509735,0.59
183,2000-10-05,1560,1613,1551,1577,344775,2.27
184,2000-10-06,1516,1595,1507,1542,206651,-2.22
185,2000-10-09,1569,1683,1516,1560,554103,1.17
186,2000-10-10,1560,1595,1525,1542,159409,-1.15
187,2000-10-11,1525,1525,1366,1384,214482,-10.25
188,2000-10-12,1366,1445,1366,1419,102451,2.53
189,2000-10-13,1357,1357,1278,1348,99993,-5.0
190,2000-10-16,1410,1481,1410,1454,145981,7.86
191,2000-10-17,1445,1445,1322,1348,92010,-7.29
192,2000-10-18,1322,1366,1251,1322,90465,-1.93
193,2000-10-19,1313,1366,1313,1348,57490,1.97
194,2000-10-20,1410,1410,1357,1375,89300,2.0
195,2000-10-23,1331,1357,1295,1331,49190,-3.2
196,2000-10-24,1304,1392,1304,1375,102751,3.31
197,2000-10-25,1348,1392,1322,1366,67098,-0.65
198,2000-10-26,1313,1340,1295,1313,86936,-3.88
199,2000-10-27,1392,1463,1348,1463,406488,11.42
200,2000-10-30,1498,1577,1340,1410,736814,-3.62
201,2000-10-31,1384,1577,1278,1577,590793,11.84
202,2000-11-01,1622,1727,1560,1560,790613,-1.08
203,2000-11-02,1525,1745,1507,1745,655465,11.86
204,2000-11-03,1763,1948,1745,1754,1036850,0.52
205,2000-11-06,1807,1851,1701,1789,582173,2.0
206,2000-11-07,1763,1798,1586,1613,406620,-9.84
207,2000-11-08,1542,1683,1542,1657,270570,2.73
208,2000-11-09,1613,1718,1586,1710,193828,3.2
209,2000-11-10,1639,1718,1613,1648,102298,-3.63
210,2000-11-13,1674,1674,1542,1577,163078,-4.31
211,2000-11-14,1551,1657,1551,1639,216206,3.93
212,2000-11-15,1657,1833,1630,1815,535488,10.74
213,2000-11-16,1965,2027,1904,2027,820146,11.68
214,2000-11-17,2115,2115,1904,1983,871396,-2.17
215,2000-11-20,1939,2115,1807,1859,805876,-6.25
216,2000-11-21,1815,1939,1771,1904,538683,2.42
217,2000-11-22,1851,1974,1807,1807,352707,-5.09
218,2000-11-23,1798,2018,1771,1807,1656807,0.0
219,2000-11-24,1807,1895,1780,1842,682284,1.94
220,2000-11-27,1877,2053,1851,1983,1109059,7.65
221,2000-11-28,1948,1956,1807,1824,451175,-8.02
222,2000-11-29,1754,1807,1683,1692,342696,-7.24
223,2000-11-30,1666,1780,1542,1639,399438,-3.13
224,2000-12-01,1542,1754,1533,1754,375374,7.02
225,2000-12-04,1754,1824,1683,1780,460484,1.48
226,2000-12-05,1842,1912,1798,1859,629058,4.44
227,2000-12-06,1859,2037,1780,1789,834330,-3.77
228,2000-12-07,1789,1851,1666,1727,386257,-3.47
229,2000-12-08,1736,1754,1648,1701,385754,-1.51
230,2000-12-11,1718,1727,1657,1701,245719,0.0
231,2000-12-12,1683,1701,1648,1683,168741,-1.06
232,2000-12-13,1683,1842,1657,1842,556897,9.45
233,2000-12-14,1842,1895,1718,1763,700419,-4.29
234,2000-12-15,1718,1763,1666,1683,132657,-4.54
235,2000-12-18,1630,1701,1630,1666,137226,-1.01
236,2000-12-19,1613,1745,1613,1674,253909,0.48
237,2000-12-20,1622,1666,1481,1533,177408,-8.42
238,2000-12-21,1517,1534,1357,1366,184257,-10.89
239,2000-12-22,1366,1454,1313,1322,189382,-3.22
240,2000-12-26,1322,1392,1322,1331,47796,0.68
241,2001-01-02,1295,1454,1295,1436,57106,7.89
242,2001-01-03,1410,1604,1331,1525,259406,6.2
243,2001-01-04,1604,1648,1586,1613,138398,5.77
244,2001-01-05,1560,1604,1533,1533,78864,-4.96
245,2001-01-08,1507,1586,1498,1542,46457,0.59
246,2001-01-09,1525,1622,1525,1586,147434,2.85
247,2001-01-10,1604,1710,1410,1410,277157,-11.1
248,2001-01-11,1436,1551,1419,1542,91230,9.36
249,2001-01-12,1560,1630,1542,1551,275562,0.58
250,2001-01-15,1507,1692,1507,1613,642063,4.0
251,2001-01-16,1630,1666,1542,1577,175472,-2.23
252,2001-01-17,1542,1718,1516,1586,562317,0.57
253,2001-01-18,1639,1727,1586,1630,835041,2.77
254,2001-01-19,1727,1727,1507,1604,426941,-1.6
255,2001-01-22,1542,1648,1542,1622,368159,1.12
256,2001-01-26,1657,1657,1569,1577,172952,-2.77
257,2001-01-29,1560,1763,1560,1718,499425,8.94
258,2001-01-30,1745,1851,1639,1745,683843,1.57
259,2001-01-31,1833,1833,1674,1692,275171,-3.04
260,2001-02-01,1674,1683,1622,1630,227510,-3.66
261,2001-02-02,1604,1701,1604,1630,216461,0.0
262,2001-02-05,1639,1780,1595,1683,565605,3.25
263,2001-02-06,1718,1718,1639,1674,252968,-0.53
264,2001-02-07,1674,1692,1613,1630,164207,-2.63
265,2001-02-08,1613,1718,1613,1648,369677,1.1
266,2001-02-09,1639,1701,1639,1648,288741,0.0
267,2001-02-12,1648,1754,1639,1710,333599,3.76
268,2001-02-13,1754,1798,1710,1754,502769,2.57
269,2001-02-14,1833,1956,1807,1956,1400301,11.52
270,2001-02-15,2027,2053,1868,1921,1499079,-1.79
271,2001-02-16,1921,1921,1789,1851,699467,-3.64
272,2001-02-19,1851,1912,1824,1859,508581,0.43
273,2001-02-20,1868,2036,1851,1930,1009844,3.82
274,2001-02-21,1939,1992,1895,1956,578564,1.35
275,2001-02-22,1956,1974,1727,1763,423041,-9.87
276,2001-02-23,1718,1798,1710,1718,252152,-2.55
277,2001-02-26,1683,1771,1683,1718,201279,0.0
278,2001-02-27,1754,1789,1692,1692,277306,-1.51
279,2001-02-28,1674,1683,1586,1613,268429,-4.67
280,2001-03-02,1622,1630,1516,1569,223866,-2.73
281,2001-03-05,1586,1586,1463,1569,143799,0.0
282,2001-03-06,1586,1683,1577,1683,275885,7.27
283,2001-03-07,1877,1877,1683,1710,628212,1.6
284,2001-03-08,1701,1736,1683,1710,155446,0.0
285,2001-03-09,1710,1727,1639,1648,147166,-3.63
286,2001-03-12,1630,1630,1525,1533,162754,-6.98
287,2001-03-13,1489,1498,1410,1463,146554,-4.57
288,2001-03-14,1516,1551,1507,1533,113600,4.78
289,2001-03-15,1498,1586,1436,1507,262549,-1.7
290,2001-03-16,1489,1533,1489,1533,100882,1.73
291,2001-03-19,1516,1551,1498,1542,79556,0.59
292,2001-03-20,1551,1577,1516,1533,104470,-0.58
293,2001-03-21,1481,1525,1481,1507,61794,-1.7
294,2001-03-22,1489,1525,1481,1507,50768,0.0
295,2001-03-23,1525,1657,1498,1551,629163,2.92
296,2001-03-26,1551,1577,1533,1551,104361,0.0
297,2001-03-27,1577,1577,1507,1507,93015,-2.84
298,2001-03-28,1516,1533,1463,1481,118704,-1.73
299,2001-03-29,1463,1542,1436,1472,95070,-0.61
300,2001-03-30,1498,1516,1445,1472,55650,0.0
301,2001-04-02,1445,1489,1436,1463,41898,-0.61
302,2001-04-03,1436,1454,1366,1375,72201,-6.02
303,2001-04-04,1340,1533,1278,1507,1288885,9.6
304,2001-04-06,1507,1542,1401,1419,1007157,-5.84
305,2001-04-09,1445,1445,1348,1348,190262,-5.0
306,2001-04-10,1375,1375,1313,1322,167559,-1.93
307,2001-04-11,1331,1384,1331,1340,180118,1.36
308,2001-04-12,1357,1436,1357,1392,160327,3.88
309,2001-04-13,1419,1472,1392,1419,163255,1.94
310,2001-04-16,1454,1454,1401,1410,99917,-0.63
311,2001-04-17,1410,1428,1384,1410,76109,0.0
312,2001-04-18,1410,1472,1410,1454,215406,3.12
313,2001-04-19,1489,1507,1454,1472,209321,1.24
314,2001-04-20,1498,1498,1445,1463,65374,-0.61
315,2001-04-23,1463,1525,1445,1516,239132,3.62
316,2001-04-24,1481,1498,1454,1463,83042,-3.5
317,2001-04-25,1454,1489,1454,1472,80035,0.62
318,2001-04-26,1472,1498,1463,1463,123330,-0.61
319,2001-04-27,1463,1507,1454,1472,172202,0.62
320,2001-04-30,1507,1507,1472,1489,106920,1.15
321,2001-05-02,1489,1525,1472,1489,175357,0.0
322,2001-05-03,1498,1498,1472,1481,65318,-0.54
323,2001-05-04,1481,1498,1472,1489,64610,0.54
324,2001-05-07,1481,1542,1481,1533,209651,2.96
325,2001-05-08,1551,1551,1507,1516,83789,-1.11
326,2001-05-09,1516,1525,1481,1489,127447,-1.78
327,2001-05-10,1481,1507,1472,1481,97462,-0.54
328,2001-05-11,1481,1507,1481,1507,101871,1.76
329,2001-05-14,1489,1533,1489,1516,137050,0.6
330,2001-05-15,1498,1542,1498,1507,113242,-0.59
331,2001-05-16,1507,1577,1507,1533,265330,1.73
332,2001-05-17,1569,1595,1533,1577,228084,2.87
333,2001-05-18,1577,1577,1542,1577,117850,0.0
334,2001-05-21,1551,1595,1551,1569,139919,-0.51
335,2001-05-22,1586,1595,1542,1560,113911,-0.57
336,2001-05-23,1560,1560,1516,1533,137333,-1.73
337,2001-05-24,1586,1683,1560,1657,700132,8.09
338,2001-05-25,1674,1701,1604,1648,329602,-0.54
339,2001-05-28,1648,1692,1613,1657,227022,0.55
340,2001-05-29,1639,1736,1639,1648,283855,-0.54
341,2001-05-30,1648,1657,1613,1648,123954,0.0
342,2001-05-31,1657,1657,1586,1613,140678,-2.12
343,2001-06-01,1613,1613,1551,1551,80934,-3.84
344,2001-06-04,1551,1560,1516,1533,117104,-1.16
345,2001-06-05,1533,1560,1507,1533,81362,0.0
346,2001-06-07,1507,1542,1507,1507,86289,-1.7
347,2001-06-08,1516,1542,1507,1525,106145,1.19
348,2001-06-11,1498,1533,1481,1507,134291,-1.18
349,2001-06-12,1507,1533,1489,1489,118498,-1.19
350,2001-06-13,1516,1586,1498,1551,422359,4.16
351,2001-06-14,1560,1577,1525,1533,268604,-1.16
352,2001-06-15,1551,1551,1516,1542,135193,0.59
353,2001-06-18,1533,1622,1533,1622,340468,5.19
354,2001-06-19,1622,1630,1595,1630,234922,0.49
355,2001-06-20,1630,1674,1569,1630,297692,0.0
356,2001-06-21,1648,1824,1595,1710,961494,4.91
357,2001-06-22,1692,1798,1586,1613,1147479,-5.67
358,2001-06-25,1613,1622,1498,1498,292074,-7.13
359,2001-06-26,1542,1542,1436,1454,244666,-2.94
360,2001-06-27,1428,1489,1428,1445,105782,-0.62
361,2001-06-28,1445,1489,1445,1489,110204,3.04
362,2001-06-29,1472,1542,1472,1542,158277,3.56
363,2001-07-02,1525,1551,1507,1525,86891,-1.1
364,2001-07-03,1507,1542,1498,1542,111093,1.11
365,2001-07-04,1542,1657,1516,1657,142376,7.46
366,2001-07-05,1630,1630,1542,1542,215058,-6.94
367,2001-07-06,1560,1560,1472,1507,180797,-2.27
368,2001-07-09,1472,1489,1366,1384,192213,-8.16
369,2001-07-10,1410,1428,1392,1419,54178,2.53
370,2001-07-11,1392,1463,1375,1410,69141,-0.63
371,2001-07-12,1392,1481,1392,1436,195979,1.84
372,2001-07-13,1463,1472,1410,1410,61972,-1.81
373,2001-07-16,1401,1463,1401,1445,40212,2.48
374,2001-07-18,1419,1463,1410,1454,72583,0.62
375,2001-07-19,1445,1489,1428,1436,32630,-1.24
376,2001-07-20,1454,1463,1419,1419,58450,-1.18
377,2001-07-23,1419,1454,1295,1331,40605,-6.2
378,2001-07-24,1357,1401,1251,1331,41003,0.0
379,2001-07-25,1357,1357,1278,1304,61236,-2.03
380,2001-07-26,1269,1348,1269,1322,26680,1.38
381,2001-07-27,1340,1392,1322,1366,106477,3.33
382,2001-07-30,1357,1384,1331,1340,20649,-1.9
383,2001-07-31,1331,1392,1331,1384,110752,3.28
384,2001-08-01,1384,1507,1357,1392,118082,0.58
385,2001-08-02,1436,1525,1410,1445,302622,3.81
386,2001-08-03,1498,1498,1419,1436,66397,-0.62
387,2001-08-06,1410,1463,1410,1428,56822,-0.56
388,2001-08-07,1392,1428,1392,1410,53983,-1.26
389,2001-08-08,1428,1428,1375,1384,90166,-1.84
390,2001-08-09,1348,1375,1340,1375,50985,-0.65
391,2001-08-10,1357,1384,1357,1366,44408,-0.65
392,2001-08-13,1375,1392,1357,1384,46174,1.32
393,2001-08-14,1384,1428,1366,1410,146381,1.88
394,2001-08-16,1384,1392,1366,1384,36027,-1.84
395,2001-08-17,1366,1410,1366,1375,124906,-0.65
396,2001-08-20,1348,1348,1322,1322,68947,-3.85
397,2001-08-21,1340,1348,1322,1340,36341,1.36
398,2001-08-22,1304,1348,1304,1322,26272,-1.34
399,2001-08-23,1340,1357,1331,1331,38464,0.68
400,2001-08-24,1340,1357,1322,1331,23091,0.0
401,2001-08-27,1331,1366,1331,1348,35487,1.28
402,2001-08-28,1331,1357,1331,1357,36010,0.67
403,2001-08-29,1331,1340,1304,1340,43516,-1.25
404,2001-08-30,1304,1331,1295,1331,35954,-0.67
405,2001-08-31,1304,1322,1287,1313,43278,-1.35
406,2001-09-03,1331,1348,1199,1207,410611,-8.07
407,2001-09-04,1234,1243,1181,1225,45450,1.49
408,2001-09-05,1216,1225,1190,1225,31555,0.0
409,2001-09-06,1216,1251,1216,1251,49270,2.12
410,2001-09-07,1216,1234,1199,1207,40872,-3.52
411,2001-09-10,1181,1199,1172,1190,28888,-1.41
412,2001-09-11,1172,1207,1172,1172,32744,-1.51
413,2001-09-12,1040,1040,1040,1040,28563,-11.26
414,2001-09-13,1049,1049,934,987,91805,-5.1
415,2001-09-14,987,987,872,881,122461,-10.74
416,2001-09-17,881,881,776,776,123747,-11.92
417,2001-09-18,776,828,776,828,172478,6.7
418,2001-09-19,846,890,828,846,214608,2.17
419,2001-09-20,802,846,802,802,36445,-5.2
420,2001-09-21,767,802,767,776,57614,-3.24
421,2001-09-24,776,837,776,820,49271,5.67
422,2001-09-25,864,864,784,793,65483,-3.29
423,2001-09-26,793,820,776,802,32751,1.13
424,2001-09-27,820,890,802,855,370690,6.61
425,2001-09-28,846,890,837,881,81958,3.04
426,2001-10-04,917,943,890,943,210113,7.04
427,2001-10-05,943,943,899,917,63421,-2.76
428,2001-10-08,855,899,855,872,31083,-4.91
429,2001-10-09,917,969,890,969,350053,11.12
430,2001-10-10,934,1013,934,978,219025,0.93
431,2001-10-11,1022,1040,987,1013,246989,3.58
432,2001-10-12,1040,1049,978,1005,96713,-0.79
433,2001-10-15,978,1022,978,996,46263,-0.9
434,2001-10-16,996,1110,996,1110,422701,11.45
435,2001-10-17,1110,1146,1075,1102,325243,-0.72
436,2001-10-18,1084,1102,1013,1102,100024,0.0
437,2001-10-19,1058,1102,1058,1102,85942,0.0
438,2001-10-22,1093,1146,1084,1110,111932,0.73
439,2001-10-23,1119,1137,1084,1093,99503,-1.53
440,2001-10-24,1066,1093,1058,1058,64585,-3.2
441,2001-10-25,1058,1084,1058,1075,65428,1.61
442,2001-10-26,1066,1093,1066,1066,21670,-0.84
443,2001-10-29,1075,1093,1058,1093,69487,2.53
444,2001-10-30,1040,1102,1040,1093,90134,0.0
445,2001-10-31,1110,1119,1084,1110,73998,1.56
446,2001-11-01,1084,1154,1084,1146,132227,3.24
447,2001-11-02,1190,1190,1102,1128,109624,-1.57
448,2001-11-05,1146,1146,1084,1137,221018,0.8
449,2001-11-06,1154,1163,1119,1128,170550,-0.79
450,2001-11-07,1110,1146,1084,1084,160992,-3.9
451,2001-11-08,1084,1119,1066,1066,105860,-1.66
452,2001-11-09,1058,1084,1058,1066,79525,0.0
453,2001-11-12,1066,1093,1066,1084,83587,1.69
454,2001-11-13,1093,1093,1066,1084,71071,0.0
455,2001-11-14,1084,1137,1075,1137,170287,4.89
456,2001-11-15,1146,1181,1110,1119,143946,-1.58
457,2001-11-16,1119,1128,1102,1119,141667,0.0
458,2001-11-19,1110,1154,1110,1110,197980,-0.8
459,2001-11-20,1128,1190,1110,1190,335325,7.21
460,2001-11-21,1163,1234,1146,1146,539609,-3.7
461,2001-11-22,1163,1181,1119,1128,252413,-1.57
462,2001-11-23,1110,1137,1058,1058,330983,-6.21
463,2001-11-26,1066,1110,1066,1102,100550,4.16
464,2001-11-27,1110,1190,1075,1075,893673,-2.45
465,2001-11-28,1084,1102,1031,1049,80358,-2.42
466,2001-11-29,1058,1058,1022,1031,54914,-1.72
467,2001-11-30,1040,1058,1013,1049,111533,1.75
468,2001-12-03,1040,1058,1022,1040,62908,-0.86
469,2001-12-04,1031,1058,1022,1049,34464,0.87
470,2001-12-05,1031,1066,1022,1049,72303,0.0
471,2001-12-06,1058,1075,1040,1049,61832,0.0
472,2001-12-07,1040,1066,1040,1058,205114,0.86
473,2001-12-10,1066,1066,1040,1049,72420,-0.85
474,2001-12-11,1040,1066,1031,1049,47929,0.0
475,2001-12-12,1058,1058,1040,1040,34865,-0.86
476,2001-12-13,1040,1075,1040,1058,73976,1.73
477,2001-12-14,1066,1102,1058,1084,137684,2.46
478,2001-12-17,1102,1110,1058,1058,136685,-2.4
479,2001-12-18,1075,1093,1040,1040,66151,-1.7
480,2001-12-19,1040,1049,978,978,104050,-5.96
481,2001-12-20,987,1013,961,987,45235,0.92
482,2001-12-21,969,996,961,969,18727,-1.82
483,2001-12-24,943,978,943,969,24601,0.0
484,2001-12-26,961,987,961,961,20031,-0.83
485,2001-12-27,952,978,952,961,33950,0.0
486,2001-12-28,969,1005,969,1005,30009,4.58
487,2002-01-02,996,1022,996,1022,60377,1.69
488,2002-01-03,1031,1040,996,1005,19726,-1.66
489,2002-01-04,1013,1031,996,1031,45451,2.59
490,2002-01-07,1031,1040,996,1040,19579,0.87
491,2002-01-08,1031,1031,1005,1013,38185,-2.6
492,2002-01-09,1022,1040,1013,1022,69275,0.89
493,2002-01-10,1013,1022,996,1005,99903,-1.66
494,2002-01-11,1013,1031,1005,1022,39520,1.69
495,2002-01-14,1031,1040,1005,1031,80802,0.88
496,2002-01-15,1058,1128,1031,1075,329389,4.27
497,2002-01-16,1075,1084,1049,1066,118765,-0.84
498,2002-01-17,1066,1075,1022,1049,55706,-1.59
499,2002-01-18,1005,1058,1005,1049,59556,0.0
500,2002-01-21,1031,1075,1031,1049,17589,0.0
501,2002-01-22,1040,1093,1031,1084,57542,3.34
502,2002-01-23,1093,1102,1058,1075,41948,-0.83
503,2002-01-24,1084,1084,1040,1084,62079,0.84
504,2002-01-25,1058,1084,1058,1075,64135,-0.83
505,2002-01-28,1075,1110,1058,1110,136333,3.26
506,2002-01-29,1128,1181,1093,1137,206134,2.43
507,2002-01-30,1102,1128,1084,1093,65041,-3.87
508,2002-01-31,1119,1119,1058,1066,83935,-2.47
509,2002-02-01,1075,1093,1013,1013,219891,-4.97
510,2002-02-04,1022,1031,1013,1013,63775,0.0
511,2002-02-05,1013,1040,1013,1022,32518,0.89
512,2002-02-06,1005,1040,1005,1022,34476,0.0
513,2002-02-07,1013,1040,1005,1005,39873,-1.66
514,2002-02-08,1022,1022,987,996,25941,-0.9
515,2002-02-14,1005,1022,996,1013,54976,1.71
516,2002-02-15,1013,1031,987,996,37418,-1.68
517,2002-02-18,978,1005,978,996,35187,0.0
518,2002-02-19,996,1084,969,1031,103917,3.51
519,2002-02-20,1005,1031,996,1005,28743,-2.52
520,2002-02-21,1013,1040,996,996,34866,-0.9
521,2002-02-22,996,1022,996,996,49547,0.0
522,2002-02-25,996,1013,987,996,32362,0.0
523,2002-02-26,1005,1013,987,1013,83299,1.71
524,2002-02-27,1013,1066,1005,1066,108680,5.23
525,2002-02-28,1137,1146,1066,1084,253383,1.69
526,2002-03-04,1102,1102,1040,1093,157235,0.83
527,2002-03-05,1102,1110,1075,1110,133703,1.56
528,2002-03-06,1119,1181,1110,1163,201037,4.77
529,2002-03-07,1190,1190,1102,1110,249171,-4.56
530,2002-03-08,1084,1110,1075,1093,114726,-1.53
531,2002-03-11,1119,1146,1093,1137,119551,4.03
532,2002-03-12,1172,1190,1119,1154,115098,1.5
533,2002-03-13,1181,1181,1146,1172,85564,1.56
534,2002-03-14,1172,1172,1146,1163,59433,-0.77
535,2002-03-15,1146,1199,1146,1190,109587,2.32
536,2002-03-18,1234,1234,1172,1181,81095,-0.76
537,2002-03-19,1199,1199,1163,1181,79916,0.0
538,2002-03-20,1163,1207,1128,1172,158327,-0.76
539,2002-03-21,1172,1181,1137,1163,80575,-0.77
540,2002-03-22,1163,1207,1146,1190,134760,2.32
541,2002-03-25,1260,1322,1207,1251,160872,5.13
542,2002-03-26,1251,1295,1225,1269,111270,1.44
543,2002-03-27,1331,1331,1234,1304,189596,2.76
544,2002-03-28,1304,1304,1251,1278,101087,-1.99
545,2002-03-29,1287,1304,1260,1304,90821,2.03
546,2002-04-01,1313,1384,1269,1313,270068,0.69
547,2002-04-02,1340,1340,1304,1331,63697,1.37
548,2002-04-03,1331,1331,1269,1313,84225,-1.35
549,2002-04-04,1278,1348,1225,1295,137169,-1.37
550,2002-04-08,1260,1322,1260,1304,47486,0.69
551,2002-04-09,1287,1313,1251,1251,62123,-4.06
552,2002-04-10,1260,1269,1154,1251,47965,0.0
553,2002-04-11,1251,1295,1251,1278,50897,2.16
554,2002-04-12,1243,1304,1243,1304,47916,2.03
555,2002-04-15,1410,1410,1295,1295,54991,-0.69
556,2002-04-16,1313,1313,1269,1295,35760,0.0
557,2002-04-17,1295,1313,1269,1295,49078,0.0
558,2002-04-18,1313,1313,1260,1260,45406,-2.7
559,2002-04-19,1251,1269,1216,1243,80747,-1.35
560,2002-04-22,1357,1357,1146,1190,60088,-4.26
561,2002-04-23,1154,1251,1154,1216,15367,2.18
562,2002-04-24,1172,1199,1146,1163,32335,-4.36
563,2002-04-25,1146,1181,1102,1128,27494,-3.01
564,2002-04-26,1102,1190,1102,1181,14509,4.7
565,2002-04-29,1146,1199,1137,1172,25691,-0.76
566,2002-04-30,1137,1172,1137,1172,13050,0.0
567,2002-05-02,1190,1278,1190,1225,104809,4.52
568,2002-05-03,1225,1234,1181,1225,39275,0.0
569,2002-05-06,1234,1234,1181,1216,14779,-0.73
570,2002-05-07,1163,1251,1163,1243,51117,2.22
571,2002-05-08,1269,1384,1243,1322,313444,6.36
572,2002-05-09,1287,1331,1269,1278,76243,-3.33
573,2002-05-10,1260,1357,1251,1340,119850,4.85
574,2002-05-13,1304,1366,1304,1340,118426,0.0
575,2002-05-14,1322,1357,1295,1331,84258,-0.67
576,2002-05-15,1348,1348,1295,1313,48844,-1.35
577,2002-05-16,1287,1322,1260,1287,39955,-1.98
578,2002-05-17,1251,1392,1251,1331,86144,3.42
579,2002-05-20,1331,1348,1295,1313,36490,-1.35
580,2002-05-21,1357,1357,1260,1278,29631,-2.67
581,2002-05-22,1278,1348,1278,1313,31128,2.74
582,2002-05-23,1287,1410,1287,1331,167090,1.37
583,2002-05-24,1348,1489,1340,1463,783936,9.92
584,2002-05-27,1498,1516,1392,1428,325727,-2.39
585,2002-05-28,1463,1595,1410,1516,1134855,6.16
586,2002-05-29,1463,1498,1419,1489,339646,-1.78
587,2002-05-30,1507,1507,1322,1428,194366,-4.1
588,2002-05-31,1366,1419,1260,1260,362498,-11.76
589,2002-06-03,1269,1269,1199,1251,115256,-0.71
590,2002-06-04,1190,1251,1190,1207,104746,-3.52
591,2002-06-05,1190,1278,1190,1278,77500,5.88
592,2002-06-07,1322,1410,1304,1322,177578,3.44
593,2002-06-10,1295,1366,1287,1322,102667,0.0
594,2002-06-11,1287,1410,1287,1313,230973,-0.68
595,2002-06-12,1348,1348,1304,1322,44403,0.69
596,2002-06-14,1322,1463,1322,1445,357647,9.3
597,2002-06-17,1481,1569,1472,1481,361038,2.49
598,2002-06-18,1498,1525,1454,1525,344708,2.97
599,2002-06-19,1551,1683,1551,1577,795179,3.41
600,2002-06-20,1577,1639,1525,1560,264701,-1.08
601,2002-06-21,1560,1586,1472,1586,250131,1.67
602,2002-06-24,1533,1771,1516,1542,875839,-2.77
603,2002-06-25,1586,1604,1419,1542,308853,0.0
604,2002-06-26,1525,1595,1472,1472,253539,-4.54
605,2002-06-27,1472,1648,1472,1648,341071,11.96
606,2002-06-28,1674,1798,1595,1674,1438792,1.58
607,2002-07-02,1692,1824,1630,1754,898660,4.78
608,2002-07-03,1807,1824,1736,1736,604478,-1.03
609,2002-07-04,1763,1904,1683,1851,540808,6.62
610,2002-07-05,1851,1904,1815,1851,543140,0.0
611,2002-07-08,1895,1912,1824,1851,504581,0.0
612,2002-07-09,1833,1868,1754,1824,471721,-1.46
613,2002-07-10,1851,1895,1674,1763,500501,-3.34
614,2002-07-11,1710,1763,1666,1674,249627,-5.05
615,2002-07-12,1771,1833,1710,1710,475196,2.15
616,2002-07-15,1683,1763,1683,1692,188416,-1.05
617,2002-07-16,1710,1754,1542,1542,312971,-8.87
618,2002-07-18,1586,1613,1481,1525,347371,-1.1
619,2002-07-19,1551,1701,1507,1701,727894,11.54
620,2002-07-22,1516,1674,1516,1586,575597,-6.76
621,2002-07-23,1542,1674,1542,1622,310877,2.27
622,2002-07-24,1639,1718,1604,1622,398306,0.0
623,2002-07-25,1683,1710,1622,1622,282013,0.0
624,2002-07-26,1595,1674,1516,1533,217873,-5.49
625,2002-07-29,1542,1569,1481,1533,188563,0.0
626,2002-07-30,1595,1648,1560,1577,154232,2.87
627,2002-07-31,1622,1622,1542,1551,160869,-1.65
628,2002-08-01,1577,1613,1498,1525,135718,-1.68
629,2002-08-02,1481,1551,1463,1498,113612,-1.77
630,2002-08-05,1481,1507,1410,1419,150709,-5.27
631,2002-08-06,1375,1392,1357,1384,113482,-2.47
632,2002-08-07,1410,1419,1384,1392,111998,0.58
633,2002-08-08,1392,1525,1375,1481,366179,6.39
634,2002-08-09,1551,1551,1463,1481,134083,0.0
635,2002-08-12,1463,1551,1445,1498,242858,1.15
636,2002-08-13,1533,1533,1454,1454,93259,-2.94
637,2002-08-14,1419,1604,1419,1481,269971,1.86
638,2002-08-16,1454,1507,1454,1481,102626,0.0
639,2002-08-19,1507,1533,1472,1481,52374,0.0
640,2002-08-20,1445,1542,1445,1498,115864,1.15
641,2002-08-21,1516,1516,1463,1463,58473,-2.34
642,2002-08-22,1498,1622,1489,1595,424244,9.02
643,2002-08-23,1630,1630,1542,1560,132399,-2.19
644,2002-08-26,1586,1613,1489,1498,235526,-3.97
645,2002-08-27,1533,1533,1454,1507,112094,0.6
646,2002-08-28,1516,1516,1454,1463,69231,-2.92
647,2002-08-29,1472,1481,1436,1463,35369,0.0
648,2002-08-30,1445,1489,1445,1454,64459,-0.62
649,2002-09-02,1463,1498,1445,1472,79965,1.24
650,2002-09-03,1481,1481,1436,1445,68539,-1.83
651,2002-09-04,1419,1436,1392,1436,73416,-0.62
652,2002-09-05,1454,1604,1454,1586,1139590,10.45
653,2002-09-06,1622,1622,1516,1542,199968,-2.77
654,2002-09-09,1586,1586,1410,1419,178891,-7.98
655,2002-09-10,1401,1463,1401,1436,84602,1.2
656,2002-09-11,1454,1577,1428,1428,331771,-0.56
657,2002-09-12,1454,1454,1410,1428,111857,0.0
658,2002-09-13,1419,1445,1384,1419,204277,-0.63
659,2002-09-16,1419,1454,1375,1375,239146,-3.1
660,2002-09-17,1419,1436,1401,1428,72845,3.85
661,2002-09-18,1428,1428,1392,1392,46796,-2.52
662,2002-09-19,1392,1428,1392,1401,37210,0.65
663,2002-09-23,1410,1410,1366,1401,43394,0.0
664,2002-09-24,1384,1401,1313,1357,71280,-3.14
665,2002-09-25,1384,1384,1304,1322,46796,-2.58
666,2002-09-26,1348,1348,1295,1304,47068,-1.36
667,2002-09-27,1304,1331,1278,1322,30180,1.38
668,2002-09-30,1269,1331,1269,1304,38425,-1.36
669,2002-10-01,1260,1357,1260,1340,28087,2.76
670,2002-10-02,1419,1419,1278,1278,24293,-4.63
671,2002-10-04,1304,1340,1278,1331,39344,4.15
672,2002-10-07,1322,1366,1322,1348,30298,1.28
673,2002-10-08,1322,1428,1269,1392,358641,3.26
674,2002-10-09,1392,1454,1278,1313,870433,-5.68
675,2002-10-10,1313,1313,1163,1181,104678,-10.05
676,2002-10-11,1234,1234,1181,1216,48915,2.96
677,2002-10-14,1190,1234,1190,1216,85480,0.0
678,2002-10-15,1216,1251,1216,1243,60983,2.22
679,2002-10-16,1251,1260,1216,1216,69026,-2.17
680,2002-10-17,1216,1243,1216,1234,26329,1.48
681,2002-10-18,1234,1234,1234,1234,0,0.0
682,2002-10-21,1243,1260,1216,1225,55843,-0.73
683,2002-10-22,1225,1243,1199,1216,18215,-0.73
684,2002-10-23,1234,1234,1207,1234,16560,1.48
685,2002-10-24,1234,1234,1199,1216,12934,-1.46
686,2002-10-25,1199,1225,1190,1199,15982,-1.4
687,2002-10-28,1225,1234,1190,1234,24450,2.92
688,2002-10-29,1199,1225,1199,1225,22824,-0.73
689,2002-10-30,1225,1225,1199,1216,21721,-0.73
690,2002-10-31,1216,1278,1207,1243,86323,2.22
691,2002-11-01,1251,1251,1207,1234,26554,-0.72
692,2002-11-04,1251,1260,1216,1251,95349,1.38
693,2002-11-05,1278,1295,1225,1225,187878,-2.08
694,2002-11-06,1260,1260,1216,1234,49063,0.73
695,2002-11-07,1251,1251,1190,1199,48083,-2.84
696,2002-11-08,1190,1207,1172,1190,40785,-0.75
697,2002-11-11,1207,1207,1163,1207,14890,1.43
698,2002-11-12,1199,1207,1172,1207,15871,0.0
699,2002-11-13,1207,1207,1181,1199,29903,-0.66
700,2002-11-14,1207,1207,1181,1199,41628,0.0
701,2002-11-15,1216,1216,1172,1199,53541,0.0
702,2002-11-18,1199,1199,1172,1199,13444,0.0
703,2002-11-19,1181,1190,1163,1190,32640,-0.75
704,2002-11-20,1190,1190,1172,1172,21222,-1.51
705,2002-11-21,1199,1225,1181,1190,85787,1.54
706,2002-11-22,1199,1199,1172,1181,44178,-0.76
707,2002-11-25,1163,1190,1163,1181,34258,0.0
708,2002-11-26,1181,1181,1163,1181,21498,0.0
709,2002-11-27,1181,1181,1154,1181,30697,0.0
710,2002-11-28,1190,1278,1163,1181,225934,0.0
711,2002-11-29,1190,1199,1163,1190,43536,0.76
712,2002-12-02,1190,1216,1181,1199,44406,0.76
713,2002-12-03,1199,1251,1199,1234,72321,2.92
714,2002-12-04,1225,1243,1207,1216,52110,-1.46
715,2002-12-05,1199,1216,1146,1207,90119,-0.74
716,2002-12-06,1207,1216,1172,1216,77806,0.75
717,2002-12-09,1216,1348,1199,1234,435124,1.48
718,2002-12-10,1251,1260,1207,1216,90216,-1.46
719,2002-12-11,1260,1260,1181,1190,143053,-2.14
720,2002-12-12,1199,1295,1199,1243,296861,4.45
721,2002-12-13,1260,1304,1216,1243,180177,0.0
722,2002-12-16,1225,1322,1199,1295,367733,4.18
723,2002-12-17,1313,1331,1260,1278,185844,-1.31
724,2002-12-18,1278,1295,1234,1243,144317,-2.74
725,2002-12-20,1243,1278,1225,1278,159192,2.82
726,2002-12-23,1278,1313,1234,1269,179164,-0.7
727,2002-12-24,1278,1348,1260,1313,1109169,3.47
728,2002-12-26,1322,1340,1207,1207,195370,-8.07
729,2002-12-27,1207,1234,1066,1093,132429,-9.44
730,2002-12-30,1005,1040,969,969,192709,-11.34
731,2003-01-02,952,1013,952,1005,76980,3.72
732,2003-01-03,1005,1049,1005,1022,52218,1.69
733,2003-01-06,1031,1049,987,1022,190863,0.0
734,2003-01-07,1058,1058,1013,1013,51149,-0.88
735,2003-01-08,1040,1040,1005,1005,46909,-0.79
736,2003-01-09,987,1022,978,1022,69669,1.69
737,2003-01-10,1013,1049,952,987,107533,-3.42
738,2003-01-13,1022,1022,987,1005,37881,1.82
739,2003-01-14,1022,1022,987,1005,10709,0.0
740,2003-01-15,996,1022,996,1005,29867,0.0
741,2003-01-16,1005,1022,987,1005,15000,0.0
742,2003-01-17,1013,1013,969,978,31868,-2.69
743,2003-01-20,952,996,943,961,138711,-1.74
744,2003-01-21,969,978,943,943,31271,-1.87
745,2003-01-22,961,969,943,961,54300,1.91
746,2003-01-23,961,1022,943,1013,42302,5.41
747,2003-01-24,1031,1031,961,978,30134,-3.46
748,2003-01-27,969,969,917,943,29407,-3.58
749,2003-01-28,925,952,925,934,7147,-0.95
750,2003-01-29,943,943,890,908,65983,-2.78
751,2003-01-30,899,917,899,917,16534,0.99
752,2003-02-03,917,925,908,917,11009,0.0
753,2003-02-04,917,934,899,917,23025,0.0
754,2003-02-05,890,925,881,908,39675,-0.98
755,2003-02-06,899,908,881,881,24317,-2.97
756,2003-02-07,881,899,864,881,31317,0.0
757,2003-02-10,864,890,864,881,11262,0.0
758,2003-02-11,864,890,855,881,22142,0.0
759,2003-02-12,864,881,864,864,2773,-1.93
760,2003-02-13,881,881,855,872,6046,0.93
761,2003-02-14,881,881,855,872,3592,0.0
762,2003-02-17,864,899,864,890,26413,2.06
763,2003-02-18,890,908,872,890,19623,0.0
764,2003-02-19,908,908,881,899,14789,1.01
765,2003-02-20,881,899,881,890,11844,-1.0
766,2003-02-21,890,899,881,899,6125,1.01
767,2003-02-24,899,917,881,890,29565,-1.0
768,2003-02-25,890,917,881,890,50028,0.0
769,2003-02-26,899,908,881,899,25020,1.01
770,2003-02-27,917,917,881,908,28332,1.0
771,2003-02-28,925,925,890,908,20361,0.0
772,2003-03-03,908,908,881,908,21437,0.0
773,2003-03-04,881,908,881,881,23317,-2.97
774,2003-03-05,890,890,846,872,51110,-1.02
775,2003-03-06,881,881,864,872,104009,0.0
776,2003-03-07,864,864,828,837,23417,-4.01
777,2003-03-10,828,855,820,846,104482,1.08
778,2003-03-11,846,846,811,811,16966,-4.14
779,2003-03-12,802,828,784,793,30531,-2.22
780,2003-03-13,776,793,740,749,54407,-5.55
781,2003-03-14,776,802,758,784,32221,4.67
782,2003-03-17,802,802,696,723,26831,-7.78
783,2003-03-18,723,758,723,758,41440,4.84
784,2003-03-19,740,793,731,793,40852,4.62
785,2003-03-20,767,820,749,793,59395,0.0
786,2003-03-21,793,802,776,793,17612,0.0
787,2003-03-24,881,881,793,793,36677,0.0
788,2003-03-25,749,784,749,758,10899,-4.41
789,2003-03-26,802,802,758,767,12312,1.19
790,2003-03-27,731,776,731,758,8435,-1.17
791,2003-03-28,749,784,749,767,24419,1.19
792,2003-03-31,758,767,740,767,10366,0.0
793,2003-04-01,749,784,749,784,12208,2.22
794,2003-04-02,811,811,758,767,3881,-2.17
795,2003-04-03,784,784,758,767,3521,0.0
796,2003-04-04,749,811,740,776,20308,1.17
797,2003-04-07,776,811,776,802,16233,3.35
798,2003-04-08,802,802,784,793,10095,-1.12
799,2003-04-09,776,837,776,793,14428,0.0
800,2003-04-10,793,820,784,802,5525,1.13
801,2003-04-11,820,820,793,793,3303,-1.12
802,2003-04-14,793,811,784,793,4792,0.0
803,2003-04-15,793,828,793,828,73598,4.41
804,2003-04-16,846,872,828,864,26955,4.35
805,2003-04-17,846,872,846,864,25380,0.0
806,2003-04-18,864,881,855,872,23571,0.93
807,2003-04-21,864,872,855,855,11179,-1.95
808,2003-04-22,872,872,828,846,48484,-1.05
809,2003-04-23,846,943,837,864,126593,2.13
810,2003-04-24,872,917,846,855,19655,-1.04
811,2003-04-25,837,856,758,802,19083,-6.2
812,2003-04-28,749,864,749,811,7828,1.12
813,2003-04-29,828,908,828,855,149955,5.43
814,2003-04-30,846,855,820,837,31764,-2.11
815,2003-05-02,837,925,837,881,66017,5.26
816,2003-05-06,864,987,855,925,114229,4.99
817,2003-05-07,996,996,890,925,47101,0.0
818,2003-05-09,908,934,881,899,38061,-2.81
819,2003-05-12,908,917,881,899,35661,0.0
820,2003-05-13,890,934,890,925,30589,2.89
821,2003-05-14,925,925,855,864,231217,-6.59
822,2003-05-15,881,899,864,872,20684,0.93
823,2003-05-16,881,899,864,881,9018,1.03
824,2003-05-19,890,890,855,872,14914,-1.02
825,2003-05-20,855,872,855,864,5177,-0.92
826,2003-05-21,855,872,855,872,19265,0.93
827,2003-05-22,881,881,864,872,18549,0.0
828,2003-05-23,864,890,855,855,8747,-1.95
829,2003-05-26,872,890,864,881,39266,3.04
830,2003-05-27,881,899,855,881,34566,0.0
831,2003-05-28,890,899,872,881,31895,0.0
832,2003-05-29,872,899,846,872,51538,-1.02
833,2003-05-30,864,872,846,864,34075,-0.92
834,2003-06-02,864,890,855,872,35897,0.93
835,2003-06-03,872,890,837,846,34358,-2.98
836,2003-06-04,846,855,837,846,36359,0.0
837,2003-06-05,855,881,846,881,62452,4.14
838,2003-06-09,864,881,864,881,2809,0.0
839,2003-06-10,872,872,855,855,8027,-2.95
840,2003-06-11,864,908,855,855,46512,0.0
841,2003-06-12,872,872,855,864,7819,1.05
842,2003-06-13,855,872,855,855,12254,-1.04
843,2003-06-16,846,864,846,855,18129,0.0
844,2003-06-17,872,872,855,864,30224,1.05
845,2003-06-18,855,864,846,846,27031,-2.08
846,2003-06-19,846,846,837,837,19773,-1.06
847,2003-06-20,837,855,828,828,19794,-1.08
848,2003-06-23,820,837,811,828,35740,0.0
849,2003-06-24,811,837,802,811,42464,-2.05
850,2003-06-25,828,828,811,811,39939,0.0
851,2003-06-26,811,820,793,793,25529,-2.22
852,2003-06-27,793,811,793,802,6846,1.13
853,2003-06-30,802,802,793,802,3937,0.0
854,2003-07-01,802,802,784,793,16161,-1.12
855,2003-07-02,811,811,784,793,14435,0.0
856,2003-07-03,793,811,793,802,7230,1.13
857,2003-07-04,793,802,793,802,6643,0.0
858,2003-07-07,793,811,793,802,24514,0.0
859,2003-07-08,811,828,802,811,28447,1.12
860,2003-07-09,811,820,802,820,8445,1.11
861,2003-07-10,811,837,811,837,30567,2.07
862,2003-07-11,837,837,820,828,3722,-1.08
863,2003-07-14,837,837,820,820,14613,-0.97
864,2003-07-15,837,837,811,811,7818,-1.1
865,2003-07-16,820,846,811,837,53098,3.21
866,2003-07-18,811,855,811,837,20644,0.0
867,2003-07-21,815,837,815,820,7123,-2.03
868,2003-07-22,784,820,784,815,22111,-0.61
869,2003-07-23,806,828,802,820,1991,0.61
870,2003-07-24,820,837,820,828,4656,0.98
871,2003-07-25,837,837,806,806,2853,-2.66
872,2003-07-28,802,837,802,806,8266,0.0
873,2003-07-29,798,811,798,806,6113,0.0
874,2003-07-30,806,820,802,820,18204,1.74
875,2003-07-31,815,820,793,820,5128,0.0
876,2003-08-01,806,820,789,793,2395,-3.29
877,2003-08-04,828,828,784,815,2158,2.77
878,2003-08-05,802,802,771,776,14329,-4.79
879,2003-08-06,767,793,762,789,4204,1.68
880,2003-08-07,776,789,771,784,6530,-0.63
881,2003-08-08,793,793,771,780,2180,-0.51
882,2003-08-11,771,789,771,789,4564,1.15
883,2003-08-12,789,802,771,798,4631,1.14
884,2003-08-13,784,811,767,802,2587,0.5
885,2003-08-14,784,789,767,767,9559,-4.36
886,2003-08-18,762,776,758,776,8431,1.17
887,2003-08-19,780,789,762,780,4779,0.52
888,2003-08-20,762,771,762,767,4797,-1.67
889,2003-08-21,767,780,767,780,13167,1.69
890,2003-08-22,780,784,771,784,2059,0.51
891,2003-08-25,784,793,771,771,18896,-1.66
892,2003-08-26,780,780,762,780,20981,1.17
893,2003-08-27,776,780,776,780,10225,0.0
894,2003-08-28,780,780,758,762,7052,-2.31
895,2003-08-29,762,771,758,771,4473,1.18
896,2003-09-01,771,771,758,758,9058,-1.69
897,2003-09-02,762,762,753,762,9319,0.53
898,2003-09-03,749,753,740,740,9965,-2.89
899,2003-09-04,736,749,731,740,5814,0.0
900,2003-09-05,749,749,727,736,6630,-0.54
901,2003-09-08,745,745,723,723,4721,-1.77
902,2003-09-09,723,736,723,736,4039,1.8
903,2003-09-15,736,753,736,749,4005,1.77
904,2003-09-16,736,753,736,753,1777,0.53
905,2003-09-17,740,753,740,753,5368,0.0
906,2003-09-18,745,753,740,753,7727,0.0
907,2003-09-19,753,753,731,749,1608,-0.53
908,2003-09-22,740,740,718,736,1133,-1.74
909,2003-09-23,740,749,714,736,35759,0.0
910,2003-09-24,745,749,731,740,878,0.54
911,2003-09-25,749,749,718,740,34603,0.0
912,2003-09-26,745,745,714,731,864,-1.22
913,2003-09-29,731,731,714,714,644,-2.33
914,2003-09-30,723,723,714,723,7438,1.26
915,2003-10-01,723,723,679,696,12535,-3.73
916,2003-10-02,701,701,683,696,8773,0.0
917,2003-10-06,674,701,674,683,2680,-1.87
918,2003-10-07,679,687,679,683,9112,0.0
919,2003-10-08,670,687,670,679,6145,-0.59
920,2003-10-09,687,687,674,683,8412,0.59
921,2003-10-10,687,687,670,670,7368,-1.9
922,2003-10-13,683,683,661,679,474,1.34
923,2003-10-14,665,679,665,679,8588,0.0
924,2003-10-15,665,687,665,683,4678,0.59
925,2003-10-16,674,679,661,661,6038,-3.22
926,2003-10-17,661,670,652,670,7741,1.36
927,2003-10-20,679,679,643,670,6992,0.0
928,2003-10-21,683,683,661,683,13180,1.94
929,2003-10-22,683,683,679,683,49,0.0
930,2003-10-23,665,683,661,683,23176,0.0
931,2003-10-24,683,683,661,661,11477,-3.22
932,2003-10-27,670,670,643,665,4252,0.61
933,2003-10-28,643,657,635,652,10115,-1.95
934,2003-10-29,643,657,639,643,7840,-1.38
935,2003-10-30,635,648,635,643,4511,0.0
936,2003-10-31,652,652,635,643,1264,0.0
937,2003-11-03,639,643,630,639,949,-0.62
938,2003-11-04,648,648,630,639,1975,0.0
939,2003-11-05,643,643,617,635,3455,-0.63
940,2003-11-06,643,643,608,617,6647,-2.83
941,2003-11-07,617,687,617,674,29915,9.24
942,2003-11-10,701,701,657,657,3978,-2.52
943,2003-11-11,687,687,648,661,3612,0.61
944,2003-11-12,661,683,652,661,2841,0.0
945,2003-11-13,665,683,648,683,12589,3.33
946,2003-11-14,674,701,674,692,8313,1.32
947,2003-11-17,679,692,657,692,2680,0.0
948,2003-11-18,674,692,657,692,4246,0.0
949,2003-11-19,705,705,679,701,1311,1.3
950,2003-11-20,679,696,670,670,3600,-4.42
951,2003-11-21,692,692,590,661,3563,-1.34
952,2003-11-24,696,740,696,740,33158,11.95
953,2003-11-25,828,828,802,828,341303,11.89
954,2003-11-26,925,925,886,925,251250,11.71
955,2003-11-27,1035,1035,881,930,616157,0.54
956,2003-11-28,969,996,868,912,362890,-1.94
957,2003-12-01,969,996,908,961,401653,5.37
958,2003-12-02,965,965,859,908,252225,-5.52
959,2003-12-03,908,934,881,934,166773,2.86
960,2003-12-04,917,1031,917,952,266952,1.93
961,2003-12-05,925,978,908,908,111773,-4.62
962,2003-12-08,886,952,881,934,110288,2.86
963,2003-12-09,947,947,881,881,126626,-5.67
964,2003-12-10,859,886,859,864,62096,-1.93
965,2003-12-11,855,899,855,881,71176,1.97
966,2003-12-12,908,908,828,828,149475,-6.02
967,2003-12-15,846,846,767,780,165011,-5.8
968,2003-12-16,776,824,776,793,95016,1.67
969,2003-12-17,793,828,776,780,234633,-1.64
970,2003-12-18,780,780,740,745,132645,-4.49
971,2003-12-19,753,771,731,731,40429,-1.88
972,2003-12-22,731,762,714,758,75272,3.69
973,2003-12-23,745,776,736,736,67811,-2.9
974,2003-12-24,736,758,736,753,42192,2.31
975,2003-12-26,753,776,745,745,38276,-1.06
976,2003-12-29,731,731,657,657,95201,-11.81
977,2003-12-30,643,661,643,657,30437,0.0
978,2004-01-02,661,679,652,679,14502,3.35
979,2004-01-05,665,674,657,657,28623,-3.24
980,2004-01-06,657,670,652,665,14125,1.22
981,2004-01-07,674,674,648,661,42593,-0.6
982,2004-01-08,652,657,639,639,23534,-3.33
983,2004-01-09,626,639,612,635,31754,-0.63
984,2004-01-12,635,635,617,626,9417,-1.42
985,2004-01-13,621,635,617,621,12143,-0.8
986,2004-01-14,626,639,612,635,10191,2.25
987,2004-01-15,626,661,626,639,11788,0.63
988,2004-01-16,630,648,617,639,5005,0.0
989,2004-01-19,630,630,612,612,7901,-4.23
990,2004-01-20,608,630,604,608,10017,-0.65
991,2004-01-26,608,608,582,599,10888,-1.48
992,2004-01-27,604,604,577,599,6550,0.0
993,2004-01-28,590,604,582,595,7485,-0.67
994,2004-01-29,595,604,586,599,22359,0.67
995,2004-01-30,612,617,595,608,7586,1.5
996,2004-02-02,604,621,599,617,3606,1.48
997,2004-02-03,608,608,590,604,15484,-2.11
998,2004-02-04,626,626,617,626,4232,3.64
999,2004-02-05,626,630,608,621,20817,-0.8
1000,2004-02-06,617,621,612,617,3803,-0.64
1001,2004-02-09,612,612,599,612,14050,-0.81
1002,2004-02-10,604,612,604,612,4472,0.0
1003,2004-02-11,608,617,599,604,12851,-1.31
1004,2004-02-12,604,604,590,590,6690,-2.32
1005,2004-02-13,590,604,577,590,22498,0.0
1006,2004-02-16,590,604,590,599,6874,1.53
1007,2004-02-17,595,608,590,590,5368,-1.5
1008,2004-02-18,590,612,590,608,6140,3.05
1009,2004-02-19,617,617,595,604,3102,-0.66
1010,2004-02-20,595,608,590,595,12085,-1.49
1011,2004-02-23,590,595,590,595,6030,0.0
1012,2004-02-24,582,604,582,604,6562,1.51
1013,2004-02-25,595,595,590,595,9440,-1.49
1014,2004-02-26,586,595,577,590,12781,-0.84
1015,2004-02-27,599,608,590,604,15756,2.37
1016,2004-03-02,612,617,604,617,8139,2.15
1017,2004-03-03,617,617,604,608,3326,-1.46
1018,2004-03-04,590,617,577,612,6700,0.66
1019,2004-03-05,604,617,604,617,13364,0.82
1020,2004-03-08,608,621,604,617,9490,0.0
1021,2004-03-09,608,617,604,617,6720,0.0
1022,2004-03-10,617,617,604,617,11717,0.0
1023,2004-03-11,608,652,608,621,13738,0.65
1024,2004-03-12,621,621,573,617,20480,-0.64
1025,2004-03-15,608,617,599,617,4248,0.0
1026,2004-03-16,612,626,599,626,10712,1.46
1027,2004-03-17,626,652,617,635,44073,1.44
1028,2004-03-18,652,652,626,635,17071,0.0
1029,2004-03-19,643,643,626,639,17999,0.63
1030,2004-03-22,643,643,626,635,17951,-0.63
1031,2004-03-23,626,635,621,635,21506,0.0
1032,2004-03-24,626,635,626,626,27180,-1.42
1033,2004-03-25,617,643,617,626,27381,0.0
1034,2004-03-26,621,701,617,701,106268,11.98
1035,2004-03-29,749,776,705,705,184707,0.57
1036,2004-03-30,740,740,679,718,38072,1.84
1037,2004-03-31,745,802,705,802,288852,11.7
1038,2004-04-01,881,881,776,815,364447,1.62
1039,2004-04-02,815,815,762,767,125014,-5.89
1040,2004-04-06,767,784,714,740,197166,-3.52
1041,2004-04-07,740,828,736,828,252685,11.89
1042,2004-04-08,850,855,767,767,252027,-7.37
1043,2004-04-09,767,806,762,802,82448,4.56
1044,2004-04-12,789,837,789,798,69548,-0.5
1045,2004-04-13,793,833,789,798,62933,0.0
1046,2004-04-14,793,828,793,828,62289,3.76
1047,2004-04-16,846,846,815,842,28512,1.69
1048,2004-04-19,815,837,815,837,41934,-0.59
1049,2004-04-20,824,837,820,833,30992,-0.48
1050,2004-04-21,820,846,820,824,23091,-1.08
1051,2004-04-22,828,846,798,828,93445,0.49
1052,2004-04-23,806,837,802,824,35936,-0.48
1053,2004-04-26,820,881,811,837,69597,1.58
1054,2004-04-27,828,864,820,846,34227,1.08
1055,2004-04-28,828,864,798,798,444424,-5.67
1056,2004-04-29,798,833,753,793,41569,-0.63
1057,2004-04-30,780,811,758,767,36909,-3.28
1058,2004-05-03,771,793,762,771,8129,0.52
1059,2004-05-04,767,793,767,784,11557,1.69
1060,2004-05-06,784,789,705,762,60637,-2.81
1061,2004-05-07,731,762,723,749,29649,-1.71
1062,2004-05-10,745,753,683,718,23991,-4.14
1063,2004-05-11,731,736,701,705,57336,-1.81
1064,2004-05-12,705,745,701,745,69917,5.67
1065,2004-05-13,731,749,714,749,15563,0.54
1066,2004-05-14,723,749,714,736,58062,-1.74
1067,2004-05-17,740,776,696,758,91357,2.99
1068,2004-05-18,749,749,718,740,48589,-2.37
1069,2004-05-19,745,776,718,745,86646,0.68
1070,2004-05-20,749,820,736,749,69545,0.54
1071,2004-05-21,776,776,736,740,27231,-1.2
1072,2004-05-24,740,758,740,749,38928,1.22
1073,2004-05-25,749,749,727,749,30451,0.0
1074,2004-05-27,749,784,749,771,21742,2.94
1075,2004-05-28,762,776,749,771,41169,0.0
1076,2004-05-31,784,811,745,811,98839,5.19
1077,2004-06-01,820,828,798,820,31419,1.11
1078,2004-06-02,820,820,758,771,59130,-5.98
1079,2004-06-03,758,784,758,776,364583,0.65
1080,2004-06-04,780,815,780,793,47414,2.19
1081,2004-06-07,758,811,758,802,15546,1.13
1082,2004-06-08,793,802,780,793,6887,-1.12
1083,2004-06-09,793,806,784,793,4234,0.0
1084,2004-06-10,820,820,784,793,5773,0.0
1085,2004-06-11,793,802,771,780,14820,-1.64
1086,2004-06-14,780,793,740,758,7957,-2.82
1087,2004-06-15,767,767,705,745,32008,-1.72
1088,2004-06-16,709,776,709,758,11550,1.74
1089,2004-06-17,758,784,745,745,914,-1.72
1090,2004-06-18,745,758,709,714,52132,-4.16
1091,2004-06-21,705,731,705,705,6393,-1.26
1092,2004-06-22,696,723,696,701,12947,-0.57
1093,2004-06-23,740,740,679,714,14108,1.85
1094,2004-06-24,718,718,683,714,14418,0.0
1095,2004-06-25,749,749,679,692,31370,-3.08
1096,2004-06-28,679,696,679,687,20051,-0.72
1097,2004-06-29,683,705,635,692,48998,0.73
1098,2004-06-30,679,706,661,683,49597,-1.3
1099,2004-07-01,696,696,674,683,15859,0.0
1100,2004-07-02,674,687,670,674,19121,-1.32
1101,2004-07-05,705,753,670,696,127111,3.26
1102,2004-07-06,705,705,674,679,36033,-2.44
1103,2004-07-07,670,670,643,665,72049,-2.06
1104,2004-07-08,648,709,648,657,46573,-1.2
1105,2004-07-09,683,683,657,661,1850,0.61
1106,2004-07-12,657,670,652,670,9041,1.36
1107,2004-07-13,692,692,661,670,854,0.0
1108,2004-07-14,683,687,665,679,19,1.34
1109,2004-07-15,683,687,643,652,1543,-3.98
1110,2004-07-16,665,670,657,661,4574,1.38
1111,2004-07-19,643,683,643,652,5619,-1.36
1112,2004-07-20,643,670,635,652,4087,0.0
1113,2004-07-21,687,687,657,683,13304,4.75
1114,2004-07-22,674,683,661,670,4358,-1.9
1115,2004-07-23,670,670,648,652,9148,-2.69
1116,2004-07-26,657,661,582,635,10961,-2.61
1117,2004-07-27,635,652,626,626,1946,-1.42
1118,2004-07-28,617,661,617,661,5216,5.59
1119,2004-07-29,652,696,617,652,7450,-1.36
1120,2004-07-30,657,657,621,648,1063,-0.61
1121,2004-08-02,608,670,608,652,4635,0.62
1122,2004-08-03,661,661,626,643,1932,-1.38
1123,2004-08-04,643,643,626,643,17,0.0
1124,2004-08-05,621,687,617,630,6898,-2.02
1125,2004-08-06,626,657,626,635,2736,0.79
1126,2004-08-09,643,665,635,665,1906,4.72
1127,2004-08-10,657,657,635,639,2630,-3.91
1128,2004-08-11,643,657,635,657,31872,2.82
1129,2004-08-12,635,670,635,670,11305,1.98
1130,2004-08-13,643,723,643,687,1023,2.54
1131,2004-08-16,687,696,643,648,34314,-5.68
1132,2004-08-17,648,661,635,635,9898,-2.01
1133,2004-08-18,635,643,630,630,16223,-0.79
1134,2004-08-19,630,696,630,643,6396,2.06
1135,2004-08-20,635,692,635,643,2492,0.0
1136,2004-08-23,661,661,643,657,9777,2.18
1137,2004-08-24,643,687,643,648,1602,-1.37
1138,2004-08-25,661,705,652,670,55621,3.4
1139,2004-08-26,692,692,661,679,11139,1.34
1140,2004-08-27,670,683,661,674,14561,-0.74
1141,2004-08-30,679,679,665,674,4774,0.0
1142,2004-08-31,687,687,661,674,3792,0.0
1143,2004-09-01,692,692,661,683,14934,1.34
1144,2004-09-02,674,687,670,687,2864,0.59
1145,2004-09-03,670,683,648,670,27696,-2.47
1146,2004-09-06,683,683,657,679,12445,1.34
1147,2004-09-07,661,687,652,674,4813,-0.74
1148,2004-09-08,661,674,661,670,23291,-0.59
1149,2004-09-09,683,683,683,683,1,1.94
1150,2004-09-10,661,692,661,683,10560,0.0
1151,2004-09-13,665,692,661,674,15072,-1.32
1152,2004-09-14,687,701,683,701,23765,4.01
1153,2004-09-15,665,727,665,696,9118,-0.71
1154,2004-09-16,745,745,674,701,7780,0.72
1155,2004-09-17,705,705,687,701,2585,0.0
1156,2004-09-20,701,731,701,718,25137,2.43
1157,2004-09-21,674,723,674,723,3,0.7
1158,2004-09-22,714,723,705,705,16065,-2.49
1159,2004-09-23,718,718,621,701,4212,-0.57
1160,2004-09-24,714,714,687,705,4916,0.57
1161,2004-09-30,714,714,674,714,33,1.28
1162,2004-10-01,696,776,692,731,49003,2.38
1163,2004-10-04,758,758,740,758,66182,3.69
1164,2004-10-05,740,758,740,745,46167,-1.72
1165,2004-10-06,758,758,745,753,43276,1.07
1166,2004-10-07,740,758,740,745,22219,-1.06
1167,2004-10-08,749,753,745,749,84222,0.54
1168,2004-10-11,753,776,753,776,5002,3.6
1169,2004-10-12,776,776,753,776,571,0.0
1170,2004-10-13,758,811,758,784,8542,1.03
1171,2004-10-14,793,793,731,793,10122,1.15
1172,2004-10-15,802,802,758,776,34291,-2.14
1173,2004-10-18,780,780,749,771,3559,-0.64
1174,2004-10-19,771,793,771,793,51100,2.85
1175,2004-10-20,793,793,758,776,26996,-2.14
1176,2004-10-21,776,784,767,776,2643,0.0
1177,2004-10-22,798,798,762,784,8876,1.03
1178,2004-10-25,767,780,767,780,36994,-0.51
1179,2004-10-26,784,784,776,776,153,-0.51
1180,2004-10-27,776,784,771,776,6061,0.0
1181,2004-10-28,776,784,776,784,56140,1.03
1182,2004-10-29,793,846,784,802,67732,2.3
1183,2004-11-01,820,820,793,802,56253,0.0
1184,2004-11-02,793,824,793,824,45506,2.74
1185,2004-11-03,837,837,828,828,1375,0.49
1186,2004-11-04,846,855,828,833,52442,0.6
1187,2004-11-05,833,855,833,846,14128,1.56
1188,2004-11-08,872,872,828,872,71395,3.07
1189,2004-11-09,899,899,837,864,6029,-0.92
1190,2004-11-10,872,872,837,864,33717,0.0
1191,2004-11-11,846,846,842,842,5205,-2.55
1192,2004-11-12,872,872,833,850,56162,0.95
1193,2004-11-15,855,855,837,837,40601,-1.53
1194,2004-11-16,872,872,820,828,1865,-1.08
1195,2004-11-17,780,828,780,828,49290,0.0
1196,2004-11-18,855,855,828,837,1641,1.09
1197,2004-11-19,828,828,828,828,916,-1.08
1198,2004-11-22,850,850,850,850,100,2.66
1199,2004-11-23,846,846,846,846,5000,-0.47
1200,2004-11-24,855,872,846,872,100901,3.07
1201,2004-11-25,859,864,806,820,8419,-5.96
1202,2004-11-26,864,899,855,877,86521,6.95
1203,2004-11-29,842,864,842,864,7881,-1.48
1204,2004-11-30,850,921,850,890,84112,3.01
1205,2004-12-01,868,917,868,877,13698,-1.46
1206,2004-12-02,877,930,877,921,48549,5.02
1207,2004-12-03,881,934,881,917,30211,-0.43
1208,2004-12-06,934,1013,908,1013,193810,10.47
1209,2004-12-07,1013,1013,934,939,40189,-7.31
1210,2004-12-08,890,961,890,939,1129,0.0
1211,2004-12-09,912,925,903,903,16586,-3.83
1212,2004-12-10,894,930,894,921,16059,1.99
1213,2004-12-13,890,952,890,939,12782,1.95
1214,2004-12-14,908,943,886,899,37412,-4.26
1215,2004-12-15,886,917,886,903,4823,0.44
1216,2004-12-16,939,943,872,934,17771,3.43
1217,2004-12-17,894,943,894,917,64583,-1.82
1218,2004-12-20,886,943,886,943,11302,2.84
1219,2004-12-21,903,996,903,996,108373,5.62
1220,2004-12-22,943,987,934,974,10383,-2.21
1221,2004-12-23,983,987,969,987,42007,1.33
1222,2004-12-24,991,1005,965,1000,43859,1.32
1223,2004-12-27,969,996,969,996,1250,-0.4
1224,2004-12-28,969,983,969,974,39671,-2.21
1225,2004-12-29,947,969,868,868,8426,-10.88
1226,2004-12-30,846,872,806,872,44526,0.46
1227,2005-01-03,859,877,859,877,2569,0.57
1228,2005-01-04,868,921,868,899,52053,2.51
1229,2005-01-05,886,912,886,912,210,1.45
1230,2005-01-06,877,952,877,912,4574,0.0
1231,2005-01-07,921,921,894,894,2781,-1.97
1232,2005-01-10,890,912,881,881,14015,-1.45
1233,2005-01-11,881,908,881,899,24851,2.04
1234,2005-01-12,899,903,890,890,24576,-1.0
1235,2005-01-13,925,925,881,881,371,-1.01
1236,2005-01-14,881,899,881,899,4206,2.04
1237,2005-01-17,890,903,890,899,3939,0.0
1238,2005-01-18,872,908,872,899,19187,0.0
1239,2005-01-19,921,925,921,925,1820,2.89
1240,2005-01-20,917,917,903,917,16161,-0.86
1241,2005-01-21,912,974,899,917,16335,0.0
1242,2005-01-24,917,969,917,943,5636,2.84
1243,2005-01-25,943,974,917,961,2310,1.91
1244,2005-01-26,961,978,925,969,18507,0.83
1245,2005-01-27,939,987,939,965,3846,-0.41
1246,2005-01-28,939,987,925,925,4051,-4.15
1247,2005-01-31,925,969,925,965,542,4.32
1248,2005-02-01,925,991,925,965,1155,0.0
1249,2005-02-02,939,1013,934,978,30557,1.35
1250,2005-02-03,974,974,956,956,20812,-2.25
1251,2005-02-04,987,987,939,965,8726,0.94
1252,2005-02-07,965,1075,965,1075,82554,11.4
1253,2005-02-11,1058,1124,1031,1058,31451,-1.58
1254,2005-02-14,1102,1137,1062,1128,39533,6.62
1255,2005-02-15,1128,1172,1128,1146,64978,1.6
1256,2005-02-16,1176,1176,1128,1168,39553,1.92
1257,2005-02-17,1172,1181,1115,1163,100715,-0.43
1258,2005-02-18,1204,1208,1075,1084,124535,-6.79
1259,2005-02-21,1119,1150,1093,1128,21406,4.06
1260,2005-02-22,1146,1146,1102,1124,32118,-0.35
1261,2005-02-23,1088,1115,1088,1102,6085,-1.96
1262,2005-02-24,1071,1132,1022,1102,89611,0.0
1263,2005-02-25,1119,1124,1058,1058,59910,-3.99
1264,2005-02-28,1066,1115,1066,1106,69274,4.54
1265,2005-03-02,1124,1238,1119,1234,238379,11.57
1266,2005-03-03,1207,1256,1163,1229,71826,-0.41
1267,2005-03-04,1163,1278,1163,1194,51359,-2.85
1268,2005-03-07,1207,1251,1185,1234,26340,3.35
1269,2005-03-08,1251,1251,1181,1181,6770,-4.29
1270,2005-03-09,1203,1203,1106,1141,35369,-3.39
1271,2005-03-10,1084,1146,1071,1141,65641,0.0
1272,2005-03-11,1221,1221,1110,1119,37042,-1.93
1273,2005-03-14,1124,1251,1124,1251,125924,11.8
1274,2005-03-15,1322,1401,1304,1401,479191,11.99
1275,2005-03-16,1428,1481,1295,1379,365184,-1.57
1276,2005-03-17,1410,1414,1216,1216,317312,-11.82
1277,2005-03-18,1190,1243,1071,1128,221166,-7.24
1278,2005-03-21,1110,1115,1031,1102,149977,-2.3
1279,2005-03-22,1119,1128,1080,1084,135297,-1.63
1280,2005-03-23,1084,1084,1000,1031,346686,-4.89
1281,2005-03-24,1058,1058,1005,1031,23458,0.0
1282,2005-03-25,1018,1084,1018,1062,26384,3.01
1283,2005-03-28,1053,1093,1049,1084,19701,2.07
1284,2005-03-29,1084,1084,1040,1058,25834,-2.4
1285,2005-03-30,1022,1066,956,1027,29169,-2.93
1286,2005-03-31,1027,1058,1013,1058,37650,3.02
1287,2005-04-01,1080,1080,1044,1071,4287,1.23
1288,2005-04-04,1080,1080,1031,1062,13907,-0.84
1289,2005-04-06,1066,1066,1040,1049,4472,-1.22
1290,2005-04-07,1058,1058,1013,1031,26759,-1.72
1291,2005-04-08,1071,1071,1031,1053,11436,2.13
1292,2005-04-11,1031,1058,1022,1040,11703,-1.23
1293,2005-04-12,1093,1093,1022,1022,12316,-1.73
1294,2005-04-13,1058,1058,1027,1044,6183,2.15
1295,2005-04-14,1084,1084,1035,1058,1571,1.34
1296,2005-04-15,1093,1093,996,1044,5678,-1.32
1297,2005-04-18,917,987,917,921,14582,-11.78
1298,2005-04-19,921,952,921,947,11827,2.82
1299,2005-04-20,925,969,925,939,8187,-0.84
1300,2005-04-21,917,917,872,890,30490,-5.22
1301,2005-04-22,890,991,890,947,98102,6.4
1302,2005-04-25,947,947,912,912,9565,-3.7
1303,2005-04-26,930,956,921,925,27017,1.43
1304,2005-04-27,930,952,917,934,22662,0.97
1305,2005-04-28,934,952,925,943,20936,0.96
1306,2005-04-29,952,1000,934,952,17869,0.95
1307,2005-05-02,969,969,934,961,16516,0.95
1308,2005-05-03,1041,1041,943,965,15691,0.42
1309,2005-05-04,969,978,925,965,15799,0.0
1310,2005-05-06,1013,1022,974,1000,20027,3.63
1311,2005-05-09,1005,1005,969,1005,1980,0.5
1312,2005-05-10,969,1018,943,956,17809,-4.88
1313,2005-05-11,934,961,934,952,1694,-0.42
1314,2005-05-12,961,969,934,965,9751,1.37
1315,2005-05-13,969,969,939,952,21020,-1.35
1316,2005-05-16,934,969,925,965,4720,1.37
1317,2005-05-17,943,974,943,952,7106,-1.35
1318,2005-05-18,934,978,934,969,32688,1.79
1319,2005-05-19,939,987,939,978,14708,0.93
1320,2005-05-20,956,1124,956,1093,304764,11.76
1321,2005-05-23,1071,1102,1013,1097,136378,0.37
1322,2005-05-24,1093,1093,1040,1066,70113,-2.83
1323,2005-05-25,1071,1124,1031,1031,46138,-3.28
1324,2005-05-26,1022,1066,1022,1040,27579,0.87
1325,2005-05-27,1040,1194,1040,1159,523452,11.44
1326,2005-05-30,1199,1313,1119,1278,84447,10.27
1327,2005-05-31,1291,1291,1088,1088,673053,-14.87
1328,2005-06-01,1110,1110,1040,1062,78212,-2.39
1329,2005-06-02,1049,1080,1035,1053,74166,-0.85
1330,2005-06-03,1053,1075,1040,1075,56597,2.09
1331,2005-06-07,1053,1058,1009,1009,92820,-6.14
1332,2005-06-08,1009,1044,996,1005,41621,-0.4
1333,2005-06-09,978,1009,978,1000,63120,-0.5
1334,2005-06-10,1000,1031,1000,1005,49914,0.5
1335,2005-06-13,1005,1022,1005,1005,39459,0.0
1336,2005-06-14,1018,1018,987,991,56398,-1.39
1337,2005-06-15,987,1013,983,1005,42915,1.41
1338,2005-06-16,991,1018,991,996,29947,-0.9
1339,2005-06-17,991,1018,991,1005,43354,0.9
1340,2005-06-20,1027,1027,1000,1013,17361,0.8
1341,2005-06-21,1018,1027,996,1009,40592,-0.39
1342,2005-06-22,1013,1018,1005,1009,28421,0.0
1343,2005-06-23,1027,1027,1000,1018,49087,0.89
1344,2005-06-24,1013,1027,987,1013,65572,-0.49
1345,2005-06-27,1009,1022,991,1022,27450,0.89
1346,2005-06-28,1027,1035,1013,1013,21271,-0.88
1347,2005-06-29,1005,1027,996,1018,13299,0.49
1348,2005-06-30,1009,1027,1009,1013,10621,-0.49
1349,2005-07-01,1005,1031,1005,1022,16170,0.89
1350,2005-07-04,1022,1053,1013,1044,39003,2.15
1351,2005-07-05,1049,1049,1022,1031,26588,-1.25
1352,2005-07-06,1058,1093,1035,1066,61865,3.39
1353,2005-07-07,1066,1093,1062,1071,35292,0.47
1354,2005-07-08,1093,1093,1058,1066,8847,-0.47
1355,2005-07-11,1058,1097,1058,1084,66723,1.69
1356,2005-07-12,1102,1119,1071,1071,84475,-1.2
1357,2005-07-13,1071,1115,1066,1075,40120,0.37
1358,2005-07-14,1075,1110,1075,1093,65750,1.67
1359,2005-07-15,1115,1115,1080,1097,19572,0.37
1360,2005-07-18,1102,1172,1093,1172,83951,6.84
1361,2005-07-19,1137,1168,1119,1141,59811,-2.65
1362,2005-07-20,1159,1216,1128,1137,92675,-0.35
1363,2005-07-21,1181,1181,1132,1137,53363,0.0
1364,2005-07-22,1137,1137,1097,1106,42615,-2.73
1365,2005-07-25,1132,1132,1102,1110,58470,0.36
1366,2005-07-26,1110,1146,1106,1132,19741,1.98
1367,2005-07-27,1146,1163,1132,1163,20517,2.74
1368,2005-07-28,1168,1278,1163,1203,79188,3.44
1369,2005-07-29,1225,1225,1154,1154,53462,-4.07
1370,2005-08-01,1146,1225,1137,1172,38641,1.56
1371,2005-08-02,1207,1207,1159,1194,32519,1.88
1372,2005-08-03,1207,1225,1141,1146,53806,-4.02
1373,2005-08-04,1146,1168,1102,1132,31844,-1.22
1374,2005-08-05,1106,1124,1058,1102,32085,-2.65
1375,2005-08-08,1110,1115,1058,1084,16155,-1.63
1376,2005-08-09,1093,1119,1071,1102,3668,1.66
1377,2005-08-10,1119,1141,1088,1128,26663,2.36
1378,2005-08-11,1128,1154,1115,1128,2438,0.0
1379,2005-08-12,1119,1172,1119,1146,5214,1.6
1380,2005-08-16,1146,1146,1119,1146,6715,0.0
1381,2005-08-17,1110,1137,1106,1110,4702,-3.14
1382,2005-08-18,1137,1137,1097,1097,35236,-1.17
1383,2005-08-19,1124,1124,1102,1102,18323,0.46
1384,2005-08-22,1084,1132,1084,1128,14644,2.36
1385,2005-08-23,1141,1141,1110,1119,4887,-0.8
1386,2005-08-24,1110,1163,1110,1154,11159,3.13
1387,2005-08-25,1163,1163,1119,1146,5875,-0.69
1388,2005-08-26,1150,1159,1115,1146,11557,0.0
1389,2005-08-29,1102,1137,1084,1084,45910,-5.41
1390,2005-08-30,1097,1106,1071,1102,23189,1.66
1391,2005-08-31,1119,1119,1084,1119,880,1.54
1392,2005-09-01,1097,1163,1097,1137,14875,1.61
1393,2005-09-02,1137,1185,1128,1154,13262,1.5
1394,2005-09-05,1216,1216,1119,1119,14336,-3.03
1395,2005-09-06,1141,1141,1093,1110,45559,-0.8
1396,2005-09-07,1110,1132,1097,1124,44403,1.26
1397,2005-09-08,1110,1141,1110,1128,16595,0.36
1398,2005-09-09,1137,1137,1115,1137,14196,0.8
1399,2005-09-12,1137,1146,1102,1110,31046,-2.37
1400,2005-09-13,1119,1128,1093,1110,57924,0.0
1401,2005-09-14,1115,1115,1097,1106,18958,-0.36
1402,2005-09-15,1084,1110,1075,1110,23874,0.36
1403,2005-09-16,1093,1119,1088,1110,75111,0.0
1404,2005-09-20,1106,1119,1102,1106,9463,-0.36
1405,2005-09-21,1110,1110,1097,1110,32295,0.36
1406,2005-09-22,1102,1110,1097,1110,13093,0.0
1407,2005-09-23,1110,1119,1097,1115,12439,0.45
1408,2005-09-26,1102,1119,1102,1102,9993,-1.17
1409,2005-09-27,1102,1128,1102,1110,62331,0.73
1410,2005-09-28,1128,1159,1119,1132,78593,1.98
1411,2005-09-29,1154,1172,1124,1124,82913,-0.71
1412,2005-09-30,1137,1141,1097,1110,68120,-1.25
1413,2005-10-04,1132,1146,1110,1146,138770,3.24
1414,2005-10-05,1137,1199,1137,1190,264429,3.84
1415,2005-10-06,1225,1341,1203,1203,523411,1.09
1416,2005-10-07,1199,1199,1146,1159,396811,-3.66
1417,2005-10-10,1154,1199,1154,1172,152258,1.12
1418,2005-10-11,1185,1207,1172,1185,257842,1.11
1419,2005-10-12,1199,1216,1154,1185,150336,0.0
1420,2005-10-13,1172,1278,1168,1260,344617,6.33
1421,2005-10-14,1287,1366,1247,1317,443489,4.52
1422,2005-10-17,1322,1322,1251,1256,160963,-4.63
1423,2005-10-18,1234,1282,1168,1216,183084,-3.18
1424,2005-10-19,1199,1278,1176,1243,204174,2.22
1425,2005-10-20,1243,1295,1221,1295,482189,4.18
1426,2005-10-21,1295,1331,1212,1243,256667,-4.02
1427,2005-10-24,1251,1278,1212,1225,243772,-1.45
1428,2005-10-25,1260,1348,1229,1344,748181,9.71
1429,2005-10-26,1326,1392,1300,1340,442820,-0.3
1430,2005-10-27,1344,1482,1300,1366,1488720,1.94
1431,2005-10-28,1331,1472,1313,1384,1250313,1.32
1432,2005-10-31,1428,1591,1392,1591,1797233,14.96
1433,2005-11-01,1674,1745,1569,1586,1844884,-0.31
1434,2005-11-02,1569,1803,1538,1670,1352442,5.3
1435,2005-11-03,1661,1723,1564,1564,702797,-6.35
1436,2005-11-04,1503,1551,1454,1472,877590,-5.88
1437,2005-11-07,1507,1507,1428,1450,412479,-1.49
1438,2005-11-08,1472,1560,1454,1542,623940,6.34
1439,2005-11-09,1542,1560,1458,1458,272411,-5.45
1440,2005-11-10,1458,1494,1410,1472,353854,0.96
1441,2005-11-11,1458,1525,1436,1516,469418,2.99
1442,2005-11-14,1516,1569,1476,1485,285590,-2.04
1443,2005-11-15,1485,1489,1379,1384,429685,-6.8
1444,2005-11-16,1375,1397,1340,1340,271342,-3.18
1445,2005-11-17,1335,1366,1313,1326,394739,-1.04
1446,2005-11-18,1340,1362,1317,1344,338978,1.36
1447,2005-11-21,1340,1366,1304,1309,268342,-2.6
1448,2005-11-22,1309,1317,1260,1273,314109,-2.75
1449,2005-11-23,1273,1344,1273,1335,386429,4.87
1450,2005-11-24,1344,1344,1295,1304,280760,-2.32
1451,2005-11-25,1304,1384,1300,1362,385470,4.45
1452,2005-11-28,1375,1375,1340,1344,243112,-1.32
1453,2005-11-29,1335,1348,1313,1317,109902,-2.01
1454,2005-11-30,1309,1375,1304,1348,227456,2.35
1455,2005-12-01,1348,1547,1348,1454,1634910,7.86
1456,2005-12-02,1485,1485,1388,1436,608251,-1.24
1457,2005-12-05,1436,1472,1397,1472,319971,2.51
1458,2005-12-06,1494,1494,1423,1450,327148,-1.49
1459,2005-12-07,1454,1516,1392,1401,400334,-3.38
1460,2005-12-08,1388,1414,1304,1353,164408,-3.43
1461,2005-12-09,1326,1375,1326,1340,107593,-0.96
1462,2005-12-12,1340,1423,1340,1410,342359,5.22
1463,2005-12-13,1414,1436,1388,1436,171188,1.84
1464,2005-12-14,1441,1472,1401,1436,289073,0.0
1465,2005-12-15,1445,1560,1423,1467,755126,2.16
1466,2005-12-16,1401,1432,1322,1362,285040,-7.16
1467,2005-12-19,1335,1414,1335,1375,179049,0.95
1468,2005-12-20,1379,1414,1370,1414,290425,2.84
1469,2005-12-21,1414,1498,1410,1436,560614,1.56
1470,2005-12-22,1454,1481,1331,1344,311152,-6.41
1471,2005-12-23,1348,1353,1251,1282,301157,-4.61
1472,2005-12-26,1265,1309,1265,1291,122582,0.7
1473,2005-12-27,1287,1309,1282,1287,105803,-0.31
1474,2005-12-28,1273,1287,1238,1287,85577,0.0
1475,2005-12-29,1291,1317,1282,1304,84100,1.32
1476,2006-01-02,1295,1322,1295,1309,83901,0.38
1477,2006-01-03,1313,1340,1304,1331,99144,1.68
1478,2006-01-04,1340,1344,1309,1309,75200,-1.65
1479,2006-01-05,1304,1317,1251,1269,147323,-3.06
1480,2006-01-06,1269,1269,1234,1256,211247,-1.02
1481,2006-01-09,1260,1260,1234,1234,106090,-1.75
1482,2006-01-10,1234,1265,1212,1265,112917,2.51
1483,2006-01-11,1238,1265,1225,1229,109227,-2.85
1484,2006-01-12,1243,1251,1225,1229,61602,0.0
1485,2006-01-13,1229,1251,1212,1229,76342,0.0
1486,2006-01-16,1234,1243,1221,1234,125855,0.41
1487,2006-01-17,1234,1247,1225,1229,115338,-0.41
1488,2006-01-18,1234,1234,1146,1190,143844,-3.17
1489,2006-01-19,1216,1216,1159,1190,141407,0.0
1490,2006-01-20,1185,1207,1119,1128,79919,-5.21
1491,2006-01-23,1031,1146,961,961,184575,-14.8
1492,2006-01-24,961,1031,899,1022,89664,6.35
1493,2006-01-25,1013,1062,1013,1031,77293,0.88
1494,2006-01-26,1027,1053,1027,1044,25126,1.26
1495,2006-01-27,1049,1080,1049,1075,85172,2.97
1496,2006-01-31,1075,1119,1071,1106,129120,2.88
1497,2006-02-01,1093,1093,1035,1053,69972,-4.79
1498,2006-02-02,1058,1066,1022,1049,48628,-0.38
1499,2006-02-03,1018,1049,1018,1018,81706,-2.96
1500,2006-02-06,1053,1053,1009,1018,40615,0.0
1501,2006-02-07,1005,1035,1005,1035,51885,1.67
1502,2006-02-08,1022,1053,1022,1022,27172,-1.26
1503,2006-02-09,1031,1044,1031,1044,27035,2.15
1504,2006-02-10,1027,1053,1027,1044,6038,0.0
1505,2006-02-13,1044,1058,1027,1027,16574,-1.63
1506,2006-02-14,1022,1044,1013,1031,28670,0.39
1507,2006-02-15,1040,1062,978,996,148997,-3.39
1508,2006-02-16,1000,1005,987,996,32266,0.0
1509,2006-02-17,1005,1022,987,1009,42086,1.31
1510,2006-02-20,1009,1009,987,1000,32049,-0.89
1511,2006-02-21,1000,1000,978,983,45893,-1.7
1512,2006-02-22,978,996,978,996,40382,1.32
1513,2006-02-23,991,1013,991,1009,69463,1.31
1514,2006-02-24,1000,1022,996,1013,26669,0.4
1515,2006-02-27,1018,1084,1005,1035,76971,2.17
1516,2006-02-28,1040,1062,1027,1035,25041,0.0
1517,2006-03-02,1031,1066,1022,1044,57995,0.87
1518,2006-03-03,1022,1049,1018,1049,25905,0.48
1519,2006-03-06,1040,1084,1031,1053,15315,0.38
1520,2006-03-07,1058,1066,1035,1062,30198,0.85
1521,2006-03-08,1049,1106,1022,1049,30361,-1.22
1522,2006-03-09,1084,1084,1022,1044,35829,-0.48
1523,2006-03-10,1049,1053,1022,1040,22251,-0.38
1524,2006-03-13,1053,1058,1035,1044,52709,0.38
1525,2006-03-14,1049,1102,1044,1058,27251,1.34
1526,2006-03-15,1062,1071,1035,1040,46956,-1.7
1527,2006-03-16,1040,1062,1035,1053,31560,1.25
1528,2006-03-17,1062,1062,1031,1049,41797,-0.38
1529,2006-03-20,1035,1062,1035,1053,29834,0.38
1530,2006-03-21,1053,1053,1040,1053,30403,0.0
1531,2006-03-22,1058,1058,1031,1053,17819,0.0
1532,2006-03-23,1062,1084,1040,1058,59939,0.47
1533,2006-03-24,1080,1080,1009,1053,52051,-0.47
1534,2006-03-27,1058,1058,1031,1035,32152,-1.71
1535,2006-03-28,1018,1031,1005,1005,57067,-2.9
1536,2006-03-29,996,1031,996,1022,17663,1.69
1537,2006-03-30,1022,1040,1018,1031,36062,0.88
1538,2006-03-31,1022,1049,1022,1044,7097,1.26
1539,2006-04-03,1053,1110,1049,1102,80581,5.56
1540,2006-04-04,1119,1265,1097,1150,970435,4.36
1541,2006-04-05,1203,1203,1119,1154,135522,0.35
1542,2006-04-06,1163,1163,1124,1146,67234,-0.69
1543,2006-04-07,1141,1317,1141,1181,1823334,3.05
1544,2006-04-10,1163,1225,1128,1212,322155,2.62
1545,2006-04-11,1199,1362,1199,1216,1483062,0.33
1546,2006-04-12,1199,1273,1194,1221,154714,0.41
1547,2006-04-13,1225,1300,1225,1234,173994,1.06
1548,2006-04-14,1243,1256,1190,1229,149067,-0.41
1549,2006-04-17,1225,1243,1190,1190,103269,-3.17
1550,2006-04-18,1172,1216,1163,1168,65347,-1.85
1551,2006-04-19,1176,1203,1159,1159,124716,-0.77
1552,2006-04-20,1154,1181,1141,1168,68384,0.78
1553,2006-04-21,1176,1194,1154,1159,66319,-0.77
1554,2006-04-24,1159,1181,1150,1163,48107,0.35
1555,2006-04-25,1154,1251,1154,1221,220434,4.99
1556,2006-04-26,1216,1278,1216,1269,223579,3.93
1557,2006-04-27,1287,1295,1216,1238,108159,-2.44
1558,2006-04-28,1229,1234,1146,1176,141028,-5.01
1559,2006-05-02,1154,1163,1128,1141,44226,-2.98
1560,2006-05-03,1137,1181,1124,1146,92481,0.44
1561,2006-05-04,1124,1168,1110,1119,77748,-2.36
1562,2006-05-08,1124,1163,1119,1119,58020,0.0
1563,2006-05-09,1110,1150,1110,1124,21482,0.45
1564,2006-05-10,1115,1132,1102,1119,37326,-0.44
1565,2006-05-11,1137,1159,1110,1124,51745,0.45
1566,2006-05-12,1115,1137,1093,1137,18552,1.16
1567,2006-05-15,1172,1172,1128,1163,52189,2.29
1568,2006-05-16,1150,1190,1119,1159,24242,-0.34
1569,2006-05-17,1137,1168,1106,1132,33229,-2.33
1570,2006-05-18,1106,1110,1044,1049,76067,-7.33
1571,2006-05-19,1040,1088,1031,1071,14093,2.1
1572,2006-05-22,1062,1115,1044,1075,41410,0.37
1573,2006-05-23,1071,1097,1044,1084,12122,0.84
1574,2006-05-24,1066,1097,1049,1066,33621,-1.66
1575,2006-05-25,1058,1071,1022,1031,21028,-3.28
1576,2006-05-26,1035,1062,1035,1053,32712,2.13
1577,2006-05-29,1040,1071,1040,1062,35515,0.85
1578,2006-05-30,1062,1102,1049,1084,52420,2.07
1579,2006-06-01,1084,1124,1027,1040,31059,-4.06
1580,2006-06-02,1044,1088,1013,1049,41872,0.87
1581,2006-06-05,1031,1062,1027,1035,8722,-1.33
1582,2006-06-07,991,1040,939,974,31174,-5.89
1583,2006-06-08,969,1013,925,983,38856,0.92
1584,2006-06-09,987,1128,987,1128,907219,14.75
1585,2006-06-12,1132,1221,1071,1132,1045925,0.35
1586,2006-06-13,1133,1147,965,965,886215,-14.75
1587,2006-06-14,965,965,868,925,932355,-4.15
1588,2006-06-15,943,961,899,908,268105,-1.84
1589,2006-06-16,921,939,899,908,275857,0.0
1590,2006-06-19,899,899,877,886,84459,-2.42
1591,2006-06-20,881,890,868,872,95537,-1.58
1592,2006-06-21,877,890,864,886,101502,1.61
1593,2006-06-22,886,899,877,881,111985,-0.56
1594,2006-06-23,881,881,864,868,55787,-1.48
1595,2006-06-26,881,881,868,877,51881,1.04
1596,2006-06-27,872,886,868,877,53141,0.0
1597,2006-06-28,872,925,864,881,92921,0.46
1598,2006-06-29,908,925,881,899,64641,2.04
1599,2006-06-30,925,925,903,917,48178,2.0
1600,2006-07-03,943,943,917,921,34817,0.44
1601,2006-07-04,934,943,917,917,41695,-0.43
1602,2006-07-05,908,934,899,930,27742,1.42
1603,2006-07-06,934,943,903,925,29498,-0.54
1604,2006-07-07,917,952,917,939,54964,1.51
1605,2006-07-10,921,930,908,921,24857,-1.92
1606,2006-07-11,912,934,912,912,31831,-0.98
1607,2006-07-12,908,934,899,925,22214,1.43
1608,2006-07-13,917,930,899,917,31742,-0.86
1609,2006-07-14,890,908,872,886,61077,-3.38
1610,2006-07-18,872,912,872,886,8274,0.0
1611,2006-07-19,903,903,877,890,28632,0.45
1612,2006-07-20,890,917,890,903,37358,1.46
1613,2006-07-21,890,908,886,903,8073,0.0
1614,2006-07-24,881,921,881,890,39276,-1.44
1615,2006-07-25,890,921,890,903,13998,1.46
1616,2006-07-26,925,925,899,903,18913,0.0
1617,2006-07-27,952,952,903,917,5569,1.55
1618,2006-07-28,908,930,908,930,36495,1.42
1619,2006-07-31,952,987,930,943,23383,1.4
1620,2006-08-01,899,961,899,947,14266,0.42
1621,2006-08-02,925,961,925,952,25244,0.53
1622,2006-08-03,952,961,934,952,9524,0.0
1623,2006-08-04,943,956,934,956,11866,0.42
1624,2006-08-07,947,965,925,943,37059,-1.36
1625,2006-08-08,917,1005,912,947,8355,0.42
1626,2006-08-09,925,987,921,925,14921,-2.32
1627,2006-08-10,925,939,917,939,13218,1.51
1628,2006-08-11,925,1071,925,1044,189725,11.18
1629,2006-08-14,1022,1049,1018,1018,43730,-2.49
1630,2006-08-16,1040,1066,1031,1053,72384,3.44
1631,2006-08-17,1053,1058,996,1058,40629,0.47
1632,2006-08-18,1040,1146,1040,1110,82097,4.91
1633,2006-08-21,1146,1154,1097,1137,51280,2.43
1634,2006-08-22,1119,1159,1110,1146,32360,0.79
1635,2006-08-23,1137,1146,1102,1110,39680,-3.14
1636,2006-08-24,1080,1124,1058,1075,44058,-3.15
1637,2006-08-25,1102,1102,1066,1093,42160,1.67
1638,2006-08-28,1093,1102,1066,1093,34128,0.0
1639,2006-08-29,1106,1106,1080,1093,38507,0.0
1640,2006-08-30,1084,1110,1084,1102,6645,0.82
1641,2006-08-31,1110,1115,1084,1110,35070,0.73
1642,2006-09-01,1093,1119,1093,1119,10171,0.81
1643,2006-09-04,1110,1119,1097,1119,25214,0.0
1644,2006-09-05,1115,1190,1106,1176,51092,5.09
1645,2006-09-06,1251,1256,1154,1181,79553,0.43
1646,2006-09-07,1159,1176,1119,1137,30614,-3.73
1647,2006-09-08,1141,1141,1115,1141,14953,0.35
1648,2006-09-11,1128,1154,1110,1128,25859,-1.14
1649,2006-09-12,1146,1146,1102,1128,15033,0.0
1650,2006-09-13,1141,1141,1110,1141,38740,1.15
1651,2006-09-14,1119,1159,1115,1146,47737,0.44
1652,2006-09-15,1159,1159,1106,1132,22671,-1.22
1653,2006-09-18,1128,1141,1119,1119,26217,-1.15
1654,2006-09-19,1119,1159,1119,1137,49038,1.61
1655,2006-09-20,1146,1146,1110,1132,13808,-0.44
1656,2006-09-21,1137,1137,1093,1097,63467,-3.09
1657,2006-09-22,1102,1115,1075,1102,19666,0.46
1658,2006-09-25,1093,1106,1084,1084,29354,-1.63
1659,2006-09-26,1080,1093,1075,1080,22276,-0.37
1660,2006-09-27,1088,1110,1075,1097,49833,1.57
1661,2006-09-28,1093,1097,1080,1084,51871,-1.19
1662,2006-09-29,1093,1124,1093,1115,25918,2.86
1663,2006-10-02,1119,1124,1102,1119,89750,0.36
1664,2006-10-04,1119,1119,1084,1115,39074,-0.36
1665,2006-10-09,1106,1110,991,1000,352166,-10.31
1666,2006-10-10,974,1022,974,1009,123337,0.9
1667,2006-10-11,991,1013,965,983,134316,-2.58
1668,2006-10-12,978,1035,978,1013,23608,3.05
1669,2006-10-13,1005,1084,1005,1058,143165,4.44
1670,2006-10-16,1066,1119,1053,1058,214859,0.0
1671,2006-10-17,1071,1084,1022,1049,43284,-0.85
1672,2006-10-18,1049,1141,1031,1119,326116,6.67
1673,2006-10-19,1141,1141,1088,1088,89082,-2.77
1674,2006-10-20,1106,1119,1088,1106,19651,1.65
1675,2006-10-23,1106,1128,1097,1097,48519,-0.81
1676,2006-10-24,1093,1137,1093,1106,50824,0.82
1677,2006-10-25,1102,1119,1080,1093,43812,-1.18
1678,2006-10-26,1106,1110,1088,1106,29098,1.19
1679,2006-10-27,1115,1115,1075,1084,30388,-1.99
1680,2006-10-30,1075,1106,1066,1088,28704,0.37
1681,2006-10-31,1097,1110,1075,1106,31934,1.65
1682,2006-11-01,1106,1150,1106,1137,68834,2.8
1683,2006-11-02,1137,1225,1124,1194,95814,5.01
1684,2006-11-03,1199,1207,1163,1203,81661,0.75
1685,2006-11-06,1190,1251,1181,1234,167168,2.58
1686,2006-11-07,1251,1419,1234,1392,2001374,12.8
1687,2006-11-08,1388,1432,1326,1428,804779,2.59
1688,2006-11-09,1410,1454,1388,1428,285365,0.0
1689,2006-11-10,1423,1481,1379,1414,745628,-0.98
1690,2006-11-13,1392,1472,1348,1441,705012,1.91
1691,2006-11-14,1454,1454,1410,1423,189755,-1.25
1692,2006-11-15,1384,1441,1317,1344,455748,-5.55
1693,2006-11-16,1357,1388,1322,1362,151764,1.34
1694,2006-11-17,1384,1410,1322,1362,305063,0.0
1695,2006-11-20,1362,1401,1335,1401,160024,2.86
1696,2006-11-21,1410,1525,1384,1384,468593,-1.21
1697,2006-11-22,1392,1401,1348,1370,193907,-1.01
1698,2006-11-23,1375,1401,1353,1357,116687,-0.95
1699,2006-11-24,1375,1560,1357,1560,971198,14.96
1700,2006-11-27,1644,1740,1569,1710,1121906,9.62
1701,2006-11-28,1674,1771,1630,1767,695262,3.33
1702,2006-11-29,1802,1881,1745,1881,518594,6.45
1703,2006-11-30,1895,1904,1763,1837,515548,-2.34
1704,2006-12-01,1846,1846,1657,1780,516025,-3.1
1705,2006-12-04,1780,1855,1718,1855,233450,4.21
1706,2006-12-05,1877,1912,1811,1895,341910,2.16
1707,2006-12-06,1873,1904,1815,1851,256913,-2.32
1708,2006-12-07,1829,1859,1718,1807,344470,-2.38
1709,2006-12-08,1780,1833,1674,1763,271491,-2.43
1710,2006-12-11,1723,1815,1613,1710,166287,-3.01
1711,2006-12-12,1736,1785,1657,1701,888866,-0.53
1712,2006-12-13,1674,1710,1622,1648,253646,-3.12
1713,2006-12-14,1635,1692,1604,1692,400244,2.67
1714,2006-12-15,1692,1745,1652,1701,246607,0.53
1715,2006-12-18,1736,1776,1683,1771,304178,4.12
1716,2006-12-19,1824,1917,1767,1912,1049544,7.96
1717,2006-12-20,1921,1921,1837,1851,320853,-3.19
1718,2006-12-21,1855,1855,1705,1798,469771,-2.86
1719,2006-12-22,1745,1807,1679,1798,302323,0.0
1720,2006-12-26,1789,1798,1727,1736,226219,-3.45
1721,2006-12-27,1701,1737,1644,1670,416744,-3.8
1722,2006-12-28,1622,1842,1622,1842,192120,10.3
1723,2007-01-02,1789,1815,1723,1785,166515,-3.09
1724,2007-01-03,1785,1785,1710,1785,321269,0.0
1725,2007-01-04,1785,2049,1776,2049,874899,14.79
1726,2007-01-05,2163,2208,2027,2150,1276723,4.93
1727,2007-01-08,2150,2252,2071,2181,713542,1.44
1728,2007-01-09,2163,2234,1983,2009,741983,-7.89
1729,2007-01-10,2009,2009,1859,1921,332694,-4.38
1730,2007-01-11,1895,2137,1895,2137,717227,11.24
1731,2007-01-12,2106,2181,2040,2150,365146,0.61
1732,2007-01-15,2089,2203,2071,2124,275841,-1.21
1733,2007-01-16,2115,2159,2036,2106,310813,-0.85
1734,2007-01-17,2124,2128,1965,2062,459336,-2.09
1735,2007-01-18,2084,2115,1992,1996,205865,-3.2
1736,2007-01-19,1956,2027,1939,1939,208072,-2.86
1737,2007-01-22,1948,1983,1851,1912,134762,-1.39
1738,2007-01-23,1873,1974,1789,1886,227352,-1.36
1739,2007-01-24,1921,1921,1833,1851,169499,-1.86
1740,2007-01-25,1851,2124,1851,2097,549234,13.29
1741,2007-01-26,2027,2238,2005,2181,466276,4.01
1742,2007-01-29,2181,2291,2133,2159,338488,-1.01
1743,2007-01-30,2115,2450,2106,2371,676735,9.82
1744,2007-01-31,2388,2423,2278,2296,356574,-3.16
1745,2007-02-01,2296,2318,2194,2203,267932,-4.05
1746,2007-02-02,2225,2265,2141,2243,408925,1.82
1747,2007-02-05,2234,2269,2027,2155,460778,-3.92
1748,2007-02-06,2172,2172,1930,2027,897952,-5.94
1749,2007-02-07,2027,2146,2009,2106,488899,3.9
1750,2007-02-08,2163,2291,2128,2291,590421,8.78
1751,2007-02-09,2291,2393,2252,2388,456778,4.23
1752,2007-02-12,2362,2454,2335,2423,262115,1.47
1753,2007-02-13,2397,2512,2397,2485,503665,2.56
1754,2007-02-14,2512,2609,2468,2512,912392,1.09
1755,2007-02-15,2512,2556,2344,2450,375417,-2.47
1756,2007-02-16,2423,2450,2300,2379,371533,-2.9
1757,2007-02-20,2379,2379,2089,2089,672540,-12.19
1758,2007-02-21,2115,2278,2089,2247,618483,7.56
1759,2007-02-22,2300,2309,2172,2212,508055,-1.56
1760,2007-02-23,2212,2212,2036,2203,500671,-0.41
1761,2007-02-26,2186,2203,2146,2146,312064,-2.59
1762,2007-02-27,2141,2225,2128,2221,374524,3.49
1763,2007-02-28,2141,2159,2045,2141,380688,-3.6
1764,2007-03-02,2141,2141,2053,2119,302210,-1.03
1765,2007-03-05,2133,2177,2058,2062,438269,-2.69
1766,2007-03-06,2053,2106,2000,2049,470742,-0.63
1767,2007-03-07,2058,2071,1939,1939,392512,-5.37
1768,2007-03-08,1952,2230,1943,2115,1753848,9.08
1769,2007-03-09,2115,2181,2031,2146,539786,1.47
1770,2007-03-12,2186,2340,2089,2309,683075,7.6
1771,2007-03-13,2309,2388,2265,2371,457279,2.69
1772,2007-03-14,2296,2335,2269,2322,255333,-2.07
1773,2007-03-15,2375,2472,2304,2450,395212,5.51
1774,2007-03-16,2450,2714,2450,2609,890825,6.49
1775,2007-03-19,2609,2688,2529,2600,402112,-0.34
1776,2007-03-20,2635,2661,2476,2582,753361,-0.69
1777,2007-03-21,2582,2692,2582,2661,541902,3.06
1778,2007-03-22,2670,2789,2639,2688,346521,1.01
1779,2007-03-23,2635,2679,2476,2529,444712,-5.92
1780,2007-03-26,2485,2547,2459,2525,166344,-0.16
1781,2007-03-27,2551,2688,2551,2595,630996,2.77
1782,2007-03-28,2556,2604,2512,2556,263316,-1.5
1783,2007-03-29,2556,2591,2344,2406,340577,-5.87
1784,2007-03-30,2379,2441,2053,2159,1190467,-10.27
1785,2007-04-02,2230,2230,2106,2155,549264,-0.19
1786,2007-04-03,2155,2177,2093,2128,352297,-1.25
1787,2007-04-04,2163,2221,2111,2177,624839,2.3
1788,2007-04-05,2221,2230,2137,2186,334036,0.41
1789,2007-04-06,2186,2203,2084,2084,428099,-4.67
1790,2007-04-09,2084,2133,2027,2102,291727,0.86
1791,2007-04-10,2128,2155,2093,2115,235461,0.62
1792,2007-04-11,2115,2146,2084,2097,394098,-0.85
1793,2007-04-12,2093,2102,2018,2036,371666,-2.91
1794,2007-04-13,2045,2282,2045,2238,1111194,9.92
1795,2007-04-16,2318,2459,2300,2406,908549,7.51
1796,2007-04-17,2379,2415,2177,2265,427910,-5.86
1797,2007-04-18,2256,2296,2190,2260,286987,-0.22
1798,2007-04-19,2335,2388,2203,2203,337345,-2.52
1799,2007-04-20,2203,2291,2190,2230,266473,1.23
1800,2007-04-23,2256,2291,2146,2221,356049,-0.4
1801,2007-04-24,2190,2225,2150,2190,181916,-1.4
1802,2007-04-25,2168,2177,2093,2097,231959,-4.25
1803,2007-04-26,2071,2406,2058,2274,1575200,8.44
1804,2007-04-27,2274,2318,2093,2111,533964,-7.17
1805,2007-04-30,2093,2238,2089,2155,247437,2.08
1806,2007-05-02,2212,2304,2190,2234,393875,3.67
1807,2007-05-03,2282,2441,2247,2415,869768,8.1
1808,2007-05-04,2423,2494,2366,2468,463523,2.19
1809,2007-05-07,2463,2838,2463,2838,1253591,14.99
1810,2007-05-08,2952,3261,2838,2908,6697333,2.47
1811,2007-05-09,2979,3084,2846,2895,2529824,-0.45
1812,2007-05-10,2996,3327,2996,3327,4375978,14.92
1813,2007-05-11,3371,3728,3159,3181,5332525,-4.39
1814,2007-05-14,3265,3318,2824,2899,2130181,-8.87
1815,2007-05-15,2908,2983,2802,2820,767503,-2.73
1816,2007-05-16,2833,2948,2824,2864,825380,1.56
1817,2007-05-17,2943,3146,2926,3032,1286641,5.87
1818,2007-05-18,3071,3076,2868,2908,384403,-4.09
1819,2007-05-21,2891,2891,2758,2802,466695,-3.65
1820,2007-05-22,2860,2952,2798,2935,459182,4.75
1821,2007-05-23,2970,3067,2943,3014,526453,2.69
1822,2007-05-25,2913,2943,2838,2908,453424,-3.52
1823,2007-05-28,2917,3199,2904,3084,817409,6.05
1824,2007-05-29,3084,3128,2987,3036,537767,-1.56
1825,2007-05-30,3084,3415,3054,3291,1565433,8.4
1826,2007-05-31,3314,3450,3128,3247,670777,-1.34
1827,2007-06-01,3269,3327,2987,3036,642787,-6.5
1828,2007-06-04,3040,3045,2864,2926,398283,-3.62
1829,2007-06-05,2961,3111,2926,3049,251188,4.2
1830,2007-06-07,3124,3481,3093,3314,1501701,8.69
1831,2007-06-08,3358,3380,3146,3243,481384,-2.14
1832,2007-06-11,3314,3314,3084,3106,331771,-4.22
1833,2007-06-12,3164,3164,2974,3045,318686,-1.96
1834,2007-06-13,3058,3190,3058,3142,303650,3.19
1835,2007-06-14,3217,3291,3106,3128,464142,-0.45
1836,2007-06-15,3128,3173,3054,3098,380865,-0.96
1837,2007-06-18,3115,3217,3084,3133,583179,1.13
1838,2007-06-19,3199,3521,3133,3278,1522244,4.63
1839,2007-06-20,3384,3692,3305,3375,1574356,2.96
1840,2007-06-21,3393,3600,3278,3600,741469,6.67
1841,2007-06-22,3657,3974,3604,3604,1400495,0.11
1842,2007-06-25,3551,3807,3305,3428,670619,-4.88
1843,2007-06-26,3507,3578,3252,3336,343056,-2.68
1844,2007-06-27,3340,3349,3098,3146,299471,-5.7
1845,2007-06-28,3186,3291,3186,3287,200597,4.48
1846,2007-06-29,3305,3394,3173,3221,133047,-2.01
1847,2007-07-02,3225,3296,3221,3296,121234,2.33
1848,2007-07-03,3384,3516,3278,3322,272523,0.79
1849,2007-07-04,3362,3384,3278,3283,218423,-1.17
1850,2007-07-05,3305,3371,3239,3287,203091,0.12
1851,2007-07-06,3305,3340,3120,3173,281080,-3.47
1852,2007-07-09,3173,3234,2996,3023,420709,-4.73
1853,2007-07-10,3040,3128,3009,3080,270395,1.89
1854,2007-07-11,3040,3106,2930,3027,147351,-1.72
1855,2007-07-12,3040,3150,2983,3093,224655,2.18
1856,2007-07-13,3155,3225,3093,3221,340015,4.14
1857,2007-07-16,3243,3358,3221,3234,451439,0.4
1858,2007-07-18,3278,3477,3278,3278,350476,1.36
1859,2007-07-19,3287,3366,3067,3093,446533,-5.64
1860,2007-07-20,3137,3146,3045,3076,255501,-0.55
1861,2007-07-23,3084,3084,2992,3009,277583,-2.18
1862,2007-07-24,3049,3120,2983,3049,101743,1.33
1863,2007-07-25,3084,3142,3014,3106,112381,1.87
1864,2007-07-26,3120,3120,2996,3036,130773,-2.25
1865,2007-07-27,2996,2996,2811,2829,183913,-6.82
1866,2007-07-30,2838,2855,2714,2776,96555,-1.87
1867,2007-07-31,2794,2987,2794,2926,129794,5.4
1868,2007-08-01,2961,2961,2767,2851,94950,-2.56
1869,2007-08-02,2935,2935,2679,2824,156214,-0.95
1870,2007-08-03,2970,2970,2824,2926,146123,3.61
1871,2007-08-06,2873,2921,2714,2758,332114,-5.74
1872,2007-08-07,2855,2855,2714,2714,248971,-1.6
1873,2007-08-08,2758,2758,2520,2626,364665,-3.24
1874,2007-08-09,2648,2719,2564,2573,300057,-2.02
1875,2007-08-10,2582,2710,2573,2604,305259,1.2
1876,2007-08-13,2670,2864,2600,2609,700978,0.19
1877,2007-08-14,2626,2701,2560,2573,282138,-1.38
1878,2007-08-16,2473,2473,2190,2190,301631,-14.89
1879,2007-08-17,2146,2291,2089,2089,335903,-4.61
1880,2007-08-20,2137,2362,2137,2340,307772,12.02
1881,2007-08-21,2344,2495,2291,2375,322150,1.5
1882,2007-08-22,2357,2459,2357,2397,131797,0.93
1883,2007-08-23,2494,2622,2476,2520,226285,5.13
1884,2007-08-24,2520,2556,2437,2516,116919,-0.16
1885,2007-08-27,2600,2639,2512,2529,167982,0.52
1886,2007-08-28,2507,2582,2494,2525,135663,-0.16
1887,2007-08-29,2468,2578,2410,2525,135880,0.0
1888,2007-08-30,2732,2732,2573,2639,139726,4.51
1889,2007-08-31,2644,2692,2551,2626,140374,-0.49
1890,2007-09-03,2644,2864,2644,2820,324706,7.39
1891,2007-09-04,2864,2877,2727,2732,201457,-3.12
1892,2007-09-05,2794,2864,2789,2798,201136,2.42
1893,2007-09-06,2807,2891,2732,2785,250113,-0.46
1894,2007-09-07,2833,2873,2705,2772,125144,-0.47
1895,2007-09-10,2679,2710,2573,2600,184430,-6.2
1896,2007-09-11,2688,2820,2644,2688,263949,3.38
1897,2007-09-12,2776,2838,2692,2692,201011,0.15
1898,2007-09-13,2653,2732,2586,2732,157074,1.49
1899,2007-09-14,2732,2767,2635,2732,121184,0.0
1900,2007-09-17,2705,2811,2705,2754,179080,0.81
1901,2007-09-18,2758,2767,2679,2679,150231,-2.72
1902,2007-09-19,2763,2767,2595,2600,248685,-2.95
1903,2007-09-20,2600,2727,2591,2600,159915,0.0
1904,2007-09-21,2661,2675,2547,2547,136193,-2.04
1905,2007-09-27,2564,2644,2534,2538,117601,-0.35
1906,2007-09-28,2490,2582,2490,2582,110039,1.73
1907,2007-10-01,2600,2666,2600,2657,154101,2.9
1908,2007-10-02,2710,2710,2626,2626,71055,-1.17
1909,2007-10-04,2595,2639,2582,2591,96498,-1.33
1910,2007-10-05,2556,2631,2494,2551,165585,-1.54
1911,2007-10-08,2591,2622,2503,2503,81197,-1.88
1912,2007-10-09,2485,2520,2432,2450,135255,-2.12
1913,2007-10-10,2423,2485,2415,2454,99992,0.16
1914,2007-10-11,2481,2494,2379,2472,126508,0.73
1915,2007-10-12,2472,2516,2463,2494,88352,0.89
1916,2007-10-15,2520,2710,2463,2600,405420,4.25
1917,2007-10-16,2600,2617,2494,2494,230371,-4.08
1918,2007-10-17,2529,2529,2406,2419,105321,-3.01
1919,2007-10-18,2472,2503,2423,2468,82658,2.03
1920,2007-10-19,2423,2494,2423,2441,98872,-1.09
1921,2007-10-22,2327,2353,2230,2353,105181,-3.61
1922,2007-10-23,2445,2454,2388,2432,41330,3.36
1923,2007-10-24,2454,2454,2344,2432,84042,0.0
1924,2007-10-25,2406,2450,2362,2362,45265,-2.88
1925,2007-10-26,2362,2384,2291,2318,85097,-1.86
1926,2007-10-29,2331,2375,2291,2344,75558,1.12
1927,2007-10-30,2357,2406,2309,2406,89281,2.65
1928,2007-10-31,2437,2600,2423,2494,130411,3.66
1929,2007-11-01,2556,2573,2468,2472,83339,-0.88
1930,2007-11-02,2437,2542,2437,2529,97076,2.31
1931,2007-11-05,2529,2556,2450,2468,96819,-2.41
1932,2007-11-06,2468,2556,2459,2556,85804,3.57
1933,2007-11-07,2529,2582,2459,2494,81687,-2.43
1934,2007-11-08,2445,2512,2428,2432,65594,-2.49
1935,2007-11-09,2423,2476,2401,2437,38664,0.21
1936,2007-11-12,2397,2397,2296,2309,54544,-5.25
1937,2007-11-13,2371,2371,2256,2340,38308,1.34
1938,2007-11-14,2353,2423,2340,2397,20067,2.44
1939,2007-11-15,2379,2459,2362,2397,19152,0.0
1940,2007-11-16,2463,2463,2318,2357,81587,-1.67
1941,2007-11-19,2379,2379,2340,2357,28967,0.0
1942,2007-11-20,2309,2375,2300,2335,23887,-0.93
1943,2007-11-21,2335,2406,2291,2291,29516,-1.88
1944,2007-11-22,2291,2291,2115,2243,48053,-2.1
1945,2007-11-23,2155,2265,2075,2106,73848,-6.11
1946,2007-11-26,2124,2177,2124,2137,37609,1.47
1947,2007-11-27,2137,2137,2022,2049,151735,-4.12
1948,2007-11-28,2102,2102,2031,2045,33698,-0.2
1949,2007-11-29,2089,2119,2040,2106,83535,2.98
1950,2007-11-30,2155,2186,2106,2186,33156,3.8
1951,2007-12-03,2265,2265,2155,2159,78048,-1.24
1952,2007-12-04,2150,2230,2146,2163,36185,0.19
1953,2007-12-05,2186,2203,2106,2199,46651,1.66
1954,2007-12-06,2313,2525,2304,2525,627362,14.82
1955,2007-12-07,2595,2600,2384,2445,299226,-3.17
1956,2007-12-10,2441,2454,2335,2419,98873,-1.06
1957,2007-12-11,2538,2538,2401,2410,93496,-0.37
1958,2007-12-12,2344,2410,2291,2362,55013,-1.99
1959,2007-12-13,2362,2406,2349,2393,35552,1.31
1960,2007-12-14,2415,2419,2335,2415,27892,0.92
1961,2007-12-17,2379,2428,2256,2256,36221,-6.58
1962,2007-12-18,2256,2318,2159,2318,44183,2.75
1963,2007-12-20,2296,2366,2278,2340,23239,0.95
1964,2007-12-21,2278,2291,2203,2269,55573,-3.03
1965,2007-12-24,2287,2287,2203,2221,90694,-2.12
1966,2007-12-26,2212,2269,2199,2269,90051,2.16
1967,2007-12-27,2274,2274,2203,2216,50747,-2.34
1968,2007-12-28,2234,2265,2216,2265,21021,2.21
1969,2008-01-02,2274,2300,2230,2291,37384,1.15
1970,2008-01-03,2291,2291,2225,2247,25074,-1.92
1971,2008-01-04,2274,2274,2221,2260,23639,0.58
1972,2008-01-07,2203,2247,2186,2186,47913,-3.27
1973,2008-01-08,2181,2199,2146,2177,57269,-0.41
1974,2008-01-09,2163,2172,2124,2172,20700,-0.23
1975,2008-01-10,2194,2203,2168,2186,20016,0.64
1976,2008-01-11,2203,2203,2128,2146,27486,-1.83
1977,2008-01-14,2084,2168,2045,2111,56989,-1.63
1978,2008-01-15,2080,2141,2071,2111,26233,0.0
1979,2008-01-16,2062,2124,2031,2080,28188,-1.47
1980,2008-01-17,2106,2115,2022,2062,59369,-0.87
1981,2008-01-18,2058,2058,1974,2053,61139,-0.44
1982,2008-01-21,2027,2093,2000,2000,43534,-2.58
1983,2008-01-22,1974,1983,1815,1904,87696,-4.8
1984,2008-01-23,1881,1970,1881,1908,41006,0.21
1985,2008-01-24,1943,2005,1912,2005,50098,5.08
1986,2008-01-25,2027,2115,2027,2053,39214,2.39
1987,2008-01-28,2040,2040,1996,1996,24817,-2.78
1988,2008-01-29,2000,2036,1939,2005,13849,0.45
1989,2008-01-30,2027,2027,1890,1939,42528,-3.29
1990,2008-01-31,1939,1974,1851,1965,35422,1.34
1991,2008-02-01,2009,2027,1983,2000,11857,1.78
1992,2008-02-04,2027,2115,2027,2102,34871,5.1
1993,2008-02-05,2071,2133,2071,2133,39728,1.47
1994,2008-02-11,2119,2119,2062,2075,10799,-2.72
1995,2008-02-12,2084,2141,2071,2097,16844,1.06
1996,2008-02-13,2115,2221,2115,2194,117192,4.63
1997,2008-02-14,2256,2349,2216,2287,143752,4.24
1998,2008-02-15,2278,2278,2199,2265,25053,-0.96
1999,2008-02-18,2212,2406,2203,2335,164378,3.09
2000,2008-02-19,2309,2375,2296,2340,54237,0.21
2001,2008-02-20,2362,2432,2362,2397,98066,2.44
2002,2008-02-21,2423,2512,2406,2450,137869,2.21
2003,2008-02-22,2468,2542,2379,2512,141526,2.53
2004,2008-02-25,2512,2723,2494,2679,309172,6.65
2005,2008-02-26,2688,2723,2556,2600,145196,-2.95
2006,2008-02-27,2644,2644,2468,2564,76808,-1.38
2007,2008-02-28,2481,2860,2481,2688,159781,4.84
2008,2008-02-29,2719,2780,2653,2780,122374,3.42
2009,2008-03-03,2732,2899,2670,2824,142132,1.58
2010,2008-03-04,2868,3036,2824,3036,279866,7.51
2011,2008-03-05,3036,3076,2855,2992,149288,-1.45
2012,2008-03-06,3014,3049,2921,2935,216685,-1.91
2013,2008-03-07,2921,2935,2758,2846,93061,-3.03
2014,2008-03-10,2780,2798,2613,2644,107271,-7.1
2015,2008-03-11,2648,2732,2573,2727,94259,3.14
2016,2008-03-12,2820,2846,2688,2802,131802,2.75
2017,2008-03-13,2820,2842,2675,2719,70669,-2.96
2018,2008-03-14,2732,2754,2600,2613,37690,-3.9
2019,2008-03-17,2582,2582,2296,2428,89922,-7.08
2020,2008-03-18,2384,2450,2349,2397,27524,-1.28
2021,2008-03-19,2481,2503,2397,2441,30223,1.84
2022,2008-03-20,2441,2468,2384,2468,17589,1.11
2023,2008-03-21,2573,2573,2472,2481,23796,0.53
2024,2008-03-24,2450,2507,2423,2468,28081,-0.52
2025,2008-03-25,2468,2512,2441,2468,34099,0.0
2026,2008-03-26,2441,2503,2423,2472,33943,0.16
2027,2008-03-27,2476,2538,2463,2512,20818,1.62
2028,2008-03-28,2494,2617,2494,2617,59729,4.18
2029,2008-03-31,2631,2661,2600,2626,33964,0.34
2030,2008-04-01,2661,2661,2573,2591,19376,-1.33
2031,2008-04-02,2600,2644,2520,2582,37474,-0.35
2032,2008-04-03,2538,2600,2468,2542,64944,-1.55
2033,2008-04-04,2529,2569,2476,2481,57879,-2.4
2034,2008-04-07,2498,2538,2423,2485,31451,0.16
2035,2008-04-08,2494,2525,2441,2481,55622,-0.16
2036,2008-04-10,2481,2503,2423,2481,57987,0.0
2037,2008-04-11,2556,2617,2556,2560,85873,3.18
2038,2008-04-14,2648,2935,2560,2604,648018,1.72
2039,2008-04-15,2733,2733,2490,2494,292908,-4.22
2040,2008-04-16,2485,2798,2423,2732,800697,9.54
2041,2008-04-17,2758,2873,2701,2732,361121,0.0
2042,2008-04-18,2741,3142,2732,3084,1800907,12.88
2043,2008-04-21,3084,3120,2917,2935,612429,-4.83
2044,2008-04-22,2979,3071,2829,2970,523466,1.19
2045,2008-04-23,2913,3054,2904,2908,278113,-2.09
2046,2008-04-24,2908,2974,2838,2908,100485,0.0
2047,2008-04-25,3036,3120,2948,3054,252963,5.02
2048,2008-04-28,2926,3234,2908,3190,325610,4.45
2049,2008-04-29,3274,3653,3225,3534,1188576,10.78
2050,2008-04-30,3525,3644,3384,3578,549611,1.25
2051,2008-05-02,3569,3895,3494,3719,1281224,3.94
2052,2008-05-06,3895,4274,3825,4274,657476,14.92
2053,2008-05-07,4591,4768,4155,4415,2855286,3.3
2054,2008-05-08,4538,4653,4380,4494,2011991,1.79
2055,2008-05-09,4627,5164,4627,5164,2619068,14.91
2056,2008-05-13,5552,5614,4900,4900,3530247,-5.11
2057,2008-05-14,4891,4997,4583,4583,1333355,-6.47
2058,2008-05-15,4494,5067,4494,5067,1679117,10.56
2059,2008-05-16,5111,5825,4926,5376,2650474,6.1
2060,2008-05-19,5552,6178,5473,6178,2114329,14.92
2061,2008-05-20,6257,6953,5948,6609,3329628,6.98
2062,2008-05-21,6442,6988,6001,6081,2216122,-7.99
2063,2008-05-22,5957,6953,5587,6856,3254901,12.74
2064,2008-05-23,7015,7746,6980,7226,2314968,5.4
2065,2008-05-26,7358,7790,7270,7632,1858011,5.62
2066,2008-05-27,7473,7878,7288,7526,962749,-1.39
2067,2008-05-28,7737,7852,7200,7808,1078445,3.75
2068,2008-05-29,7808,7808,6874,6874,781572,-11.96
2069,2008-05-30,6874,7094,6257,6962,859451,1.28
2070,2008-06-02,6847,7297,6742,6944,393817,-0.26
2071,2008-06-03,7024,7270,6653,6874,710461,-1.01
2072,2008-06-04,6874,7244,6742,7103,314906,3.33
2073,2008-06-05,7050,7262,6988,7059,267735,-0.62
2074,2008-06-09,6830,6962,6653,6768,276819,-4.12
2075,2008-06-10,6935,6944,6583,6812,249265,0.65
2076,2008-06-11,6874,7781,6742,7693,874371,12.93
2077,2008-06-12,7640,8636,7623,8160,825636,6.07
2078,2008-06-13,8160,8222,7491,7685,432541,-5.82
2079,2008-06-16,7579,7649,7156,7253,420737,-5.62
2080,2008-06-17,7050,7094,6169,6169,1208933,-14.95
2081,2008-06-18,5816,6327,5631,5993,1170094,-2.85
2082,2008-06-19,5816,6125,5429,5429,429124,-9.41
2083,2008-06-20,5631,5993,5570,5834,443801,7.46
2084,2008-06-23,5640,6222,5420,5702,388042,-2.26
2085,2008-06-24,5561,5772,5481,5525,219695,-3.1
2086,2008-06-25,5561,5772,5473,5517,156962,-0.14
2087,2008-06-26,5605,5878,5525,5658,254932,2.56
2088,2008-06-27,5517,5614,5420,5552,144144,-1.87
2089,2008-06-30,5517,5878,5499,5816,161307,4.76
2090,2008-07-01,5904,5993,5737,5825,180273,0.15
2091,2008-07-02,5825,5931,4953,5446,193769,-6.51
2092,2008-07-03,5041,5429,5032,5296,129155,-2.75
2093,2008-07-04,5296,5420,5120,5199,76489,-1.83
2094,2008-07-07,5155,5975,5155,5975,783326,14.93
2095,2008-07-08,6539,6865,6275,6592,1682994,10.33
2096,2008-07-09,6627,6839,6028,6028,1316660,-8.56
2097,2008-07-10,5816,6037,5666,5948,416158,-1.33
2098,2008-07-11,5887,5940,5508,5640,436578,-5.18
2099,2008-07-14,6070,6440,5800,6090,611122,7.98
2100,2008-07-15,6150,6370,5910,5950,235319,-2.3
2101,2008-07-16,5980,6120,5750,5790,173677,-2.69
2102,2008-07-17,6000,6020,5350,5400,322479,-6.74
2103,2008-07-18,5470,5780,5180,5420,200044,0.37
2104,2008-07-21,5600,5600,5430,5440,121844,0.37
2105,2008-07-22,5490,5490,5170,5230,149180,-3.86
2106,2008-07-23,5200,5390,5130,5190,160696,-0.76
2107,2008-07-24,5210,5290,5110,5210,180651,0.39
2108,2008-07-25,5240,5570,5210,5300,218465,1.73
2109,2008-07-28,5320,5370,5190,5230,88226,-1.32
2110,2008-07-29,5150,5190,4900,4995,155519,-4.49
2111,2008-07-30,5050,5740,5050,5740,548898,14.91
2112,2008-07-31,6100,6100,5540,5630,806714,-1.92
2113,2008-08-01,5780,5780,5410,5640,316603,0.18
2114,2008-08-04,5610,5690,5160,5210,270146,-7.62
2115,2008-08-05,5110,5210,4580,4580,407825,-12.09
2116,2008-08-06,4650,4800,4465,4640,322402,1.31
2117,2008-08-07,4800,5250,4720,4910,463882,5.82
2118,2008-08-08,4910,4945,4715,4810,178809,-2.04
2119,2008-08-11,4890,4900,4605,4610,127466,-4.16
2120,2008-08-12,4610,5050,4600,4785,153022,3.8
2121,2008-08-13,4850,4890,4580,4595,169081,-3.97
2122,2008-08-14,4635,4820,4545,4545,125984,-1.09
2123,2008-08-18,4520,4550,4300,4350,136590,-4.29
2124,2008-08-19,4250,4300,4020,4210,162508,-3.22
2125,2008-08-20,4290,4295,4120,4295,102271,2.02
2126,2008-08-21,4400,4400,4125,4130,88169,-3.84
2127,2008-08-22,4130,4160,3730,4140,191826,0.24
2128,2008-08-25,4270,4270,3960,3960,76550,-4.35
2129,2008-08-26,3650,4130,3620,4030,1291995,1.77
2130,2008-08-27,4065,4200,4000,4000,610235,-0.74
2131,2008-08-28,3960,4140,3940,4000,623665,0.0
2132,2008-08-29,4100,4210,4015,4140,544643,3.5
2133,2008-09-01,4095,4330,3620,3815,720484,-7.85
2134,2008-09-02,3770,3900,3500,3650,795042,-4.33
2135,2008-09-03,3590,3785,3590,3680,402242,0.82
2136,2008-09-04,3680,4230,3660,4055,2000305,10.19
2137,2008-09-05,3900,4155,3850,4050,1149489,-0.12
2138,2008-09-08,4090,4280,3920,4250,1317094,4.94
2139,2008-09-09,4350,4350,4135,4200,619311,-1.18
2140,2008-09-10,4150,4240,4000,4220,378958,0.48
2141,2008-09-11,4250,4330,4155,4205,379392,-0.36
2142,2008-09-12,4230,4330,4165,4230,355267,0.59
2143,2008-09-16,3800,3920,3600,3600,550647,-14.89
2144,2008-09-17,3760,3880,3675,3845,272456,6.81
2145,2008-09-18,3630,3780,3605,3685,269716,-4.16
2146,2008-09-19,3850,3960,3805,3805,320889,3.26
2147,2008-09-22,3900,3900,3765,3765,209665,-1.05
2148,2008-09-23,3760,3895,3655,3830,186821,1.73
2149,2008-09-24,3900,4400,3855,4400,766141,14.88
2150,2008-09-25,4575,4945,4440,4550,2512748,3.41
2151,2008-09-26,4580,5120,4580,4660,2063455,2.42
2152,2008-09-29,4780,4915,4450,4600,642730,-1.29
2153,2008-09-30,4200,4540,4110,4540,533556,-1.3
2154,2008-10-01,4650,4975,4600,4810,999603,5.95
2155,2008-10-02,4810,5060,4535,4630,658100,-3.74
2156,2008-10-06,4495,4585,4285,4300,409362,-7.13
2157,2008-10-07,4100,4230,3895,4190,405461,-2.56
2158,2008-10-08,3970,4100,3565,3565,665643,-14.92
2159,2008-10-09,3500,3615,3035,3320,777167,-6.87
2160,2008-10-10,3000,3180,2840,2990,780322,-9.94
2161,2008-10-13,3115,3435,3105,3435,524354,14.88
2162,2008-10-14,3710,3900,3640,3890,425869,13.25
2163,2008-10-15,3740,3835,3665,3700,367001,-4.88
2164,2008-10-16,3270,3380,3145,3145,428168,-15.0
2165,2008-10-17,3330,3360,2805,2970,512186,-5.56
2166,2008-10-20,3085,3135,2805,3010,333067,1.35
2167,2008-10-21,3155,3200,2935,2970,476990,-1.33
2168,2008-10-22,2940,3150,2815,3000,506245,1.01
2169,2008-10-23,2860,2870,2555,2575,559133,-14.17
2170,2008-10-24,2575,2650,2190,2190,757234,-14.95
2171,2008-10-27,2000,2300,1865,1865,1141561,-14.84
2172,2008-10-28,1615,2015,1590,1965,1501773,5.36
2173,2008-10-29,2080,2170,1675,1675,2063750,-14.76
2174,2008-10-30,1840,1925,1725,1925,755124,14.93
2175,2008-10-31,2130,2210,2030,2210,436421,14.81
2176,2008-11-03,2450,2540,2395,2540,407796,14.93
2177,2008-11-04,2895,2920,2640,2920,1162164,14.96
2178,2008-11-05,3235,3235,2800,3025,1013446,3.6
2179,2008-11-06,2770,2880,2575,2575,771626,-14.88
2180,2008-11-07,2330,2960,2250,2960,1385758,14.95
2181,2008-11-10,3150,3260,2900,2980,1470816,0.68
2182,2008-11-11,2930,3150,2890,2965,790045,-0.5
2183,2008-11-12,2810,3005,2760,2900,595825,-2.19
2184,2008-11-13,2700,3335,2465,3160,6107210,8.97
2185,2008-11-14,3450,3460,3055,3190,1926918,0.95
2186,2008-11-17,3120,3190,2980,3020,1048358,-5.33
2187,2008-11-18,2955,3085,2800,2800,723376,-7.28
2188,2008-11-19,2850,2955,2600,2620,1141791,-6.43
2189,2008-11-20,2390,2500,2230,2230,1082278,-14.89
2190,2008-11-21,2070,2550,2030,2500,1545941,12.11
2191,2008-11-24,2540,2590,2330,2360,969435,-5.6
2192,2008-11-25,2520,2580,2270,2280,930740,-3.39
2193,2008-11-26,2345,2450,2330,2370,467267,3.95
2194,2008-11-27,2500,2545,2415,2450,744899,3.38
2195,2008-11-28,2550,2555,2380,2420,603647,-1.22
2196,2008-12-01,2435,2560,2385,2460,527039,1.65
2197,2008-12-02,2270,2365,2270,2310,393678,-6.1
2198,2008-12-03,2390,2405,2315,2315,303905,0.22
2199,2008-12-04,2380,2660,2360,2660,2336017,14.9
2200,2008-12-05,2710,2950,2620,2685,3183222,0.94
2201,2008-12-08,2770,2835,2710,2790,1463019,3.91
2202,2008-12-09,2855,2980,2700,2700,1686668,-3.23
2203,2008-12-10,2780,2900,2750,2900,1302908,7.41
2204,2008-12-11,2950,2950,2830,2830,933520,-2.41
2205,2008-12-12,2810,2895,2500,2525,1298570,-10.78
2206,2008-12-15,2650,2870,2620,2790,873925,10.5
2207,2008-12-16,2790,3205,2770,3205,1526412,14.87
2208,2008-12-17,3685,3685,3685,3685,48630,14.98
2209,2008-12-18,4235,4235,4235,4235,46821,14.93
2210,2008-12-19,4870,4870,4810,4870,4121017,14.99
2211,2008-12-22,5150,5510,4980,5250,8866100,7.8
2212,2008-12-23,5170,5600,4715,5600,5610637,6.67
2213,2008-12-24,5800,6170,5230,5600,7082783,0.0
2214,2008-12-26,5890,5960,4760,4760,6137599,-15.0
2215,2008-12-29,4810,4975,4125,4700,3473107,-1.26
2216,2008-12-30,4755,5000,4565,4580,5795041,-2.55
2217,2009-01-02,4600,5260,4250,5260,4788047,14.85
2218,2009-01-05,5730,5810,5150,5200,6656820,-1.14
2219,2009-01-06,5210,5650,5000,5280,6639271,1.54
2220,2009-01-07,5320,5500,5230,5440,3450785,3.03
2221,2009-01-08,5210,6150,5020,5710,6534037,4.96
2222,2009-01-09,5770,6050,5310,5600,5240486,-1.93
2223,2009-01-12,5500,5930,5350,5820,6597211,3.93
2224,2009-01-13,5830,5920,5450,5450,3805187,-6.36
2225,2009-01-14,5500,5720,5370,5370,2786142,-1.47
2226,2009-01-15,5170,5350,4570,4570,2021149,-14.9
2227,2009-01-16,4700,4995,4590,4735,3170821,3.61
2228,2009-01-19,4760,4950,4625,4675,1303862,-1.27
2229,2009-01-20,4750,4875,4435,4435,1467741,-5.13
2230,2009-01-21,4150,4300,3935,3975,2043297,-10.37
2231,2009-01-22,4175,4570,4165,4570,1494546,14.97
2232,2009-01-23,4650,4680,4050,4155,3545683,-9.08
2233,2009-01-28,4310,4400,4195,4230,980661,1.81
2234,2009-01-29,4350,4650,4205,4300,2426599,1.65
2235,2009-01-30,4240,4430,4120,4300,1284887,0.0
2236,2009-02-02,4330,4530,4270,4335,1494259,0.81
2237,2009-02-03,4365,4570,4340,4400,2967506,1.5
2238,2009-02-04,4450,4470,4275,4340,2727007,-1.36
2239,2009-02-05,4365,4500,3930,4050,3481600,-6.68
2240,2009-02-06,4200,4205,3950,4035,1705528,-0.37
2241,2009-02-09,4120,4225,4025,4060,1667380,0.62
2242,2009-02-10,4110,4195,4035,4165,1358915,2.59
2243,2009-02-11,4045,4240,4020,4125,1666587,-0.96
2244,2009-02-12,4170,4205,4020,4035,989252,-2.18
2245,2009-02-13,4100,4640,4015,4510,6222165,11.77
2246,2009-02-16,4300,4440,4205,4205,2724324,-6.76
2247,2009-02-17,4205,4230,3600,3670,1723455,-12.72
2248,2009-02-18,3525,3855,3400,3745,1408499,2.04
2249,2009-02-19,3730,3855,3460,3480,1359565,-7.08
2250,2009-02-20,3350,3445,2985,3050,1350031,-12.36
2251,2009-02-23,2960,3505,2960,3505,1782541,14.92
2252,2009-02-24,3470,3945,3465,3580,3788129,2.14
2253,2009-02-25,3800,3830,3210,3320,1937949,-7.26
2254,2009-02-26,3375,3610,3140,3240,1729095,-2.41
2255,2009-02-27,3250,3495,3170,3300,1102629,1.85
2256,2009-03-02,3300,3340,3000,3025,656654,-8.33
2257,2009-03-03,2755,2970,2720,2910,1129231,-3.8
2258,2009-03-04,2950,3295,2865,3205,2419321,10.14
2259,2009-03-05,3300,3320,2980,3050,1289348,-4.84
2260,2009-03-06,2950,3145,2900,3115,654653,2.13
2261,2009-03-09,3200,3390,3160,3200,1193809,2.73
2262,2009-03-10,3250,3325,3130,3175,867581,-0.78
2263,2009-03-11,3330,3410,3230,3250,1305751,2.36
2264,2009-03-12,3350,3390,3200,3225,644026,-0.77
2265,2009-03-13,3295,3520,3280,3315,1481560,2.79
2266,2009-03-16,3380,3450,3320,3370,802242,1.66
2267,2009-03-17,3415,3810,3370,3665,4332051,8.75
2268,2009-03-18,3760,3760,3585,3620,1111207,-1.23
2269,2009-03-19,3660,3685,3510,3530,662319,-2.49
2270,2009-03-20,3500,3740,3450,3660,2332216,3.68
2271,2009-03-23,3810,3870,3670,3685,1307959,0.68
2272,2009-03-24,3750,3770,3590,3600,704979,-2.31
2273,2009-03-25,3680,3760,3660,3705,906196,2.92
2274,2009-03-26,3740,3745,3625,3745,869404,1.08
2275,2009-03-27,3770,3780,3510,3510,1015756,-6.28
2276,2009-03-30,3505,3595,3250,3250,765518,-7.41
2277,2009-03-31,3270,3375,3265,3330,553736,2.46
2278,2009-04-01,3330,3460,3320,3380,617705,1.5
2279,2009-04-02,3440,3670,3420,3510,892124,3.85
2280,2009-04-03,3565,3570,3380,3405,638242,-2.99
2281,2009-04-06,3410,3580,3410,3480,620249,2.2
2282,2009-04-07,3530,3765,3485,3700,2217307,6.32
2283,2009-04-08,3730,3845,3620,3650,1967129,-1.35
2284,2009-04-09,3820,3830,3685,3790,1399763,3.84
2285,2009-04-10,3880,3890,3700,3810,1347405,0.53
2286,2009-04-13,3880,4350,3800,4225,3152171,10.89
2287,2009-04-14,4305,4350,3950,4050,2084319,-4.14
2288,2009-04-15,4000,4180,3670,3860,1315972,-4.69
2289,2009-04-16,3980,4110,3755,3820,1121220,-1.04
2290,2009-04-17,3900,3990,3675,3725,758115,-2.49
2291,2009-04-20,3800,3975,3710,3930,1190251,5.5
2292,2009-04-21,3830,4145,3820,4050,1563646,3.05
2293,2009-04-22,4130,4165,4005,4120,1356993,1.73
2294,2009-04-23,4170,4215,4030,4190,1507573,1.7
2295,2009-04-24,4235,4240,4035,4055,1224000,-3.22
2296,2009-04-27,4100,4250,4035,4045,1557588,-0.25
2297,2009-04-28,4340,4645,4150,4270,5586068,5.56
2298,2009-04-29,4160,4175,3650,3870,1983960,-9.37
2299,2009-04-30,3970,4010,3830,3870,949003,0.0
2300,2009-05-04,3905,4125,3890,3945,693203,1.94
2301,2009-05-06,3985,4045,3880,3920,528127,-0.63
2302,2009-05-07,3950,3980,3760,3840,960910,-2.04
2303,2009-05-08,3830,3960,3800,3900,567544,1.56
2304,2009-05-11,3905,3980,3805,3950,856114,1.28
2305,2009-05-12,3950,3950,3850,3870,630906,-2.03
2306,2009-05-13,3790,4095,3705,3970,2116531,2.58
2307,2009-05-14,3890,3940,3810,3820,495097,-3.78
2308,2009-05-15,3940,3940,3800,3825,564084,0.13
2309,2009-05-18,3825,3830,3720,3770,513801,-1.44
2310,2009-05-19,3820,3850,3750,3770,431239,0.0
2311,2009-05-20,3770,4010,3750,3855,931112,2.25
2312,2009-05-21,3880,3970,3745,3745,649774,-2.85
2313,2009-05-22,3745,3820,3570,3570,685070,-4.67
2314,2009-05-25,3500,3560,3035,3295,1052066,-7.7
2315,2009-05-26,3295,3355,3130,3160,453918,-4.1
2316,2009-05-27,3170,3280,3000,3000,1120580,-5.06
2317,2009-05-28,2960,3115,2950,3110,423259,3.67
2318,2009-05-29,3150,3215,3075,3120,355796,0.32
2319,2009-06-01,3125,3460,3110,3245,1205380,4.01
2320,2009-06-02,3265,3390,3155,3200,431559,-1.39
2321,2009-06-03,3250,3285,3170,3200,223082,0.0
2322,2009-06-04,3220,3345,3130,3210,613712,0.31
2323,2009-06-05,3240,3260,3105,3130,285482,-2.49
2324,2009-06-08,3215,3280,3155,3220,479222,2.88
2325,2009-06-09,3280,3685,3280,3570,2371119,10.87
2326,2009-06-10,3600,3600,3190,3230,974181,-9.52
2327,2009-06-11,3190,3260,3135,3170,411012,-1.86
2328,2009-06-12,3155,3220,3140,3190,241267,0.63
2329,2009-06-15,3200,3265,3165,3210,171504,0.63
2330,2009-06-16,3210,3310,3150,3210,267132,0.0
2331,2009-06-17,3245,3245,3130,3150,249114,-1.87
2332,2009-06-18,3180,3200,3150,3170,195719,0.63
2333,2009-06-19,3175,3200,2695,3040,372439,-4.1
2334,2009-06-22,3040,3065,2995,3030,215369,-0.33
2335,2009-06-23,2945,2995,2855,2855,267523,-5.78
2336,2009-06-24,2890,2975,2865,2900,180392,1.58
2337,2009-06-25,2980,2980,2895,2930,140412,1.03
2338,2009-06-26,2960,2960,2875,2880,134346,-1.71
2339,2009-06-29,2855,2930,2555,2555,803212,-11.28
2340,2009-06-30,2560,2680,2430,2555,360683,0.0
2341,2009-07-01,2540,2655,2540,2645,162571,3.52
2342,2009-07-02,2630,2690,2625,2655,110179,0.38
2343,2009-07-03,2590,2785,2585,2750,146368,3.58
2344,2009-07-06,2690,2795,2690,2735,139466,-0.55
2345,2009-07-07,2750,2755,2685,2700,124859,-1.28
2346,2009-07-08,2695,2765,2675,2710,152045,0.37
2347,2009-07-09,2710,2750,2600,2600,198679,-4.06
2348,2009-07-10,2610,2620,2515,2555,148993,-1.73
2349,2009-07-13,2520,2600,2390,2390,242190,-6.46
2350,2009-07-14,2405,2460,2305,2310,270988,-3.35
2351,2009-07-15,2315,2600,2315,2475,419148,7.14
2352,2009-07-16,2500,2540,2410,2450,168084,-1.01
2353,2009-07-17,2460,2525,2415,2440,119794,-0.41
2354,2009-07-20,2450,2570,2450,2540,228094,4.1
2355,2009-07-21,2570,2760,2555,2650,468035,4.33
2356,2009-07-22,2665,2685,2585,2620,158597,-1.13
2357,2009-07-23,2625,2650,2570,2570,140451,-1.91
2358,2009-07-24,2580,2700,2580,2650,338397,3.11
2359,2009-07-27,2680,2750,2665,2675,161178,0.94
2360,2009-07-28,2670,2705,2640,2665,133884,-0.37
2361,2009-07-29,2670,2715,2595,2600,148111,-2.44
2362,2009-07-30,2600,2600,2495,2565,211581,-1.35
2363,2009-07-31,2565,2590,2530,2540,161097,-0.97
2364,2009-08-03,2550,2615,2550,2565,103030,0.98
2365,2009-08-04,2600,2745,2580,2655,421515,3.51
2366,2009-08-05,2635,2730,2615,2645,199427,-0.38
2367,2009-08-06,2665,3040,2650,3040,1953431,14.93
2368,2009-08-07,3070,3345,2975,2995,3193213,-1.48
2369,2009-08-10,3025,3075,2940,3065,730382,2.34
2370,2009-08-11,3070,3190,2990,2990,1010298,-2.45
2371,2009-08-12,2990,3005,2840,2900,594334,-3.01
2372,2009-08-13,2945,3030,2880,2910,411216,0.34
2373,2009-08-14,2900,2955,2860,2890,340175,-0.69
2374,2009-08-17,2850,2880,2670,2670,424810,-7.61
2375,2009-08-18,2665,2720,2580,2595,335335,-2.81
2376,2009-08-19,2605,2680,2540,2545,237155,-1.93
2377,2009-08-20,2555,2610,2535,2590,219261,1.77
2378,2009-08-21,2600,2615,2500,2515,293749,-2.9
2379,2009-08-24,2515,2560,2355,2410,295204,-4.17
2380,2009-08-25,2410,2610,2410,2540,480544,5.39
2381,2009-08-26,2540,2570,2410,2490,199811,-1.97
2382,2009-08-27,2490,2540,2465,2500,153168,0.4
2383,2009-08-28,2480,2530,2425,2425,199342,-3.0
2384,2009-08-31,2435,2470,2405,2415,154169,-0.41
2385,2009-09-01,2395,2450,2395,2420,100287,0.21
2386,2009-09-02,2350,2530,2350,2400,212519,-0.83
2387,2009-09-03,2415,2440,2370,2395,108542,-0.21
2388,2009-09-04,2400,2485,2400,2450,163600,2.3
2389,2009-09-07,2490,2575,2445,2550,477717,4.08
2390,2009-09-08,2600,2725,2565,2650,632270,3.92
2391,2009-09-09,2600,2650,2480,2490,290657,-6.04
2392,2009-09-10,2490,2540,2450,2485,218321,-0.2
2393,2009-09-11,2475,2525,2450,2465,194601,-0.8
2394,2009-09-14,2430,2475,2430,2445,87377,-0.81
2395,2009-09-15,2465,2515,2460,2485,158923,1.64
2396,2009-09-16,2485,2515,2460,2470,182956,-0.6
2397,2009-09-17,2495,2495,2420,2455,269957,-0.61
2398,2009-09-18,2480,2505,2435,2455,199706,0.0
2399,2009-09-21,2490,2530,2455,2470,208680,0.61
2400,2009-09-22,2450,2505,2445,2475,281473,0.2
2401,2009-09-23,2480,2495,2430,2440,147247,-1.41
2402,2009-09-24,2470,2470,2305,2395,210695,-1.84
2403,2009-09-25,2360,2430,2350,2425,192795,1.25
2404,2009-09-28,2400,2440,2330,2330,118723,-3.92
2405,2009-09-29,2330,2380,2305,2325,89857,-0.21
2406,2009-09-30,2310,2360,2230,2230,193687,-4.09
2407,2009-10-01,2205,2275,2160,2160,107845,-3.14
2408,2009-10-05,2130,2195,2110,2130,81723,-1.39
2409,2009-10-06,2135,2160,2110,2140,72949,0.47
2410,2009-10-07,2145,2220,2145,2170,76865,1.4
2411,2009-10-08,2230,2230,2170,2180,75100,0.46
2412,2009-10-09,2220,2235,2180,2230,52890,2.29
2413,2009-10-12,2260,2300,2180,2230,51592,0.0
2414,2009-10-13,2190,2270,2190,2210,53896,-0.9
2415,2009-10-14,2215,2290,2190,2270,118176,2.71
2416,2009-10-15,2275,2330,2230,2230,127716,-1.76
2417,2009-10-16,2225,2310,2225,2225,46590,-0.22
2418,2009-10-19,2185,2220,2150,2180,115845,-2.02
2419,2009-10-20,2180,2215,2150,2165,83184,-0.69
2420,2009-10-21,2170,2170,2120,2130,92046,-1.62
2421,2009-10-22,2120,2130,2050,2070,218264,-2.82
2422,2009-10-23,2085,2110,2060,2060,80964,-0.48
2423,2009-10-26,2020,2065,1975,1990,222317,-3.4
2424,2009-10-27,1975,1990,1925,1930,183965,-3.02
2425,2009-10-28,1945,1945,1790,1845,235340,-4.4
2426,2009-10-29,1795,1940,1740,1940,189639,5.15
2427,2009-10-30,1920,2060,1920,2020,156124,4.12
2428,2009-11-02,2020,2040,1950,1980,63411,-1.98
2429,2009-11-03,2000,2220,1980,2130,377285,7.58
2430,2009-11-04,2100,2180,2025,2060,124510,-3.29
2431,2009-11-05,2060,2060,1955,1955,85825,-5.1
2432,2009-11-06,1960,2015,1930,1970,92041,0.77
2433,2009-11-09,2050,2265,2050,2265,427543,14.97
2434,2009-11-10,2305,2425,2120,2190,940961,-3.31
2435,2009-11-11,2195,2255,2130,2230,311849,1.83
2436,2009-11-12,2210,2330,2180,2220,438518,-0.45
2437,2009-11-13,2195,2245,2110,2115,143962,-4.73
2438,2009-11-16,2120,2145,1975,2090,156644,-1.18
2439,2009-11-17,2050,2180,2045,2045,194504,-2.15
2440,2009-11-18,2015,2060,1975,2000,118479,-2.2
2441,2009-11-19,2000,2060,1990,2045,136768,2.25
2442,2009-11-20,2090,2090,2025,2060,87998,0.73
2443,2009-11-23,2225,2260,2090,2090,315409,1.46
2444,2009-11-24,2115,2140,2030,2030,91625,-2.87
2445,2009-11-25,2050,2100,2030,2090,104169,2.96
2446,2009-11-26,2050,2110,2030,2030,79446,-2.87
2447,2009-11-27,2010,2035,1885,1885,170785,-7.14
2448,2009-11-30,1900,1950,1900,1920,75007,1.86
2449,2009-12-01,1910,1955,1905,1945,80407,1.3
2450,2009-12-02,1980,1995,1945,1950,52095,0.26
2451,2009-12-03,1930,1990,1930,1980,76899,1.54
2452,2009-12-04,1980,1985,1945,1960,95762,-1.01
2453,2009-12-07,1985,1985,1955,1960,61764,0.0
2454,2009-12-08,1985,2010,1950,1975,106148,0.77
2455,2009-12-09,1995,2070,1965,2020,429932,2.28
2456,2009-12-10,2065,2320,2065,2320,1333014,14.85
2457,2009-12-11,2485,2660,2450,2580,4347950,11.21
2458,2009-12-14,2605,2680,2505,2580,2006412,0.0
2459,2009-12-15,2650,2655,2480,2565,1319575,-0.58
2460,2009-12-16,2530,2615,2410,2420,1310364,-5.65
2461,2009-12-17,2470,2540,2410,2450,943831,1.24
2462,2009-12-18,2450,2500,2360,2500,556635,2.04
2463,2009-12-21,2500,2530,2435,2460,473478,-1.6
2464,2009-12-22,2435,2470,2280,2290,573957,-6.91
2465,2009-12-23,2290,2380,2265,2280,381161,-0.44
2466,2009-12-24,2290,2305,2230,2255,211422,-1.1
2467,2009-12-28,2220,2385,2220,2385,317022,5.76
2468,2009-12-29,2350,2460,2310,2320,300073,-2.73
2469,2009-12-30,2345,2420,2320,2350,250114,1.29
2470,2010-01-04,2450,2460,2345,2420,313233,2.98
2471,2010-01-05,2445,2505,2370,2490,457995,2.89
2472,2010-01-06,2490,2520,2425,2460,269211,-1.2
2473,2010-01-07,2455,2480,2350,2400,313324,-2.44
2474,2010-01-08,2400,2420,2250,2310,305924,-3.75
2475,2010-01-11,2315,2355,2265,2280,182040,-1.3
2476,2010-01-12,2285,2320,2260,2280,122184,0.0
2477,2010-01-13,2265,2300,2185,2190,182303,-3.95
2478,2010-01-14,2260,2260,2170,2180,164114,-0.46
2479,2010-01-15,2195,2275,2185,2205,124684,1.15
2480,2010-01-18,2225,2230,2200,2200,153365,-0.23
2481,2010-01-19,2215,2250,2195,2215,190178,0.68
2482,2010-01-20,2215,2360,2200,2340,358065,5.64
2483,2010-01-21,2315,2315,2250,2270,220330,-2.99
2484,2010-01-22,2230,2280,2190,2200,173433,-3.08
2485,2010-01-25,2180,2180,2055,2065,304680,-6.14
2486,2010-01-26,2085,2120,2010,2010,155248,-2.66
2487,2010-01-27,2010,2055,1985,2020,98075,0.5
2488,2010-01-28,2025,2050,1985,2005,77131,-0.74
2489,2010-01-29,1980,2000,1885,1900,159677,-5.24
2490,2010-02-01,1900,1965,1900,1900,58795,0.0
2491,2010-02-02,1900,1990,1900,1940,114125,2.11
2492,2010-02-03,1965,2025,1940,1990,93856,2.58
2493,2010-02-04,2030,2030,1965,1980,59405,-0.5
2494,2010-02-05,1900,1935,1865,1930,126660,-2.53
2495,2010-02-08,2020,2020,1920,1920,92343,-0.52
2496,2010-02-09,1890,1955,1890,1920,66919,0.0
2497,2010-02-10,1975,1975,1915,1915,62649,-0.26
2498,2010-02-11,1950,1950,1905,1930,62491,0.78
2499,2010-02-12,1975,1975,1920,1950,56105,1.04
2500,2010-02-16,1910,1930,1890,1905,85587,-2.31
2501,2010-02-17,1925,1935,1910,1915,69510,0.52
2502,2010-02-18,1950,1965,1910,1935,67053,1.04
2503,2010-02-19,1935,1940,1890,1915,113605,-1.03
2504,2010-02-22,1920,1935,1905,1910,49354,-0.26
2505,2010-02-23,1920,1920,1895,1910,47836,0.0
2506,2010-02-24,1910,1910,1870,1895,64621,-0.79
2507,2010-02-25,1910,1910,1865,1900,57560,0.26
2508,2010-02-26,1900,1900,1850,1870,105987,-1.58
2509,2010-03-02,1870,1880,1820,1830,115332,-2.14
2510,2010-03-03,1855,1855,1810,1825,19728,-0.27
2511,2010-03-04,1850,1890,1835,1840,53735,0.82
2512,2010-03-05,1840,1865,1820,1865,59955,1.36
2513,2010-03-08,1860,1895,1860,1860,54386,-0.27
2514,2010-03-09,1865,1885,1840,1870,51298,0.54
2515,2010-03-10,1860,1870,1840,1845,79217,-1.34
2516,2010-03-11,1865,1865,1825,1825,54953,-1.08
2517,2010-03-12,1840,1845,1820,1840,62709,0.82
2518,2010-03-15,1830,1865,1790,1810,95984,-1.63
2519,2010-03-16,1800,1825,1785,1795,79808,-0.83
2520,2010-03-17,1845,2060,1800,2060,611325,14.76
2521,2010-03-18,2120,2355,2000,2000,2928666,-2.91
2522,2010-03-19,2010,2050,1910,1920,808773,-4.0
2523,2010-03-22,1940,1960,1815,1820,447393,-5.21
2524,2010-03-23,1825,1850,1815,1820,193492,0.0
2525,2010-03-24,1830,2010,1830,1865,545514,2.47
2526,2010-03-25,1860,1930,1840,1885,252054,1.07
2527,2010-03-26,1905,2000,1900,1905,252489,1.06
2528,2010-03-29,1890,1900,1845,1845,133728,-3.15
2529,2010-03-30,1920,1930,1830,1840,163190,-0.27
2530,2010-03-31,1870,1880,1825,1825,112341,-0.82
2531,2010-04-01,1825,1875,1820,1830,118141,0.27
2532,2010-04-02,1830,1865,1820,1840,99770,0.55
2533,2010-04-05,1815,1870,1740,1835,217909,-0.27
2534,2010-04-06,1855,2025,1830,1890,418138,3.0
2535,2010-04-07,1910,1980,1870,1890,196762,0.0
2536,2010-04-08,1910,1920,1875,1880,113246,-0.53
2537,2010-04-09,1880,1915,1830,1840,138931,-2.13
2538,2010-04-12,1830,1875,1830,1850,83848,0.54
2539,2010-04-13,1875,1880,1820,1880,141502,1.62
2540,2010-04-14,1880,1900,1870,1870,139832,-0.53
2541,2010-04-15,1840,1915,1840,1900,143918,1.6
2542,2010-04-16,1960,2140,1915,1990,1441136,4.74
2543,2010-04-19,1965,2205,1965,2090,980064,5.03
2544,2010-04-20,2180,2230,2020,2025,521967,-3.11
2545,2010-04-21,2080,2080,2010,2035,177127,0.49
2546,2010-04-22,2045,2090,1980,1990,216595,-2.21
2547,2010-04-23,2000,2010,1915,1960,228345,-1.51
2548,2010-04-26,1980,2100,1960,2040,401778,4.08
2549,2010-04-27,2050,2100,2035,2035,230645,-0.25
2550,2010-04-28,1995,2160,1970,2140,385265,5.16
2551,2010-04-29,2140,2375,2110,2275,1185471,6.31
2552,2010-04-30,2310,2310,2120,2225,439328,-2.2
2553,2010-05-03,2235,2240,2100,2130,196740,-4.27
2554,2010-05-04,2135,2330,2110,2290,460519,7.51
2555,2010-05-06,2215,2285,2175,2220,217441,-3.06
2556,2010-05-07,2125,2190,1950,2145,206876,-3.38
2557,2010-05-10,2200,2260,2105,2180,476186,1.63
2558,2010-05-11,2200,2310,2175,2230,413290,2.29
2559,2010-05-12,2260,2300,2200,2215,193216,-0.67
2560,2010-05-13,2240,2245,2150,2165,187748,-2.26
2561,2010-05-14,2145,2225,2105,2225,181157,2.77
2562,2010-05-17,2180,2260,2170,2185,104436,-1.8
2563,2010-05-18,2185,2355,2105,2275,473491,4.12
2564,2010-05-19,2270,2415,2220,2245,634092,-1.32
2565,2010-05-20,2245,2265,2020,2020,422070,-10.02
2566,2010-05-24,1950,2040,1900,2000,256462,-0.99
2567,2010-05-25,1940,2000,1700,1860,364450,-7.0
2568,2010-05-26,1860,1960,1825,1880,157670,1.08
2569,2010-05-27,1880,2015,1870,1970,122014,4.79
2570,2010-05-28,2020,2030,1910,1935,72610,-1.78
2571,2010-05-31,1920,1990,1900,1950,84156,0.78
2572,2010-06-01,1930,2065,1930,2015,158580,3.33
2573,2010-06-03,2005,2035,1935,1950,247884,-3.23
2574,2010-06-04,1945,1990,1920,1950,55534,0.0
2575,2010-06-07,1850,1910,1840,1860,130139,-4.62
2576,2010-06-08,1880,1945,1860,1895,105243,1.88
2577,2010-06-09,1935,1935,1850,1910,97608,0.79
2578,2010-06-10,1915,1915,1865,1890,86959,-1.05
2579,2010-06-11,1915,1940,1830,1875,167438,-0.79
2580,2010-06-14,1895,1975,1890,1930,163379,2.93
2581,2010-06-15,1940,1940,1860,1885,89038,-2.33
2582,2010-06-16,1890,1930,1850,1870,109077,-0.8
2583,2010-06-17,1860,1920,1855,1900,36244,1.6
2584,2010-06-18,1920,1920,1875,1900,26704,0.0
2585,2010-06-21,1890,1950,1880,1915,208815,0.79
2586,2010-06-22,1955,2000,1910,1935,126667,1.04
2587,2010-06-23,2000,2000,1920,1940,58816,0.26
2588,2010-06-24,1950,1970,1900,1925,110152,-0.77
2589,2010-06-25,1895,1935,1880,1915,103465,-0.52
2590,2010-06-28,2030,2095,1940,1965,365293,2.61
2591,2010-06-29,1965,1985,1895,1900,136459,-3.31
2592,2010-06-30,1800,1885,1790,1840,127063,-3.16
2593,2010-07-01,1845,1865,1800,1810,124317,-1.63
2594,2010-07-02,1825,1840,1800,1835,70624,1.38
2595,2010-07-05,1845,1860,1820,1820,54282,-0.82
2596,2010-07-06,1845,1845,1795,1830,70665,0.55
2597,2010-07-07,1860,1860,1800,1815,111064,-0.82
2598,2010-07-08,1840,1840,1790,1800,136784,-0.83
2599,2010-07-09,1815,1815,1780,1800,92699,0.0
2600,2010-07-12,1800,1830,1800,1820,46492,1.11
2601,2010-07-13,1830,1850,1810,1830,99259,0.55
2602,2010-07-14,1855,1890,1830,1860,136738,1.64
2603,2010-07-15,1880,1880,1825,1840,47227,-1.08
2604,2010-07-16,1850,1850,1805,1815,75778,-1.36
2605,2010-07-19,1815,1830,1770,1770,119970,-2.48
2606,2010-07-20,1770,1805,1765,1790,134953,1.13
2607,2010-07-21,1810,1810,1770,1790,75275,0.0
2608,2010-07-22,1790,1800,1755,1770,96800,-1.12
2609,2010-07-23,1770,1790,1750,1780,78125,0.56
2610,2010-07-26,1790,1910,1780,1835,474994,3.09
2611,2010-07-27,1840,1900,1780,1835,254715,0.0
2612,2010-07-28,1845,1860,1800,1820,113600,-0.82
2613,2010-07-29,1885,1895,1820,1830,239404,0.55
2614,2010-07-30,1840,1840,1765,1780,226748,-2.73
2615,2010-08-02,1790,1800,1770,1785,53036,0.28
2616,2010-08-03,1805,1820,1780,1795,83969,0.56
2617,2010-08-04,1795,1830,1790,1805,96136,0.56
2618,2010-08-05,1830,1855,1785,1805,104332,0.0
2619,2010-08-06,1840,1840,1785,1810,49068,0.28
2620,2010-08-09,1830,1875,1815,1870,216424,3.31
2621,2010-08-10,1870,1895,1830,1870,167717,0.0
2622,2010-08-11,1885,1910,1810,1810,142856,-3.21
2623,2010-08-12,1800,1970,1800,1840,369843,1.66
2624,2010-08-13,1845,1880,1820,1860,147179,1.09
2625,2010-08-16,1860,1860,1800,1835,122143,-1.34
2626,2010-08-17,1840,1850,1810,1840,35416,0.27
2627,2010-08-18,1830,1845,1785,1810,115605,-1.63
2628,2010-08-19,1810,1820,1755,1785,210942,-1.38
2629,2010-08-20,1790,1800,1765,1790,53537,0.28
2630,2010-08-23,1795,1805,1765,1790,54735,0.0
2631,2010-08-24,1790,1790,1750,1770,88355,-1.12
2632,2010-08-25,1785,1785,1695,1700,177670,-3.95
2633,2010-08-26,1725,1725,1690,1705,72373,0.29
2634,2010-08-27,1690,1705,1630,1635,201341,-4.11
2635,2010-08-30,1640,1680,1625,1650,109905,0.92
2636,2010-08-31,1645,1650,1605,1615,82067,-2.12
2637,2010-09-01,1615,1640,1610,1640,66138,1.55
2638,2010-09-02,1645,1660,1585,1610,106843,-1.83
2639,2010-09-03,1640,1710,1615,1625,84094,0.93
2640,2010-09-06,1635,1670,1630,1670,49462,2.77
2641,2010-09-07,1670,1670,1640,1660,70321,-0.6
2642,2010-09-08,1660,1660,1590,1595,87293,-3.92
2643,2010-09-09,1615,1625,1585,1605,106190,0.63
2644,2010-09-10,1605,1610,1565,1580,129036,-1.56
2645,2010-09-13,1575,1590,1540,1550,117804,-1.9
2646,2010-09-14,1565,1575,1540,1555,110490,0.32
2647,2010-09-15,1545,1555,1490,1515,169698,-2.57
2648,2010-09-16,1520,1540,1500,1530,126031,0.99
2649,2010-09-17,1545,1600,1525,1570,119916,2.61
2650,2010-09-20,1570,1660,1570,1635,330452,4.14
2651,2010-09-24,1660,1880,1655,1880,1003208,14.98
2652,2010-09-27,2160,2160,2065,2160,895065,14.89
2653,2010-09-28,2340,2470,2250,2455,8212283,13.66
2654,2010-09-29,2400,2820,2300,2820,9878079,14.87
2655,2010-09-30,2910,3130,2750,2865,11785485,1.6
2656,2010-10-01,2805,2895,2700,2850,7220192,-0.52
2657,2010-10-04,2840,2930,2550,2670,5152082,-6.32
2658,2010-10-05,2610,2685,2545,2670,3675029,0.0
2659,2010-10-06,2530,2595,2380,2460,3697234,-7.87
2660,2010-10-07,2485,2565,2435,2540,3058259,3.25
2661,2010-10-08,2510,2515,2365,2420,1588764,-4.72
2662,2010-10-11,2470,2745,2445,2595,4984473,7.23
2663,2010-10-12,2515,2575,2400,2460,1507979,-5.2
2664,2010-10-13,2485,2495,2345,2495,1478163,1.42
2665,2010-10-14,2605,2810,2400,2460,5113580,-1.4
2666,2010-10-15,2480,2485,2350,2390,1754920,-2.85
2667,2010-10-18,2390,2505,2365,2450,1857839,2.51
2668,2010-10-19,2465,2515,2400,2415,1412275,-1.43
2669,2010-10-20,2415,2430,2330,2330,901185,-3.52
2670,2010-10-21,2280,2295,2095,2105,2602282,-9.66
2671,2010-10-22,2125,2185,2110,2130,804178,1.19
2672,2010-10-25,2160,2160,2075,2080,624188,-2.35
2673,2010-10-26,2090,2185,2080,2140,1292331,2.88
2674,2010-10-27,2170,2220,2100,2195,1178959,2.57
2675,2010-10-28,2215,2225,2145,2195,880872,0.0
2676,2010-10-29,2200,2205,2080,2080,604869,-5.24
2677,2010-11-01,2060,2380,2030,2130,2959807,2.4
2678,2010-11-02,2160,2255,2125,2165,1120932,1.64
2679,2010-11-03,2215,2485,2200,2485,3141831,14.78
2680,2010-11-04,2400,2455,2290,2290,4500583,-7.85
2681,2010-11-05,2290,2345,2155,2160,1388162,-5.68
2682,2010-11-08,2175,2235,2045,2120,1806064,-1.85
2683,2010-11-09,2135,2175,2090,2090,682945,-1.42
2684,2010-11-10,2090,2400,2080,2400,4385908,14.83
2685,2010-11-11,2400,2420,2240,2240,4287375,-6.67
2686,2010-11-12,2255,2575,2125,2450,9166502,9.38
2687,2010-11-15,2390,2785,2355,2670,6918026,8.98
2688,2010-11-16,2700,2900,2580,2655,5417434,-0.56
2689,2010-11-17,2635,2815,2450,2490,3469991,-6.21
2690,2010-11-18,2520,2700,2490,2650,3204372,6.43
2691,2010-11-19,2700,2835,2505,2560,3928739,-3.4
2692,2010-11-22,2545,2640,2490,2535,1848100,-0.98
2693,2010-11-23,2555,2770,2520,2720,4586974,7.3
2694,2010-11-24,2540,2660,2510,2615,2067932,-3.86
2695,2010-11-25,2650,2700,2400,2465,2488137,-5.74
2696,2010-11-26,2515,2525,2105,2180,2320019,-11.56
2697,2010-11-29,2220,2270,2140,2160,935559,-0.92
2698,2010-11-30,2200,2255,2135,2190,726105,1.39
2699,2010-12-01,2175,2190,2120,2160,465202,-1.37
2700,2010-12-02,2190,2250,2140,2160,590455,0.0
2701,2010-12-03,2165,2285,2140,2180,1089471,0.93
2702,2010-12-06,2265,2505,2210,2505,2494047,14.91
2703,2010-12-07,2550,2570,2350,2400,2470670,-4.19
2704,2010-12-08,2455,2485,2230,2305,1419375,-3.96
2705,2010-12-09,2340,2510,2320,2360,2044337,2.39
2706,2010-12-10,2360,2425,2340,2425,887420,2.75
2707,2010-12-13,2435,2560,2290,2425,2083023,0.0
2708,2010-12-14,2450,2655,2450,2550,1758951,5.15
2709,2010-12-15,2685,2685,2350,2350,2709187,-7.84
2710,2010-12-16,2310,2350,2235,2255,1211630,-4.04
2711,2010-12-17,2275,2300,2225,2225,478099,-1.33
2712,2010-12-20,2120,2200,2080,2165,876982,-2.7
2713,2010-12-21,2200,2240,2190,2200,357153,1.62
2714,2010-12-22,2230,2305,2205,2230,510081,1.36
2715,2010-12-23,2230,2255,2140,2200,342384,-1.35
2716,2010-12-24,2200,2220,2125,2145,247343,-2.5
2717,2010-12-27,2390,2465,2305,2310,2911129,7.69
2718,2010-12-28,2380,2380,2150,2185,1109096,-5.41
2719,2010-12-29,2175,2240,2170,2240,344871,2.52
2720,2010-12-30,2260,2575,2220,2575,4215788,14.96
2721,2011-01-03,2685,2960,2630,2960,5935458,14.95
2722,2011-01-04,3135,3400,2975,3050,10526011,3.04
2723,2011-01-05,2595,2595,2595,2595,181500,-14.92
2724,2011-01-06,2265,2380,2210,2270,9996403,-12.52
2725,2011-01-07,2270,2325,2200,2270,3906515,0.0
2726,2011-01-10,2285,2380,2230,2305,2559185,1.54
2727,2011-01-11,2300,2390,2290,2315,1581775,0.43
2728,2011-01-12,2355,2370,2255,2315,1653543,0.0
2729,2011-01-13,2370,2660,2370,2660,4639605,14.9
2730,2011-01-14,2800,2820,2425,2470,4556563,-7.14
2731,2011-01-17,2450,2745,2435,2570,4786756,4.05
2732,2011-01-18,2570,2760,2470,2490,2596949,-3.11
2733,2011-01-19,2470,2610,2450,2510,1448849,0.8
2734,2011-01-20,2480,2565,2460,2535,959622,1.0
2735,2011-01-21,2525,2560,2395,2425,955998,-4.34
2736,2011-01-24,2405,2450,2280,2305,1106873,-4.95
2737,2011-01-25,2305,2495,2265,2360,1569725,2.39
2738,2011-01-26,2360,2395,2320,2355,413964,-0.21
2739,2011-01-27,2375,2400,2340,2350,345076,-0.21
2740,2011-01-28,2355,2370,2270,2290,472799,-2.55
2741,2011-01-31,2260,2335,2245,2335,304531,1.97
2742,2011-02-01,2340,2375,2270,2295,305643,-1.71
2743,2011-02-07,2325,2525,2300,2380,1267032,3.7
2744,2011-02-08,2375,2445,2325,2385,385780,0.21
2745,2011-02-09,2410,2410,2285,2315,374155,-2.94
2746,2011-02-10,2295,2390,2280,2335,392376,0.86
2747,2011-02-11,2335,2370,2290,2300,284905,-1.5
2748,2011-02-14,2300,2325,2240,2270,415498,-1.3
2749,2011-02-15,2280,2280,2150,2170,651560,-4.41
2750,2011-02-16,2160,2200,2090,2120,534414,-2.3
2751,2011-02-17,2090,2180,1965,2015,1177057,-4.95
2752,2011-02-18,1990,2155,1990,2120,419307,5.21
2753,2011-02-21,2120,2165,2060,2110,249712,-0.47
2754,2011-02-22,2090,2125,1995,2010,302253,-4.74
2755,2011-02-23,2000,2035,1955,2000,345728,-0.5
2756,2011-02-24,2010,2115,2000,2040,373158,2.0
2757,2011-02-25,2085,2085,2005,2070,161130,1.47
2758,2011-02-28,2070,2375,2070,2175,2224819,5.07
2759,2011-03-02,2115,2160,2055,2070,497768,-4.83
2760,2011-03-03,2095,2120,2065,2095,273002,1.21
2761,2011-03-04,2100,2130,2050,2065,340613,-1.43
2762,2011-03-07,2065,2065,2000,2040,231459,-1.21
2763,2011-03-08,2040,2115,2040,2080,153562,1.96
2764,2011-03-09,2110,2110,2040,2065,178486,-0.72
2765,2011-03-10,2085,2160,2040,2160,387576,4.6
2766,2011-03-11,2110,2170,2110,2135,251189,-1.16
2767,2011-03-14,2450,2455,2200,2310,4347983,8.2
2768,2011-03-15,2180,2190,1965,2025,1893750,-12.34
2769,2011-03-16,1985,2065,1970,2005,723086,-0.99
2770,2011-03-17,2000,2015,1705,1900,925048,-5.24
2771,2011-03-18,1945,1955,1900,1900,313968,0.0
2772,2011-03-21,1955,2010,1925,1980,270237,4.21
2773,2011-03-22,2035,2035,1975,2020,313196,2.02
2774,2011-03-23,2040,2040,1970,1980,236012,-1.98
2775,2011-03-24,1985,2020,1960,1990,232481,0.51
2776,2011-03-25,1960,2010,1960,1995,239037,0.25
2777,2011-03-28,2030,2030,1950,1965,208544,-1.5
2778,2011-03-29,1965,1985,1930,1950,192179,-0.76
2779,2011-03-30,1955,1990,1935,1950,189666,0.0
2780,2011-03-31,1955,2240,1940,2240,5241443,14.87
2781,2011-04-01,2300,2445,2090,2180,5912102,-2.68
2782,2011-04-04,2135,2435,2135,2340,4964777,7.34
2783,2011-04-05,2310,2395,2250,2300,2232560,-1.71
2784,2011-04-06,2320,2370,2250,2250,1341279,-2.17
2785,2011-04-07,2270,2305,2150,2160,900997,-4.0
2786,2011-04-08,2200,2250,2155,2190,593086,1.39
2787,2011-04-11,2185,2515,2185,2515,5620793,14.84
2788,2011-04-12,2575,2660,2330,2370,6978763,-5.77
2789,2011-04-13,2475,2630,2430,2550,5609025,7.59
2790,2011-04-14,2580,2875,2555,2650,8603244,3.92
2791,2011-04-15,2565,2590,2345,2410,3153599,-9.06
2792,2011-04-18,2450,2465,2315,2395,1320978,-0.62
2793,2011-04-19,2350,2560,2340,2455,3074435,2.51
2794,2011-04-20,2450,2480,2355,2385,1087333,-2.85
2795,2011-04-21,2405,2495,2260,2300,1074438,-3.56
2796,2011-04-22,2335,2445,2300,2415,1508553,5.0
2797,2011-04-25,2465,2465,2320,2340,979661,-3.11
2798,2011-04-26,2310,2335,2145,2160,1003992,-7.69
2799,2011-04-27,2210,2265,2140,2140,534943,-0.93
2800,2011-04-28,2140,2240,2140,2175,502973,1.64
2801,2011-04-29,2165,2260,2145,2180,499932,0.23
2802,2011-05-02,2190,2490,2180,2290,2381249,5.05
2803,2011-05-03,2340,2450,2305,2305,1161308,0.66
2804,2011-05-04,2305,2375,2255,2370,701351,2.82
2805,2011-05-06,2350,2430,2325,2355,609884,-0.63
2806,2011-05-09,2390,2455,2335,2370,769491,0.64
2807,2011-05-11,2365,2425,2250,2250,605077,-5.06
2808,2011-05-12,2200,2295,2185,2250,421177,0.0
2809,2011-05-13,2280,2285,2210,2235,204750,-0.67
2810,2011-05-16,2255,2295,2210,2240,305656,0.22
2811,2011-05-17,2240,2340,2240,2315,561523,3.35
2812,2011-05-18,2345,2455,2315,2320,1402658,0.22
2813,2011-05-19,2345,2400,2290,2335,684354,0.65
2814,2011-05-20,2450,2510,2365,2395,1472441,2.57
2815,2011-05-23,2330,2415,2290,2290,856058,-4.38
2816,2011-05-24,2305,2380,2260,2370,793331,3.49
2817,2011-05-25,2445,2500,2360,2400,1531612,1.27
2818,2011-05-26,2460,2760,2385,2400,10887406,0.0
2819,2011-05-27,2400,2465,2300,2330,2646016,-2.92
2820,2011-05-30,2370,2460,2345,2460,1367958,5.58
2821,2011-05-31,2470,2640,2430,2555,3001203,3.86
2822,2011-06-01,2570,2795,2540,2745,3601470,7.44
2823,2011-06-02,2650,2840,2640,2805,2287982,2.19
2824,2011-06-03,2785,2875,2465,2510,2691559,-10.52
2825,2011-06-07,2510,2635,2425,2615,1034337,4.18
2826,2011-06-08,2660,2835,2610,2720,3334235,4.02
2827,2011-06-09,2730,2815,2660,2720,1786047,0.0
2828,2011-06-10,2705,2790,2555,2630,1203482,-3.31
2829,2011-06-13,2575,2660,2495,2550,843229,-3.04
2830,2011-06-14,2580,2865,2550,2800,3624371,9.8
2831,2011-06-15,2895,2950,2720,2780,3071472,-0.71
2832,2011-06-16,2740,2950,2725,2950,2639550,6.12
2833,2011-06-17,2980,3000,2840,2850,2391104,-3.39
2834,2011-06-20,2875,2990,2660,2710,2511037,-4.91
2835,2011-06-21,2750,2810,2655,2800,1196989,3.32
2836,2011-06-22,2850,2855,2700,2705,1239178,-3.39
2837,2011-06-23,2680,2915,2680,2860,2451038,5.73
2838,2011-06-24,2855,2905,2780,2850,1338308,-0.35
2839,2011-06-27,2890,2970,2835,2860,2057141,0.35
2840,2011-06-28,2885,3040,2620,2700,4057388,-5.59
2841,2011-06-29,2760,2810,2720,2785,1242984,3.15
2842,2011-06-30,2785,2835,2690,2690,1189438,-3.41
2843,2011-07-01,2715,2765,2590,2645,1302879,-1.67
2844,2011-07-04,2675,2725,2610,2725,869997,3.02
2845,2011-07-05,2800,2880,2680,2680,2702654,-1.65
2846,2011-07-06,2680,2730,2670,2690,688814,0.37
2847,2011-07-07,2735,2735,2600,2605,940112,-3.16
2848,2011-07-08,2610,2640,2560,2615,615368,0.38
2849,2011-07-11,2610,2685,2575,2600,812209,-0.57
2850,2011-07-12,2585,2585,2450,2490,815710,-4.23
2851,2011-07-13,2485,2555,2460,2480,641879,-0.4
2852,2011-07-14,2480,2495,2410,2430,596728,-2.02
2853,2011-07-15,2440,2550,2400,2530,753277,4.12
2854,2011-07-18,2530,2585,2515,2525,492831,-0.2
2855,2011-07-19,2670,2685,2530,2540,1512622,0.59
2856,2011-07-20,2585,2640,2550,2560,817349,0.79
2857,2011-07-21,2595,2595,2500,2505,538561,-2.15
2858,2011-07-22,2515,2550,2445,2525,522402,0.8
2859,2011-07-25,2530,2670,2520,2660,1317242,5.35
2860,2011-07-26,2680,2715,2610,2630,891732,-1.13
2861,2011-07-27,2650,2760,2630,2760,1614741,4.94
2862,2011-07-28,2730,2880,2685,2730,1927941,-1.09
2863,2011-07-29,2760,2800,2685,2705,644937,-0.92
2864,2011-08-01,2780,3110,2725,3110,1195434,14.97
2865,2011-08-02,3150,3490,3025,3330,6373638,7.07
2866,2011-08-03,3355,3595,3260,3335,4621249,0.15
2867,2011-08-04,3360,3490,3150,3405,2400715,2.1
2868,2011-08-05,3270,3915,3050,3915,7016364,14.98
2869,2011-08-08,4120,4430,3600,3955,11698270,1.02
2870,2011-08-09,3955,4070,3365,3365,7340351,-14.92
2871,2011-08-10,3450,3590,3170,3200,7405658,-4.9
2872,2011-08-11,3020,3610,3010,3480,8795582,8.75
2873,2011-08-12,3600,3875,3370,3430,6851135,-1.44
2874,2011-08-16,3600,3930,3510,3870,5379083,12.83
2875,2011-08-17,3860,4035,3820,3870,4572323,0.0
2876,2011-08-18,4020,4145,3620,3725,4261636,-3.75
2877,2011-08-19,3500,3585,3170,3170,2475186,-14.9
2878,2011-08-22,3170,3460,3050,3340,2824117,5.36
2879,2011-08-23,3365,3565,3330,3340,2506083,0.0
2880,2011-08-24,3400,3460,3065,3090,2206556,-7.49
2881,2011-08-25,3160,3215,2905,2950,1526002,-4.53
2882,2011-08-26,2955,3080,2955,3060,1146658,3.73
2883,2011-08-29,3115,3165,3070,3085,967988,0.82
2884,2011-08-30,3120,3225,3075,3170,1521223,2.76
2885,2011-08-31,3205,3345,3165,3230,1373088,1.89
2886,2011-09-01,3295,3335,3070,3170,1224308,-1.86
2887,2011-09-02,3190,3240,3095,3170,690599,0.0
2888,2011-09-05,3120,3140,2985,3005,579417,-5.21
2889,2011-09-06,2920,2980,2605,2800,1184096,-6.82
2890,2011-09-07,2840,2970,2840,2865,426805,2.32
2891,2011-09-08,3010,3290,3010,3065,3292344,6.98
2892,2011-09-09,2975,2990,2830,2870,983886,-6.36
2893,2011-09-14,2915,2970,2600,2600,1193714,-9.41
2894,2011-09-15,2700,2750,2460,2585,731621,-0.58
2895,2011-09-16,2660,2685,2580,2680,749642,3.68
2896,2011-09-19,2605,2675,2550,2560,662581,-4.48
2897,2011-09-20,2535,2640,2530,2560,453815,0.0
2898,2011-09-21,2600,2720,2580,2695,664511,5.27
2899,2011-09-22,2640,3055,2535,2870,3726736,6.49
2900,2011-09-23,2650,2770,2560,2600,1669738,-9.41
2901,2011-09-26,2620,2675,2210,2210,1525511,-15.0
2902,2011-09-27,2235,2315,2200,2300,929242,4.07
2903,2011-09-28,2315,2405,2300,2340,851791,1.74
2904,2011-09-29,2300,2360,2275,2350,481072,0.43
2905,2011-09-30,2360,2435,2335,2375,668144,1.06
2906,2011-10-04,2150,2210,2060,2080,746624,-12.42
2907,2011-10-05,2145,2195,2000,2000,730072,-3.85
2908,2011-10-06,2055,2110,2010,2020,358197,1.0
2909,2011-10-07,2070,2150,2065,2110,454018,4.46
2910,2011-10-10,2125,2260,2125,2235,685839,5.92
2911,2011-10-11,2280,2295,2195,2205,570047,-1.34
2912,2011-10-12,2195,2265,2190,2260,471450,2.49
2913,2011-10-13,2290,2375,2270,2340,951699,3.54
2914,2011-10-14,2365,2565,2275,2370,2488894,1.28
2915,2011-10-17,2415,2430,2350,2365,576941,-0.21
2916,2011-10-18,2300,2335,2275,2275,479595,-3.81
2917,2011-10-19,2340,2355,2250,2265,384830,-0.44
2918,2011-10-20,2315,2395,2110,2145,560056,-5.3
2919,2011-10-21,2210,2335,2170,2245,406779,4.66
2920,2011-10-24,2300,2330,2280,2315,386775,3.12
2921,2011-10-25,2400,2445,2335,2345,721981,1.3
2922,2011-10-26,2310,2600,2290,2480,2359090,5.76
2923,2011-10-27,2510,2555,2440,2475,735474,-0.2
2924,2011-10-28,2525,2525,2415,2420,473310,-2.22
2925,2011-10-31,2445,2455,2365,2380,417337,-1.65
2926,2011-11-01,2325,2470,2320,2435,495401,2.31
2927,2011-11-02,2370,2440,2330,2430,380071,-0.21
2928,2011-11-03,2440,2505,2360,2375,498831,-2.26
2929,2011-11-04,2440,2520,2405,2475,746207,4.21
2930,2011-11-07,2490,2630,2490,2580,1083849,4.24
2931,2011-11-08,2590,2600,2460,2475,574949,-4.07
2932,2011-11-09,2505,2740,2480,2690,1800532,8.69
2933,2011-11-10,2590,2645,2530,2595,1293344,-3.53
2934,2011-11-11,2660,2745,2570,2605,1464586,0.39
2935,2011-11-14,2640,2765,2625,2730,1650093,4.8
2936,2011-11-15,2730,2820,2680,2805,1495604,2.75
2937,2011-11-16,3190,3200,2825,3015,6350662,7.49
2938,2011-11-17,2970,3070,2850,2980,1521513,-1.16
2939,2011-11-18,2915,2950,2765,2865,1073657,-3.86
2940,2011-11-21,2870,3185,2700,2835,3981012,-1.05
2941,2011-11-22,2750,2940,2740,2940,1118280,3.7
2942,2011-11-23,2895,2915,2630,2635,962737,-10.37
2943,2011-11-24,2700,2815,2660,2720,1380044,3.23
2944,2011-11-25,2710,2835,2680,2800,1083889,2.94
2945,2011-11-28,2850,2920,2790,2800,930919,0.0
2946,2011-11-29,2830,3215,2825,3140,4096806,12.14
2947,2011-11-30,3060,3085,2900,2930,2937646,-6.69
2948,2011-12-01,3000,3045,2800,2880,2006300,-1.71
2949,2011-12-02,2880,3015,2870,2880,1533232,0.0
2950,2011-12-05,2890,2980,2850,2860,1353051,-0.69
2951,2011-12-06,2885,2955,2750,2755,1098184,-3.67
2952,2011-12-07,2760,3050,2760,2825,3575921,2.54
2953,2011-12-08,2850,2925,2785,2790,1513077,-1.24
2954,2011-12-09,2750,2780,2650,2655,1063095,-4.84
2955,2011-12-12,2680,2900,2680,2785,1723565,4.9
2956,2011-12-13,2750,2990,2750,2820,1592133,1.26
2957,2011-12-14,2865,3015,2865,2960,3550443,4.96
2958,2011-12-15,2990,3000,2785,2790,1490409,-5.74
2959,2011-12-16,2795,2990,2790,2940,1267234,5.38
2960,2011-12-19,3050,3070,2500,2730,1918989,-7.14
2961,2011-12-20,2800,2885,2750,2830,845314,3.66
2962,2011-12-21,2940,2980,2840,2980,2055224,5.3
2963,2011-12-22,3020,3075,2955,2955,1921951,-0.84
2964,2011-12-23,3015,3210,2955,3030,3649570,2.54
2965,2011-12-26,3380,3395,3105,3120,4450681,2.97
2966,2011-12-27,3070,3100,2810,2920,2981704,-6.41
2967,2011-12-28,2940,2970,2815,2820,942572,-3.42
2968,2011-12-29,2820,2895,2800,2895,682156,2.66
2969,2012-01-02,2895,2950,2865,2950,932476,1.9
2970,2012-01-03,3015,3090,2960,3020,1310083,2.37
2971,2012-01-04,3050,3185,3010,3155,2578778,4.47
2972,2012-01-05,3185,3285,2960,3010,2274685,-4.6
2973,2012-01-06,3055,3455,3010,3455,5208789,14.78
2974,2012-01-09,3460,3820,3380,3580,4158443,3.62
2975,2012-01-10,3510,3660,3395,3660,2041655,2.23
2976,2012-01-11,3600,3630,3240,3255,1917585,-11.07
2977,2012-01-12,3300,3535,3260,3445,1746417,5.84
2978,2012-01-13,3430,3580,3350,3350,996784,-2.76
2979,2012-01-16,3350,3530,3265,3460,1099937,3.28
2980,2012-01-17,3490,3600,3450,3475,1793744,0.43
2981,2012-01-18,3595,3785,3360,3375,3941704,-2.88
2982,2012-01-19,3480,3870,3390,3670,10281289,8.74
2983,2012-01-20,3715,3815,3515,3600,2507973,-1.91
2984,2012-01-25,3600,3680,3385,3400,1591309,-5.56
2985,2012-01-26,3400,3485,3350,3480,1034956,2.35
2986,2012-01-27,3520,3595,3450,3450,1103199,-0.86
2987,2012-01-30,3400,3500,3150,3215,1534511,-6.81
2988,2012-01-31,3275,3275,3100,3235,1286613,0.62
2989,2012-02-01,3325,3395,3240,3245,1379286,0.31
2990,2012-02-02,3430,3565,3330,3330,3116725,2.62
2991,2012-02-03,3360,3435,3305,3330,1553230,0.0
2992,2012-02-06,3485,3615,3380,3500,2558086,5.11
2993,2012-02-07,3475,3495,2975,3310,2364073,-5.43
2994,2012-02-08,3310,3375,3220,3280,1070013,-0.91
2995,2012-02-09,3225,3375,3205,3320,1331465,1.22
2996,2012-02-10,3740,3815,3500,3815,8904944,14.91
2997,2012-02-13,4050,4360,3810,3860,9697243,1.18
2998,2012-02-14,3835,3855,3600,3750,5511535,-2.85
2999,2012-02-15,3740,3860,3650,3760,2930839,0.27
3000,2012-02-16,3765,3895,3610,3670,3253858,-2.39
3001,2012-02-17,3440,3615,3420,3500,2655479,-4.63
3002,2012-02-20,3575,3970,3530,3860,5768570,10.29
3003,2012-02-21,3910,4215,3650,3815,7018027,-1.17
3004,2012-02-22,3800,3900,3655,3655,1878137,-4.19
3005,2012-02-23,3600,3795,3600,3725,1141274,1.92
3006,2012-02-24,3655,3740,3595,3615,983737,-2.95
3007,2012-02-27,3560,3700,3455,3460,1167042,-4.29
3008,2012-02-28,3465,3595,3450,3525,738398,1.88
3009,2012-02-29,3615,3775,3505,3550,1015913,0.71
3010,2012-03-02,3570,3650,3540,3590,527480,1.13
3011,2012-03-05,3620,3630,3545,3545,301933,-1.25
3012,2012-03-06,3545,3610,3335,3475,695487,-1.97
3013,2012-03-07,3280,3650,3280,3395,731295,-2.3
3014,2012-03-08,3425,3525,3410,3410,236551,0.44
3015,2012-03-09,3455,3510,3400,3415,243643,0.15
3016,2012-03-12,3775,3785,3460,3500,1804645,2.49
3017,2012-03-13,3500,3510,3385,3390,598496,-3.14
3018,2012-03-14,3410,3475,3380,3400,457721,0.29
3019,2012-03-15,3390,3460,3300,3325,449591,-2.21
3020,2012-03-16,3375,3480,3260,3300,762229,-0.75
3021,2012-03-19,3320,3415,3290,3345,439296,1.36
3022,2012-03-20,3330,3400,3315,3380,512902,1.05
3023,2012-03-21,3375,3380,3280,3285,477739,-2.81
3024,2012-03-22,3285,3410,3265,3265,599372,-0.61
3025,2012-03-23,3280,3310,3110,3150,486452,-3.52
3026,2012-03-26,3150,3220,3110,3125,305725,-0.79
3027,2012-03-27,3165,3165,3050,3080,386485,-1.44
3028,2012-03-28,3060,3125,3035,3065,267055,-0.49
3029,2012-03-29,3040,3085,2890,2900,401994,-5.38
3030,2012-03-30,2850,2995,2850,2960,240338,2.07
3031,2012-04-02,2970,3085,2950,3085,201970,4.22
3032,2012-04-03,3090,3130,3010,3030,179465,-1.78
3033,2012-04-04,3000,3045,2885,2930,171823,-3.3
3034,2012-04-05,2870,3100,2805,2890,409718,-1.37
3035,2012-04-06,2960,2980,2795,2795,219009,-3.29
3036,2012-04-09,2750,2790,2535,2540,429208,-9.12
3037,2012-04-10,2490,2690,2490,2575,374646,1.38
3038,2012-04-12,2750,2875,2680,2740,793912,6.41
3039,2012-04-13,2815,2815,2695,2760,362500,0.73
3040,2012-04-16,2690,2870,2650,2800,454113,1.45
3041,2012-04-17,2810,2860,2735,2750,252826,-1.79
3042,2012-04-18,2780,2830,2760,2815,199787,2.36
3043,2012-04-19,2960,3085,2850,2855,822611,1.42
3044,2012-04-20,2860,2900,2770,2770,207480,-2.98
3045,2012-04-23,2890,3050,2825,2950,606646,6.5
3046,2012-04-24,2860,2945,2825,2830,287632,-4.07
3047,2012-04-25,2900,2960,2820,2820,246732,-0.35
3048,2012-04-26,2850,2890,2670,2705,240397,-4.08
3049,2012-04-27,2745,2760,2650,2690,197415,-0.55
3050,2012-04-30,2690,2970,2640,2875,771072,6.88
3051,2012-05-02,2850,2940,2840,2880,355202,0.17
3052,2012-05-03,2915,2915,2850,2865,170272,-0.52
3053,2012-05-04,2895,2895,2770,2785,253440,-2.79
3054,2012-05-07,2725,2825,2700,2735,171749,-1.8
3055,2012-05-08,2775,2870,2770,2790,242961,2.01
3056,2012-05-09,2800,2845,2700,2735,123029,-1.97
3057,2012-05-10,2770,2800,2725,2755,114616,0.73
3058,2012-05-11,2740,2790,2685,2695,111929,-2.18
3059,2012-05-14,2695,2695,2545,2600,132184,-3.53
3060,2012-05-15,2525,2640,2445,2520,193614,-3.08
3061,2012-05-16,2490,2560,2335,2340,262635,-7.14
3062,2012-05-17,2295,2435,2295,2370,195828,1.28
3063,2012-05-18,2300,2330,2150,2180,306125,-8.02
3064,2012-05-21,2160,2275,2150,2175,219098,-0.23
3065,2012-05-22,2340,2380,2230,2360,234908,8.51
3066,2012-05-23,2340,2340,2280,2300,150081,-2.54
3067,2012-05-24,2345,2370,2250,2290,108670,-0.43
3068,2012-05-25,2300,2365,2300,2335,105114,1.97
3069,2012-05-29,2350,2500,2350,2460,320684,5.35
3070,2012-05-30,2460,2520,2390,2395,172010,-2.64
3071,2012-05-31,2360,2440,2300,2440,150885,1.88
3072,2012-06-01,2475,2475,2390,2400,140848,-1.64
3073,2012-06-04,2275,2330,2200,2240,203459,-6.67
3074,2012-06-05,2270,2295,2245,2280,77005,1.79
3075,2012-06-07,2325,2400,2295,2310,239702,1.32
3076,2012-06-08,2330,2495,2290,2410,539996,4.33
3077,2012-06-11,2420,2600,2410,2510,411624,4.15
3078,2012-06-12,2500,2580,2500,2510,243270,0.0
3079,2012-06-13,2550,2565,2450,2480,144370,-1.2
3080,2012-06-14,2515,2535,2415,2450,163234,-1.21
3081,2012-06-15,2475,2530,2455,2455,215727,0.2
3082,2012-06-18,2520,2625,2510,2545,214822,3.67
3083,2012-06-19,2545,2580,2480,2480,216913,-2.55
3084,2012-06-20,2490,2545,2490,2530,164634,2.02
3085,2012-06-21,2530,2705,2520,2615,749168,3.36
3086,2012-06-22,2575,2680,2565,2620,235748,0.19
3087,2012-06-25,2625,2655,2570,2590,191731,-1.15
3088,2012-06-26,2565,2805,2565,2685,1022928,3.67
3089,2012-06-27,2685,2685,2580,2620,284848,-2.42
3090,2012-06-28,2625,2655,2570,2575,194029,-1.72
3091,2012-06-29,2530,2575,2525,2550,225710,-0.97
3092,2012-07-02,2560,2930,2560,2930,2857536,14.9
3093,2012-07-03,3200,3365,3090,3365,5531596,14.85
3094,2012-07-04,3380,3420,3170,3250,6979436,-3.42
3095,2012-07-05,3195,3230,3110,3145,2595016,-3.23
3096,2012-07-06,3155,3290,3065,3115,3273116,-0.95
3097,2012-07-09,3130,3155,3030,3030,1083567,-2.73
3098,2012-07-10,3065,3150,2960,2990,1960322,-1.32
3099,2012-07-11,2995,3060,2885,2985,740352,-0.17
3100,2012-07-12,3020,3025,2840,2870,713765,-3.85
3101,2012-07-13,2890,2920,2655,2805,512397,-2.26
3102,2012-07-16,2815,2935,2815,2920,563564,4.1
3103,2012-07-17,2905,3085,2835,2985,1466507,2.23
3104,2012-07-18,3005,3045,2845,2845,564211,-4.69
3105,2012-07-19,2880,2925,2775,2800,391155,-1.58
3106,2012-07-20,2785,2855,2725,2820,459924,0.71
3107,2012-07-23,2800,2845,2710,2845,305966,0.89
3108,2012-07-24,2845,3065,2805,2915,1322753,2.46
3109,2012-07-25,2885,2940,2760,2795,368998,-4.12
3110,2012-07-26,2795,2820,2735,2740,206111,-1.97
3111,2012-07-27,2740,2835,2735,2745,374439,0.18
3112,2012-07-30,2775,2845,2770,2835,225681,3.28
3113,2012-07-31,2920,3000,2845,2845,739953,0.35
3114,2012-08-01,2840,2890,2790,2880,234642,1.23
3115,2012-08-02,2890,2920,2825,2860,147501,-0.69
3116,2012-08-03,2840,2880,2815,2840,166190,-0.7
3117,2012-08-06,2850,2900,2820,2900,273840,2.11
3118,2012-08-07,3000,3140,2970,2970,2424179,2.41
3119,2012-08-08,2970,3010,2910,2910,468095,-2.02
3120,2012-08-09,2950,3000,2890,2900,500414,-0.34
3121,2012-08-10,2900,2945,2895,2925,234529,0.86
3122,2012-08-13,3155,3180,2920,2920,876744,-0.17
3123,2012-08-14,2905,2940,2900,2910,254230,-0.34
3124,2012-08-16,2915,2935,2870,2890,240796,-0.69
3125,2012-08-17,2895,2915,2780,2815,330012,-2.6
3126,2012-08-20,2870,2870,2765,2820,179349,0.18
3127,2012-08-21,2840,2910,2800,2895,501535,2.66
3128,2012-08-22,2895,2915,2840,2865,256988,-1.04
3129,2012-08-23,2840,2880,2840,2850,237149,-0.52
3130,2012-08-24,2815,2885,2810,2875,368638,0.88
3131,2012-08-27,2840,2975,2840,2960,645519,2.96
3132,2012-08-28,2980,3000,2895,2910,479127,-1.69
3133,2012-08-29,2930,3030,2905,3030,1038124,4.12
3134,2012-08-30,3030,3035,2965,2970,501806,-1.98
3135,2012-08-31,2955,3000,2915,2960,362201,-0.34
3136,2012-09-03,2965,3015,2950,2970,392351,0.34
3137,2012-09-04,3060,3165,2850,2850,1313884,-4.04
3138,2012-09-05,2845,2880,2805,2820,269972,-1.05
3139,2012-09-06,2825,2860,2760,2780,264519,-1.42
3140,2012-09-07,2800,2855,2780,2855,146782,2.7
3141,2012-09-10,2860,2880,2805,2825,184241,-1.05
3142,2012-09-11,2825,2880,2825,2850,184394,0.88
3143,2012-09-12,2835,2970,2830,2950,531940,3.51
3144,2012-09-13,2950,3170,2930,3030,1793851,2.71
3145,2012-09-14,3040,3100,2955,2985,536696,-1.49
3146,2012-09-17,2985,3120,2975,3120,687130,4.52
3147,2012-09-18,3155,3190,3065,3110,969576,-0.32
3148,2012-09-19,3110,3145,3045,3070,385473,-1.29
3149,2012-09-20,3055,3130,3000,3015,319615,-1.79
3150,2012-09-21,3030,3125,2950,3125,392247,3.65
3151,2012-09-24,3125,3165,3050,3060,531894,-2.08
3152,2012-09-25,3055,3250,3035,3035,1793326,-0.82
3153,2012-09-26,3015,3145,3015,3035,478828,0.0
3154,2012-09-27,3060,3185,3045,3160,727918,4.12
3155,2012-09-28,3200,3240,3105,3110,540061,-1.58
3156,2012-10-02,3115,3180,3025,3040,298192,-2.25
3157,2012-10-04,2980,3160,2980,3135,375957,3.12
3158,2012-10-05,3130,3185,3090,3130,255749,-0.16
3159,2012-10-08,3130,3145,3045,3050,235502,-2.56
3160,2012-10-09,3050,3145,3025,3120,294542,2.3
3161,2012-10-10,3150,3320,3050,3055,1807289,-2.08
3162,2012-10-11,3055,3075,2885,2935,589469,-3.93
3163,2012-10-12,2935,2990,2895,2900,307394,-1.19
3164,2012-10-15,2900,2935,2570,2685,743702,-7.41
3165,2012-10-16,2650,2700,2535,2635,477899,-1.86
3166,2012-10-17,2655,2755,2650,2650,236763,0.57
3167,2012-10-18,2670,2690,2525,2525,392392,-4.72
3168,2012-10-19,2510,2525,2400,2470,323512,-2.18
3169,2012-10-22,2410,2550,2410,2550,174749,3.24
3170,2012-10-23,2550,2680,2540,2540,191648,-0.39
3171,2012-10-24,2485,2580,2485,2530,99677,-0.39
3172,2012-10-25,2560,2580,2485,2515,153301,-0.59
3173,2012-10-26,2595,2600,2360,2405,234487,-4.37
3174,2012-10-29,2425,2455,2350,2350,188040,-2.29
3175,2012-10-30,2305,2395,2300,2315,195465,-1.49
3176,2012-10-31,2360,2455,2335,2420,138711,4.54
3177,2012-11-01,2395,2430,2385,2385,73913,-1.45
3178,2012-11-02,2455,2455,2405,2415,81809,1.26
3179,2012-11-05,2450,2485,2420,2445,110415,1.24
3180,2012-11-06,2450,2490,2425,2475,109349,1.23
3181,2012-11-07,2500,2845,2455,2845,1725048,14.95
3182,2012-11-08,2675,2760,2580,2580,2199144,-9.31
3183,2012-11-09,2615,2675,2550,2555,638440,-0.97
3184,2012-11-12,2575,2645,2545,2590,272871,1.37
3185,2012-11-13,2575,2615,2435,2440,466876,-5.79
3186,2012-11-14,2450,2450,2310,2325,485907,-4.71
3187,2012-11-15,2230,2305,2220,2240,429848,-3.66
3188,2012-11-16,2155,2220,2150,2150,434731,-4.02
3189,2012-11-19,2170,2390,2170,2300,516228,6.98
3190,2012-11-20,2305,2400,2265,2270,287299,-1.3
3191,2012-11-21,2275,2345,2265,2265,133322,-0.22
3192,2012-11-22,2290,2360,2275,2285,166549,0.88
3193,2012-11-23,2300,2370,2285,2305,234249,0.88
3194,2012-11-26,2350,2510,2320,2425,611452,5.21
3195,2012-11-27,2415,2425,2355,2370,389964,-2.27
3196,2012-11-28,2370,2435,2325,2370,189655,0.0
3197,2012-11-29,2385,2475,2355,2355,347556,-0.63
3198,2012-11-30,2400,2400,2350,2385,98889,1.27
3199,2012-12-03,2430,2445,2260,2290,267068,-3.98
3200,2012-12-04,2250,2275,2190,2220,352947,-3.06
3201,2012-12-05,2220,2245,2160,2220,183552,0.0
3202,2012-12-06,2220,2260,2190,2220,167345,0.0
3203,2012-12-07,2235,2250,2205,2210,167833,-0.45
3204,2012-12-10,2210,2235,2155,2205,201593,-0.23
3205,2012-12-11,2205,2215,2165,2195,171754,-0.45
3206,2012-12-12,2200,2220,2170,2190,151005,-0.23
3207,2012-12-13,2170,2205,2170,2195,169037,0.23
3208,2012-12-14,2215,2330,2205,2235,304874,1.82
3209,2012-12-17,2235,2260,2200,2255,182917,0.89
3210,2012-12-18,2260,2295,2210,2220,244860,-1.55
3211,2012-12-20,2230,2480,2230,2350,1429084,5.86
3212,2012-12-21,2395,2410,2320,2350,355439,0.0
3213,2012-12-24,2380,2430,2325,2375,279232,1.06
3214,2012-12-26,2350,2400,2300,2300,272145,-3.16
3215,2012-12-27,2315,2345,2285,2300,153702,0.0
3216,2012-12-28,2340,2340,2290,2315,130079,0.65
3217,2013-01-02,2330,2360,2300,2360,224702,1.94
3218,2013-01-03,2365,2370,2325,2330,172241,-1.27
3219,2013-01-04,2340,2410,2340,2385,269297,2.36
3220,2013-01-07,2395,2395,2340,2340,136024,-1.89
3221,2013-01-08,2335,2375,2310,2360,176660,0.85
3222,2013-01-09,2365,2440,2345,2380,338026,0.85
3223,2013-01-10,2390,2415,2365,2405,198552,1.05
3224,2013-01-11,2430,2430,2360,2395,167069,-0.42
3225,2013-01-14,2415,2415,2330,2345,190301,-2.09
3226,2013-01-15,2345,2385,2305,2310,386008,-1.49
3227,2013-01-16,2315,2375,2310,2335,188974,1.08
3228,2013-01-17,2330,2360,2250,2300,223917,-1.5
3229,2013-01-18,2305,2470,2305,2365,2030385,2.83
3230,2013-01-21,2395,2450,2370,2400,527083,1.48
3231,2013-01-22,2450,2565,2415,2465,1114566,2.71
3232,2013-01-23,2470,2470,2400,2415,421179,-2.03
3233,2013-01-24,2390,2435,2315,2330,264623,-3.52
3234,2013-01-25,2335,2380,2310,2335,270015,0.21
3235,2013-01-28,2360,2430,2345,2355,305982,0.86
3236,2013-01-29,2355,2400,2325,2400,271643,1.91
3237,2013-01-30,2400,2430,2360,2365,379114,-1.46
3238,2013-01-31,2390,2475,2355,2470,582070,4.44
3239,2013-02-01,2470,2480,2385,2410,320345,-2.43
3240,2013-02-04,2445,2445,2280,2295,427703,-4.77
3241,2013-02-05,2290,2330,2275,2290,184493,-0.22
3242,2013-02-06,2300,2330,2295,2295,124271,0.22
3243,2013-02-07,2295,2325,2280,2285,148947,-0.44
3244,2013-02-08,2275,2320,2275,2285,102911,0.0
3245,2013-02-12,2290,2315,2250,2265,149259,-0.88
3246,2013-02-13,2265,2290,2260,2270,176259,0.22
3247,2013-02-14,2280,2350,2275,2330,284667,2.64
3248,2013-02-15,2350,2350,2305,2325,182814,-0.21
3249,2013-02-18,2325,2335,2305,2330,138019,0.22
3250,2013-02-19,2340,2485,2330,2370,926368,1.72
3251,2013-02-20,2365,2385,2360,2370,196590,0.0
3252,2013-02-21,2370,2395,2280,2315,418821,-2.32
3253,2013-02-22,2340,2385,2330,2345,322248,1.3
3254,2013-02-25,2350,2395,2340,2370,232155,1.07
3255,2013-02-26,2370,2460,2355,2415,672868,1.9
3256,2013-02-27,2435,2460,2375,2375,419731,-1.66
3257,2013-02-28,2385,2410,2360,2410,226615,1.47
3258,2013-03-04,2410,2410,2370,2390,130881,-0.83
3259,2013-03-05,2385,2420,2360,2380,341646,-0.42
3260,2013-03-06,2390,2440,2375,2440,422150,2.52
3261,2013-03-07,2465,2465,2370,2390,467645,-2.05
3262,2013-03-08,2405,2425,2360,2390,252830,0.0
3263,2013-03-11,2380,2395,2300,2305,394541,-3.56
3264,2013-03-12,2310,2340,2300,2325,177398,0.87
3265,2013-03-13,2340,2345,2300,2320,145841,-0.22
3266,2013-03-14,2320,2340,2305,2325,146717,0.22
3267,2013-03-15,2345,2360,2325,2350,159636,1.08
3268,2013-03-18,2370,2370,2285,2285,417725,-2.77
3269,2013-03-19,2290,2320,2285,2305,140126,0.88
3270,2013-03-20,2305,2320,2265,2265,227749,-1.74
3271,2013-03-21,2275,2295,2260,2260,122169,-0.22
3272,2013-03-22,2260,2280,2245,2260,146870,0.0
3273,2013-03-25,2270,2305,2270,2275,122376,0.66
3274,2013-03-26,2270,2295,2265,2275,142683,0.0
3275,2013-03-27,2285,2305,2230,2255,244637,-0.88
3276,2013-03-28,2255,2295,2255,2285,145892,1.33
3277,2013-03-29,2285,2315,2280,2285,153353,0.0
3278,2013-04-01,2310,2310,2275,2290,115663,0.22
3279,2013-04-02,2285,2305,2250,2265,221852,-1.09
3280,2013-04-03,2270,2280,2240,2245,155314,-0.88
3281,2013-04-04,2230,2250,2155,2170,465124,-3.34
3282,2013-04-05,2185,2210,2105,2145,313292,-1.15
3283,2013-04-08,2145,2165,2090,2090,196328,-2.56
3284,2013-04-09,2030,2100,1985,2020,285548,-3.35
3285,2013-04-10,2005,2040,1985,2035,271191,0.74
3286,2013-04-11,2050,2075,2035,2050,114657,0.74
3287,2013-04-12,2055,2090,2050,2070,73992,0.98
3288,2013-04-15,2055,2070,2020,2050,161095,-0.97
3289,2013-04-16,2020,2055,2015,2040,140448,-0.49
3290,2013-04-17,2050,2070,2010,2020,167271,-0.98
3291,2013-04-18,2005,2225,2005,2100,845254,3.96
3292,2013-04-19,2120,2120,2030,2040,243395,-2.86
3293,2013-04-22,2055,2075,2040,2070,88150,1.47
3294,2013-04-23,2060,2085,2050,2075,128862,0.24
3295,2013-04-24,2085,2125,2080,2125,173152,2.41
3296,2013-04-25,2130,2135,2085,2110,107274,-0.71
3297,2013-04-26,2110,2115,2090,2115,96589,0.24
3298,2013-04-29,2105,2130,2105,2125,65078,0.47
3299,2013-04-30,2130,2160,2130,2155,186479,1.41
3300,2013-05-02,2135,2180,2135,2180,90862,1.16
3301,2013-05-03,2185,2205,2160,2180,104262,0.0
3302,2013-05-06,2185,2220,2165,2190,165227,0.46
3303,2013-05-07,2185,2200,2150,2160,176033,-1.37
3304,2013-05-08,2180,2205,2165,2185,113323,1.16
3305,2013-05-09,2205,2205,2165,2185,90776,0.0
3306,2013-05-10,2175,2185,2140,2150,135566,-1.6
3307,2013-05-13,2150,2165,2135,2150,60122,0.0
3308,2013-05-14,2160,2175,2155,2165,107094,0.7
3309,2013-05-15,2165,2210,2165,2200,210387,1.62
3310,2013-05-16,2190,2215,2180,2190,81429,-0.45
3311,2013-05-20,2190,2210,2175,2195,104260,0.23
3312,2013-05-21,2195,2205,2175,2190,107894,-0.23
3313,2013-05-22,2195,2245,2180,2230,163125,1.83
3314,2013-05-23,2210,2240,2180,2180,169282,-2.24
3315,2013-05-24,2195,2235,2150,2180,119999,0.0
3316,2013-05-27,2180,2230,2175,2230,145998,2.29
3317,2013-05-28,2230,2300,2225,2300,486924,3.14
3318,2013-05-29,2300,2330,2275,2330,146704,1.3
3319,2013-05-30,2310,2335,2280,2305,150759,-1.07
3320,2013-05-31,2285,2305,2235,2245,127847,-2.6
3321,2013-06-03,2230,2265,2215,2250,112220,0.22
3322,2013-06-04,2255,2305,2225,2305,282532,2.44
3323,2013-06-05,2340,2415,2240,2260,608305,-1.95
3324,2013-06-07,2260,2285,2230,2250,160751,-0.44
3325,2013-06-10,2250,2290,2240,2280,169389,1.33
3326,2013-06-11,2295,2295,2230,2255,144492,-1.1
3327,2013-06-12,2245,2270,2235,2270,96099,0.67
3328,2013-06-13,2280,2380,2250,2250,522794,-0.88
3329,2013-06-14,2255,2320,2250,2320,205037,3.11
3330,2013-06-17,2355,2395,2270,2290,366846,-1.29
3331,2013-06-18,2300,2355,2270,2275,165745,-0.66
3332,2013-06-19,2285,2325,2205,2210,318862,-2.86
3333,2013-06-20,2240,2240,2140,2160,156925,-2.26
3334,2013-06-21,2105,2160,2070,2160,230617,0.0
3335,2013-06-24,2170,2180,2090,2095,88678,-3.01
3336,2013-06-25,2045,2095,1955,1980,234827,-5.49
3337,2013-06-26,1980,2110,1980,2020,131770,2.02
3338,2013-06-27,2080,2095,2045,2090,73685,3.47
3339,2013-06-28,2100,2125,2090,2120,40393,1.44
3340,2013-07-01,2115,2155,2110,2130,71338,0.47
3341,2013-07-02,2270,2345,2155,2190,337475,2.82
3342,2013-07-03,2160,2190,2090,2145,146739,-2.05
3343,2013-07-04,2150,2185,2105,2165,60134,0.93
3344,2013-07-05,2190,2190,2145,2190,37761,1.15
3345,2013-07-08,2190,2190,2135,2135,19755,-2.51
3346,2013-07-09,2185,2185,2100,2125,97030,-0.47
3347,2013-07-10,2130,2160,2110,2115,21554,-0.47
3348,2013-07-11,2150,2165,2115,2145,41191,1.42
3349,2013-07-12,2140,2175,2140,2165,74504,0.93
3350,2013-07-15,2155,2190,2135,2160,57573,-0.23
3351,2013-07-16,2160,2205,2125,2175,120549,0.69
3352,2013-07-17,2160,2185,2140,2140,137202,-1.61
3353,2013-07-18,2140,2160,2140,2155,61985,0.7
3354,2013-07-19,2155,2180,2145,2150,42583,-0.23
3355,2013-07-22,2160,2210,2150,2150,118045,0.0
3356,2013-07-23,2155,2180,2155,2160,987023,0.47
3357,2013-07-24,2165,2280,2165,2200,634352,1.85
3358,2013-07-25,2220,2265,2215,2225,336339,1.14
3359,2013-07-26,2225,2250,2190,2200,156722,-1.12
3360,2013-07-29,2225,2235,2190,2200,85947,0.0
3361,2013-07-30,2205,2205,2180,2190,77744,-0.45
3362,2013-07-31,2205,2205,2150,2185,76575,-0.23
3363,2013-08-01,2190,2195,2155,2165,196716,-0.92
3364,2013-08-02,2170,2195,2150,2165,114694,0.0
3365,2013-08-05,2165,2165,2145,2155,76470,-0.46
3366,2013-08-06,2155,2310,2140,2175,1637868,0.93
3367,2013-08-07,2190,2220,2125,2135,615266,-1.84
3368,2013-08-08,2120,2170,2105,2145,199210,0.47
3369,2013-08-09,2140,2155,2125,2135,123761,-0.47
3370,2013-08-12,2115,2135,2105,2120,128852,-0.7
3371,2013-08-13,2110,2135,2070,2105,259054,-0.71
3372,2013-08-14,2110,2120,2085,2110,295894,0.24
3373,2013-08-16,2095,2115,2070,2090,109883,-0.95
3374,2013-08-19,2095,2100,2075,2080,78477,-0.48
3375,2013-08-20,2085,2095,2020,2020,205692,-2.88
3376,2013-08-21,2060,2060,1975,1985,224899,-1.73
3377,2013-08-22,2005,2030,1950,2010,143412,1.26
3378,2013-08-23,2025,2045,2000,2040,99605,1.49
3379,2013-08-26,2040,2070,2030,2065,67373,1.23
3380,2013-08-27,2050,2060,2010,2020,93690,-2.18
3381,2013-08-28,2000,2010,1985,2005,93072,-0.74
3382,2013-08-29,2000,2035,2000,2030,72587,1.25
3383,2013-08-30,2020,2045,2015,2030,63038,0.0
3384,2013-09-02,2020,2060,2020,2045,93590,0.74
3385,2013-09-03,2045,2060,2045,2055,48806,0.49
3386,2013-09-04,2045,2065,2040,2060,100876,0.24
3387,2013-09-05,2055,2065,2035,2045,31430,-0.73
3388,2013-09-06,2045,2055,2000,2000,110996,-2.2
3389,2013-09-09,2010,2060,2010,2050,102338,2.5
3390,2013-09-10,2060,2070,2035,2045,61102,-0.24
3391,2013-09-11,2040,2080,2040,2065,81603,0.98
3392,2013-09-12,2050,2090,2050,2065,72073,0.0
3393,2013-09-13,2065,2130,2065,2090,85690,1.21
3394,2013-09-16,2095,2105,2065,2085,41853,-0.24
3395,2013-09-17,2065,2090,2050,2065,61477,-0.96
3396,2013-09-23,2070,2085,2045,2060,51701,-0.24
3397,2013-09-24,2045,2150,2045,2080,500740,0.97
3398,2013-09-25,2095,2125,2070,2080,83716,0.0
3399,2013-09-26,2095,2095,2050,2055,154471,-1.2
3400,2013-09-27,2060,2150,2055,2100,92720,2.19
3401,2013-09-30,2100,2115,2050,2065,74873,-1.67
3402,2013-10-01,2055,2080,2020,2035,145813,-1.45
3403,2013-10-02,2040,2055,2035,2035,52280,0.0
3404,2013-10-04,2020,2045,2010,2025,36786,-0.49
3405,2013-10-07,2050,2050,2000,2030,56100,0.25
3406,2013-10-08,2120,2330,2090,2210,7226038,8.87
3407,2013-10-10,2215,2325,2120,2160,2292798,-2.26
3408,2013-10-11,2180,2450,2170,2425,5866158,12.27
3409,2013-10-14,2470,2480,2330,2345,2621361,-3.3
3410,2013-10-15,2325,2415,2300,2365,1761157,0.85
3411,2013-10-16,2370,2550,2355,2385,3373493,0.85
3412,2013-10-17,2430,2515,2295,2300,2039338,-3.56
3413,2013-10-18,2350,2480,2290,2380,2079427,3.48
3414,2013-10-21,2355,2420,2340,2420,918534,1.68
3415,2013-10-22,2425,2455,2380,2380,1005613,-1.65
3416,2013-10-23,2380,2400,2265,2300,759502,-3.36
3417,2013-10-24,2325,2345,2280,2325,341024,1.09
3418,2013-10-25,2355,2365,2300,2300,352596,-1.08
3419,2013-10-28,2265,2425,2260,2355,1051684,2.39
3420,2013-10-29,2355,2370,2305,2325,311553,-1.27
3421,2013-10-30,2320,2470,2315,2380,1461283,2.37
3422,2013-10-31,2390,2450,2350,2395,1098448,0.63
3423,2013-11-01,2395,2450,2155,2200,1915880,-8.14
3424,2013-11-04,2240,2275,2215,2235,511222,1.59
3425,2013-11-05,2230,2250,2180,2180,460669,-2.46
3426,2013-11-06,2185,2240,2170,2200,374212,0.92
3427,2013-11-07,2215,2265,2190,2215,315002,0.68
3428,2013-11-08,2230,2235,2180,2195,217010,-0.9
3429,2013-11-11,2240,2255,2015,2055,684017,-6.38
3430,2013-11-12,2030,2135,2030,2120,270664,3.16
3431,2013-11-13,2120,2120,2040,2050,271258,-3.3
3432,2013-11-14,2065,2105,2000,2065,275404,0.73
3433,2013-11-15,2085,2085,2030,2030,204112,-1.69
3434,2013-11-18,2015,2065,2015,2035,153636,0.25
3435,2013-11-19,2025,2050,2005,2005,130624,-1.47
3436,2013-11-20,2010,2050,1995,1995,157863,-0.5
3437,2013-11-21,2020,2030,1990,2010,119740,0.75
3438,2013-11-22,2010,2035,2000,2010,87157,0.0
3439,2013-11-25,2025,2045,2020,2035,80266,1.24
3440,2013-11-26,2020,2050,2000,2045,104209,0.49
3441,2013-11-27,2040,2070,2015,2040,105870,-0.24
3442,2013-11-28,2045,2055,2015,2025,152872,-0.74
3443,2013-11-29,2030,2045,2020,2045,108781,0.99
3444,2013-12-02,2055,2060,2010,2015,106843,-1.47
3445,2013-12-03,2015,2030,1990,1995,174172,-0.99
3446,2013-12-04,1980,2005,1970,1995,143676,0.0
3447,2013-12-05,2005,2005,1980,2000,77351,0.25
3448,2013-12-06,1995,2005,1985,1990,106340,-0.5
3449,2013-12-09,1990,2010,1965,1970,106907,-1.01
3450,2013-12-10,1990,1990,1925,1940,158922,-1.52
3451,2013-12-11,1920,1960,1905,1910,135251,-1.55
3452,2013-12-12,1875,1925,1860,1895,158692,-0.79
3453,2013-12-13,1895,1950,1895,1915,44316,1.06
3454,2013-12-16,1900,1920,1890,1890,53770,-1.31
3455,2013-12-17,1870,1935,1870,1900,103309,0.53
3456,2013-12-18,1900,1905,1870,1895,43321,-0.26
3457,2013-12-19,1920,1925,1860,1865,77243,-1.58
3458,2013-12-20,1875,1875,1850,1865,32849,0.0
3459,2013-12-23,1870,1895,1860,1885,62575,1.07
3460,2013-12-24,1885,2010,1865,1885,409359,0.0
3461,2013-12-26,1900,1930,1870,1870,130790,-0.8
3462,2013-12-27,1890,1910,1870,1900,72372,1.6
3463,2013-12-30,1900,1915,1880,1900,60924,0.0
3464,2014-01-02,1905,1915,1880,1880,110943,-1.05
3465,2014-01-03,1905,1905,1865,1865,72963,-0.8
3466,2014-01-06,1865,1885,1850,1885,96349,1.07
3467,2014-01-07,1885,1900,1860,1900,62077,0.8
3468,2014-01-08,1900,1920,1890,1910,84963,0.53
3469,2014-01-09,1910,1945,1910,1940,85952,1.57
3470,2014-01-10,1955,1955,1920,1925,37058,-0.77
3471,2014-01-13,1930,1930,1900,1905,51704,-1.04
3472,2014-01-14,1905,1910,1880,1895,108244,-0.52
3473,2014-01-15,1900,1920,1890,1915,63932,1.06
3474,2014-01-16,1925,1960,1920,1945,174908,1.57
3475,2014-01-17,1950,1950,1915,1935,52367,-0.51
3476,2014-01-20,1935,1950,1910,1925,49957,-0.52
3477,2014-01-21,1925,1950,1910,1935,100531,0.52
3478,2014-01-22,1935,2020,1925,1990,410488,2.84
3479,2014-01-23,2005,2010,1960,1965,80078,-1.26
3480,2014-01-24,1975,1990,1955,1960,56954,-0.25
3481,2014-01-27,1940,1940,1900,1915,92486,-2.3
3482,2014-01-28,1995,2200,1925,2200,1691302,14.88
3483,2014-01-29,2265,2380,2095,2135,7539753,-2.95
3484,2014-02-03,2110,2295,2040,2085,5849580,-2.34
3485,2014-02-04,2050,2085,2030,2030,689385,-2.64
3486,2014-02-05,2050,2125,1980,1980,1563277,-2.46
3487,2014-02-06,1980,2030,1970,1990,611510,0.51
3488,2014-02-07,2010,2070,1990,2065,633233,3.77
3489,2014-02-10,2065,2145,2050,2050,1492544,-0.73
3490,2014-02-11,2050,2085,2020,2075,613038,1.22
3491,2014-02-12,2080,2110,2065,2095,450623,0.96
3492,2014-02-13,2105,2125,2050,2065,326176,-1.43
3493,2014-02-14,2055,2080,2035,2050,277509,-0.73
3494,2014-02-17,2055,2140,2050,2080,909741,1.46
3495,2014-02-18,2085,2100,2060,2085,418912,0.24
3496,2014-02-19,2100,2105,2070,2085,358457,0.0
3497,2014-02-20,2125,2215,2055,2055,1919858,-1.44
3498,2014-02-21,2075,2095,2060,2070,281978,0.73
3499,2014-02-24,2080,2155,2070,2080,791796,0.48
3500,2014-02-25,2090,2115,2065,2065,339180,-0.72
3501,2014-02-26,2065,2080,2005,2005,436242,-2.91
3502,2014-02-27,2015,2050,2000,2000,251341,-0.25
3503,2014-02-28,2000,2025,1985,1990,167771,-0.5
3504,2014-03-03,2010,2010,1970,1970,153212,-1.01
3505,2014-03-04,1960,2000,1960,1990,86916,1.02
3506,2014-03-05,1995,2015,1990,2000,63270,0.5
3507,2014-03-06,2005,2030,2000,2010,88166,0.5
3508,2014-03-07,2010,2030,1995,2010,87493,0.0
3509,2014-03-10,2005,2045,2005,2035,157440,1.24
3510,2014-03-11,2040,2090,2025,2075,349236,1.97
3511,2014-03-12,2080,2080,2025,2045,225252,-1.45
3512,2014-03-13,2045,2075,2020,2035,133272,-0.49
3513,2014-03-14,2020,2040,2000,2025,70420,-0.49
3514,2014-03-17,2025,2045,2010,2025,103284,0.0
3515,2014-03-18,2030,2225,2030,2145,2475671,5.93
3516,2014-03-19,2140,2170,2095,2120,724276,-1.17
3517,2014-03-20,2120,2140,2070,2110,410292,-0.47
3518,2014-03-21,2110,2145,2095,2105,275831,-0.24
3519,2014-03-24,2085,2125,2085,2105,243081,0.0
3520,2014-03-25,2110,2140,2080,2080,218005,-1.19
3521,2014-03-26,2090,2110,2075,2110,152448,1.44
3522,2014-03-27,2120,2130,2090,2090,220396,-0.95
3523,2014-03-28,2115,2135,2085,2090,231199,0.0
3524,2014-03-31,2095,2115,2060,2080,168166,-0.48
3525,2014-04-01,2075,2115,2075,2095,165961,0.72
3526,2014-04-02,2095,2115,2090,2115,145704,0.95
3527,2014-04-03,2120,2125,2075,2075,301060,-1.89
3528,2014-04-04,2070,2095,2065,2075,124011,0.0
3529,2014-04-07,2070,2115,2055,2085,215378,0.48
3530,2014-04-08,2095,2135,2090,2135,236924,2.4
3531,2014-04-09,2135,2160,2110,2115,259848,-0.94
3532,2014-04-10,2135,2175,2130,2150,322084,1.65
3533,2014-04-11,2140,2155,2115,2155,212191,0.23
3534,2014-04-14,2155,2170,2135,2155,151089,0.0
3535,2014-04-15,2170,2180,2115,2120,249337,-1.62
3536,2014-04-16,2125,2145,2115,2120,157070,0.0
3537,2014-04-17,2135,2140,2110,2110,139775,-0.47
3538,2014-04-18,2110,2185,2110,2155,396563,2.13
3539,2014-04-21,2160,2175,2135,2145,164973,-0.46
3540,2014-04-22,2155,2220,2145,2195,637677,2.33
3541,2014-04-23,2195,2210,2155,2155,219625,-1.82
3542,2014-04-24,2155,2185,2090,2160,253960,0.23
3543,2014-04-25,2140,2150,2090,2125,220335,-1.62
3544,2014-04-28,2150,2180,2055,2055,489509,-3.29
3545,2014-04-29,2060,2095,2055,2080,187148,1.22
3546,2014-04-30,2095,2105,2060,2075,89891,-0.24
3547,2014-05-02,2075,2085,2020,2045,138641,-1.45
3548,2014-05-07,2030,2075,2025,2035,190474,-0.49
3549,2014-05-08,2040,2095,2035,2080,209647,2.21
3550,2014-05-09,2070,2105,2050,2080,74161,0.0
3551,2014-05-12,2075,2095,2070,2075,78385,-0.24
3552,2014-05-13,2080,2155,2080,2130,345330,2.65
3553,2014-05-14,2140,2145,2100,2110,152722,-0.94
3554,2014-05-15,2095,2125,2095,2115,73800,0.24
3555,2014-05-16,2115,2155,2110,2115,175727,0.0
3556,2014-05-19,2120,2140,2075,2090,105313,-1.18
3557,2014-05-20,2090,2120,2030,2040,141871,-2.39
3558,2014-05-21,2030,2070,2030,2040,90691,0.0
3559,2014-05-22,2060,2090,2035,2070,97500,1.47
3560,2014-05-23,2060,2085,2060,2080,39013,0.48
3561,2014-05-26,2100,2100,2055,2075,92731,-0.24
3562,2014-05-27,2075,2090,2045,2065,84123,-0.48
3563,2014-05-28,2065,2085,2050,2065,86048,0.0
3564,2014-05-29,2055,2105,2035,2090,203122,1.21
3565,2014-05-30,2090,2120,2065,2085,80512,-0.24
3566,2014-06-02,2075,2085,1955,1985,371240,-4.8
3567,2014-06-03,1970,1995,1925,1935,178817,-2.52
3568,2014-06-05,1940,1960,1855,1855,341037,-4.13
3569,2014-06-09,1850,1885,1840,1870,182404,0.81
3570,2014-06-10,1870,1900,1855,1880,63547,0.53
3571,2014-06-11,1880,1890,1865,1875,66239,-0.27
3572,2014-06-12,1875,1925,1860,1885,87370,0.53
3573,2014-06-13,1905,1905,1865,1870,64697,-0.8
3574,2014-06-16,1895,1895,1870,1885,39047,0.8
3575,2014-06-17,1875,1905,1875,1900,30879,0.8
3576,2014-06-18,1905,1905,1875,1900,47119,0.0
3577,2014-06-19,1860,1910,1860,1900,44973,0.0
3578,2014-06-20,1905,1905,1875,1875,58341,-1.32
3579,2014-06-23,1895,1895,1835,1840,73442,-1.87
3580,2014-06-24,1850,1860,1760,1790,67166,-2.72
3581,2014-06-25,1780,1820,1780,1805,38943,0.84
3582,2014-06-26,1800,1845,1800,1810,57196,0.28
3583,2014-06-27,1810,1820,1785,1810,29383,0.0
3584,2014-06-30,1810,1835,1810,1820,41396,0.55
3585,2014-07-01,1835,1875,1825,1870,83604,2.75
3586,2014-07-02,1920,1920,1855,1910,121167,2.14
3587,2014-07-03,1910,1910,1855,1885,102152,-1.31
3588,2014-07-04,1895,1895,1865,1865,55865,-1.06
3589,2014-07-07,1870,1885,1855,1855,63595,-0.54
3590,2014-07-08,1855,1875,1850,1860,68027,0.27
3591,2014-07-09,1860,1870,1835,1850,52661,-0.54
3592,2014-07-10,1850,1850,1830,1835,54563,-0.81
3593,2014-07-11,1825,1835,1780,1790,109173,-2.45
3594,2014-07-14,1790,1815,1785,1815,78814,1.4
3595,2014-07-15,1825,1835,1805,1835,90537,1.1
3596,2014-07-16,1840,1845,1805,1835,54473,0.0
3597,2014-07-17,1835,1835,1810,1825,38428,-0.54
3598,2014-07-18,1820,1850,1800,1845,96155,1.1
3599,2014-07-21,1835,1875,1835,1850,42596,0.27
3600,2014-07-22,1860,1875,1835,1865,61317,0.81
3601,2014-07-23,1865,1885,1860,1875,119577,0.54
3602,2014-07-24,1890,1910,1880,1890,181523,0.8
3603,2014-07-25,1905,1905,1880,1880,35668,-0.53
3604,2014-07-28,1895,1900,1850,1850,124646,-1.6
3605,2014-07-29,1850,1865,1830,1840,102774,-0.54
3606,2014-07-30,1830,1850,1825,1825,46054,-0.82
3607,2014-07-31,1830,1850,1795,1820,68009,-0.27
3608,2014-08-01,1785,1840,1785,1835,46714,0.82
3609,2014-08-04,1850,1870,1835,1845,49848,0.54
3610,2014-08-05,1845,1870,1830,1855,53631,0.54
3611,2014-08-06,1850,1865,1840,1850,40160,-0.27
3612,2014-08-07,1845,1865,1830,1830,44707,-1.08
3613,2014-08-08,1830,1845,1825,1825,70692,-0.27
3614,2014-08-11,1825,1850,1825,1830,27225,0.27
3615,2014-08-12,1830,1905,1830,1865,173905,1.91
3616,2014-08-13,1855,1875,1850,1855,46352,-0.54
3617,2014-08-14,1860,1870,1835,1855,77974,0.0
3618,2014-08-18,1860,1865,1835,1855,44932,0.0
3619,2014-08-19,1870,1880,1830,1850,71375,-0.27
3620,2014-08-20,1920,1960,1865,1875,623551,1.35
3621,2014-08-21,1905,2015,1890,1955,1210788,4.27
3622,2014-08-22,2000,2000,1910,1945,278334,-0.51
3623,2014-08-25,1945,1945,1890,1890,203805,-2.83
3624,2014-08-26,1985,2050,1900,1900,723219,0.53
3625,2014-08-27,1915,1920,1880,1905,203849,0.26
3626,2014-08-28,1905,1940,1895,1925,127087,1.05
3627,2014-08-29,1930,1940,1910,1925,124985,0.0
3628,2014-09-01,1940,1940,1875,1880,154560,-2.34
3629,2014-09-02,1885,1915,1880,1905,99767,1.33
3630,2014-09-03,1900,1920,1890,1915,101384,0.52
3631,2014-09-04,1910,1920,1885,1885,114529,-1.57
3632,2014-09-05,1880,1905,1880,1890,65335,0.27
3633,2014-09-11,1910,1935,1900,1915,99045,1.32
3634,2014-09-12,1915,1935,1905,1935,128647,1.04
3635,2014-09-15,1925,1960,1920,1930,85889,-0.26
3636,2014-09-16,1935,1945,1910,1930,74367,0.0
3637,2014-09-17,1930,1960,1920,1960,113042,1.55
3638,2014-09-18,1970,2000,1945,2000,151489,2.04
3639,2014-09-19,1990,2015,1985,2000,98957,0.0
3640,2014-09-22,2000,2025,1980,2020,138345,1.0
3641,2014-09-23,2020,2025,1995,2010,116867,-0.5
3642,2014-09-24,2010,2025,1965,2025,176718,0.75
3643,2014-09-25,2025,2040,1990,2020,120880,-0.25
3644,2014-09-26,2020,2020,1980,2000,48310,-0.99
3645,2014-09-29,2005,2010,1980,2000,89381,0.0
3646,2014-09-30,2000,2000,1975,1985,50277,-0.75
3647,2014-10-01,1985,2030,1960,2000,107172,0.76
3648,2014-10-02,1975,2005,1970,1995,98059,-0.25
3649,2014-10-06,2010,2020,1960,1980,76624,-0.75
3650,2014-10-07,1955,1980,1920,1955,67511,-1.26
3651,2014-10-08,1955,1955,1895,1910,86042,-2.3
3652,2014-10-10,1910,1910,1845,1895,69086,-0.79
3653,2014-10-13,1895,1895,1825,1840,100594,-2.9
3654,2014-10-14,1795,1880,1795,1880,33763,2.17
3655,2014-10-15,1880,1900,1840,1840,44186,-2.13
3656,2014-10-16,1825,1850,1810,1830,50114,-0.54
3657,2014-10-17,1830,1850,1815,1845,40711,0.82
3658,2014-10-20,1850,1880,1845,1875,14294,1.63
3659,2014-10-21,1880,1880,1835,1880,20270,0.27
3660,2014-10-22,1880,1890,1850,1850,48687,-1.6
3661,2014-10-23,1850,1860,1835,1850,47624,0.0
3662,2014-10-24,1840,1865,1830,1835,23973,-0.81
3663,2014-10-27,1835,1850,1820,1825,90336,-0.54
3664,2014-10-28,1815,1830,1805,1820,23141,-0.27
3665,2014-10-29,1820,1840,1820,1835,18550,0.82
3666,2014-10-30,1830,1850,1825,1835,20311,0.0
3667,2014-10-31,1840,1855,1835,1855,20699,1.09
3668,2014-11-03,1855,1860,1815,1845,24869,-0.54
3669,2014-11-04,1820,1840,1760,1785,95587,-3.25
3670,2014-11-05,1745,1810,1745,1775,77216,-0.56
3671,2014-11-06,1775,1775,1730,1770,84575,-0.28
3672,2014-11-07,1765,1785,1750,1785,23439,0.85
3673,2014-11-10,1765,1800,1765,1780,30160,-0.28
3674,2014-11-11,1755,1785,1755,1780,33121,0.0
3675,2014-11-12,1780,1825,1775,1805,32140,1.4
3676,2014-11-13,1800,1800,1780,1800,49839,-0.28
3677,2014-11-14,1810,1810,1780,1795,38110,-0.28
3678,2014-11-17,1810,1810,1780,1785,24371,-0.56
3679,2014-11-18,1775,1805,1775,1790,37790,0.28
3680,2014-11-19,1785,1810,1775,1790,34536,0.0
3681,2014-11-20,1770,1795,1770,1795,24116,0.28
3682,2014-11-21,1795,1800,1780,1795,20370,0.0
3683,2014-11-24,1785,1805,1770,1785,77837,-0.56
3684,2014-11-25,1780,1820,1780,1795,54783,0.56
3685,2014-11-26,1795,1810,1790,1795,18168,0.0
3686,2014-11-27,1810,1815,1780,1780,55165,-0.84
3687,2014-11-28,1780,1785,1765,1780,78164,0.0
3688,2014-12-01,1780,1780,1750,1760,216055,-1.12
3689,2014-12-02,1740,1765,1730,1755,103971,-0.28
3690,2014-12-03,1740,1750,1735,1735,49640,-1.14
3691,2014-12-04,1745,1815,1715,1770,85361,2.02
3692,2014-12-05,1755,1775,1730,1760,55327,-0.56
3693,2014-12-08,1745,1780,1730,1730,23565,-1.7
3694,2014-12-09,1735,1750,1725,1750,33529,1.16
3695,2014-12-10,1735,1745,1715,1715,50128,-2.0
3696,2014-12-11,1800,1970,1800,1910,2616231,11.37
3697,2014-12-12,1910,1925,1830,1835,546709,-3.93
3698,2014-12-15,1830,1875,1830,1855,140908,1.09
3699,2014-12-16,1840,1865,1820,1825,183157,-1.62
3700,2014-12-17,1825,1845,1820,1840,97993,0.82
3701,2014-12-18,1845,1865,1800,1820,196401,-1.09
3702,2014-12-19,1825,1860,1825,1850,145602,1.65
3703,2014-12-22,1875,1895,1860,1875,199776,1.35
3704,2014-12-23,1870,1895,1865,1875,105673,0.0
3705,2014-12-24,1875,1915,1875,1915,163885,2.13
3706,2014-12-26,1930,1945,1830,1940,569158,1.31
3707,2014-12-29,1840,1850,1815,1820,254762,-6.19
3708,2014-12-30,1815,1820,1770,1770,99974,-2.75
3709,2015-01-02,1770,1785,1740,1775,74735,0.28
3710,2015-01-05,1775,1790,1705,1735,131537,-2.25
3711,2015-01-06,1710,1730,1700,1710,163279,-1.44
3712,2015-01-07,1700,1735,1700,1710,121116,0.0
3713,2015-01-08,1720,1730,1705,1720,71671,0.58
3714,2015-01-09,1730,1745,1715,1735,92550,0.87
3715,2015-01-12,1735,1745,1720,1730,80985,-0.29
3716,2015-01-13,1730,1740,1715,1735,98918,0.29
3717,2015-01-14,1735,1745,1725,1740,70521,0.29
3718,2015-01-15,1740,1760,1740,1755,110652,0.86
3719,2015-01-16,1755,1765,1730,1745,79796,-0.57
3720,2015-01-19,1745,1760,1725,1740,60952,-0.29
3721,2015-01-20,1760,1760,1735,1755,96729,0.86
3722,2015-01-21,1750,1760,1740,1760,92663,0.28
3723,2015-01-22,1760,1800,1760,1775,341181,0.85
3724,2015-01-23,1775,1785,1765,1775,113251,0.0
3725,2015-01-26,1770,1790,1755,1780,64781,0.28
3726,2015-01-27,1770,1810,1755,1800,166258,1.12
3727,2015-01-28,1785,1795,1765,1790,69777,-0.56
3728,2015-01-29,1790,1795,1770,1790,60809,0.0
3729,2015-01-30,1775,1795,1765,1765,66722,-1.4
3730,2015-02-02,1765,1815,1755,1810,129009,2.55
3731,2015-02-03,1825,1835,1790,1810,93071,0.0
3732,2015-02-04,1800,1825,1795,1800,78268,-0.55
3733,2015-02-05,1805,1815,1785,1805,90956,0.28
3734,2015-02-06,1805,1835,1805,1825,138136,1.11
3735,2015-02-09,1875,2095,1860,2095,2636777,14.79
3736,2015-02-10,2250,2270,2005,2055,5081898,-1.91
3737,2015-02-11,2075,2360,2055,2360,3879725,14.84
3738,2015-02-12,2425,2600,2315,2400,4569267,1.69
3739,2015-02-13,2350,2760,2315,2760,6710825,15.0
3740,2015-02-16,0,0,0,2760,0,0.0
3741,2015-02-17,3035,3035,2790,2880,1043840,4.35
3742,2015-02-23,2770,2770,2615,2740,715329,-4.86
3743,2015-02-24,2690,2890,2635,2680,561356,-2.19
3744,2015-02-25,2660,3025,2515,2620,5676946,-2.24
3745,2015-02-26,2690,2845,2585,2645,3285483,0.95
3746,2015-02-27,2690,2720,2585,2615,1750614,-1.13
3747,2015-03-02,2665,2775,2600,2640,2512001,0.96
3748,2015-03-03,2640,2690,2510,2520,1931820,-4.55
3749,2015-03-04,2565,2605,2470,2510,1633626,-0.4
3750,2015-03-05,2700,2800,2530,2530,3340592,0.8
3751,2015-03-06,2530,2575,2505,2550,1082453,0.79
3752,2015-03-09,2565,2620,2440,2440,1170103,-4.31
3753,2015-03-10,2420,2580,2415,2510,1298278,2.87
3754,2015-03-11,2505,2560,2345,2350,1328778,-6.37
3755,2015-03-12,2400,2700,2390,2700,3976315,14.89
3756,2015-03-13,2800,2960,2620,2815,4752316,4.26
3757,2015-03-16,3020,3235,3020,3145,7925125,11.72
3758,2015-03-17,3055,3100,2805,2885,4868458,-8.27
3759,2015-03-18,2890,3100,2835,2835,5257231,-1.73
3760,2015-03-19,2850,3030,2730,2865,3047719,1.06
3761,2015-03-20,2860,2965,2775,2900,2047284,1.22
3762,2015-03-23,2890,3055,2855,2905,2691619,0.17
3763,2015-03-24,2950,2990,2860,2875,1368118,-1.03
3764,2015-03-25,2890,2955,2860,2875,981043,0.0
3765,2015-03-26,2945,3155,2910,2945,3309605,2.43
3766,2015-03-27,2995,3015,2920,3010,1190088,2.21
3767,2015-03-30,3170,3360,3015,3015,4215117,0.17
3768,2015-03-31,3030,3160,2930,3015,2285462,0.0
3769,2015-04-01,3080,3165,3005,3155,2109363,4.64
3770,2015-04-02,3190,3235,3010,3065,1533599,-2.85
3771,2015-04-03,3080,3520,3060,3520,5220295,14.85
3772,2015-04-06,3705,3810,3450,3535,5802478,0.43
3773,2015-04-07,3565,3770,3500,3590,3323116,1.56
3774,2015-04-08,3570,3695,3500,3500,2578670,-2.51
3775,2015-04-09,3565,3680,3430,3465,1969591,-1.0
3776,2015-04-10,3520,3525,3315,3525,2307866,1.73
3777,2015-04-13,3460,3480,3245,3245,2022306,-7.94
3778,2015-04-14,3275,3325,3145,3310,1438266,2.0
3779,2015-04-15,3305,3395,3240,3350,1478975,1.21
3780,2015-04-16,3335,3770,3240,3460,5932472,3.28
3781,2015-04-17,3430,3755,3410,3635,4481535,5.06
3782,2015-04-20,3780,3985,3680,3815,5285532,4.95
3783,2015-04-21,3815,3830,3555,3570,3835006,-6.42
3784,2015-04-22,3550,3615,3170,3385,2461141,-5.18
3785,2015-04-23,3395,3580,3250,3270,2425790,-3.4
3786,2015-04-24,3270,3450,3235,3265,1205959,-0.15
3787,2015-04-27,3320,3430,3270,3350,1013918,2.6
3788,2015-04-28,3350,3475,3300,3350,1220356,0.0
3789,2015-04-29,3335,3395,3235,3365,967480,0.45
3790,2015-04-30,3540,3590,3000,3090,2511478,-8.17
3791,2015-05-04,3100,3325,3070,3150,1342265,1.94
3792,2015-05-06,3175,3350,3130,3195,1282059,1.43
3793,2015-05-07,3155,3205,3090,3105,717709,-2.82
3794,2015-05-08,3110,3250,3105,3235,574844,4.19
3795,2015-05-11,3265,3320,3200,3230,499122,-0.15
3796,2015-05-12,3230,3265,3130,3150,711633,-2.48
3797,2015-05-13,3175,3180,3115,3150,436520,0.0
3798,2015-05-14,3180,3220,3140,3220,543514,2.22
3799,2015-05-15,3235,3330,3145,3150,874623,-2.17
3800,2015-05-18,3155,3190,3005,3005,646691,-4.6
3801,2015-05-19,2990,3020,2905,2975,521221,-1.0
3802,2015-05-20,2945,3100,2910,2910,775328,-2.18
3803,2015-05-21,2915,2950,2795,2795,819969,-3.95
3804,2015-05-22,2850,2945,2780,2825,682197,1.07
3805,2015-05-26,2850,2875,2795,2795,305745,-1.06
3806,2015-05-27,2765,2850,2725,2795,285718,0.0
3807,2015-05-28,2800,2910,2800,2875,382083,2.86
3808,2015-05-29,2860,2905,2790,2795,259635,-2.78
3809,2015-06-01,2785,2830,2680,2805,413383,0.36
3810,2015-06-02,2810,2830,2610,2660,607152,-5.17
3811,2015-06-03,2710,2970,2605,2865,1301353,7.71
3812,2015-06-04,2830,2890,2750,2775,769742,-3.14
3813,2015-06-05,2705,2800,2690,2750,394024,-0.9
3814,2015-06-08,2750,2900,2710,2860,471922,4.0
3815,2015-06-09,2860,2950,2810,2885,474750,0.87
3816,2015-06-10,2910,3015,2885,2935,740138,1.73
3817,2015-06-11,2965,3000,2775,2815,380667,-4.09
3818,2015-06-12,2820,2855,2755,2800,194326,-0.53
3819,2015-06-15,2800,2800,2655,2665,292245,-4.82
3820,2015-06-16,2710,2710,2565,2580,197948,-3.19
3821,2015-06-17,2630,2720,2585,2695,187144,4.46
3822,2015-06-18,2695,2725,2610,2620,160311,-2.78
3823,2015-06-19,2625,2670,2590,2650,160631,1.15
3824,2015-06-22,2660,2695,2620,2695,96757,1.7
3825,2015-06-23,2700,2790,2690,2760,270794,2.41
3826,2015-06-24,2785,2925,2775,2850,248225,3.26
3827,2015-06-25,2830,2885,2780,2865,181270,0.53
3828,2015-06-26,2820,2865,2690,2725,387499,-4.89
3829,2015-06-29,2630,2725,2565,2565,293857,-5.87
3830,2015-06-30,2565,2625,2500,2625,209485,2.34
3831,2015-07-01,2610,2675,2580,2640,259967,0.57
3832,2015-07-02,2670,2680,2590,2595,163739,-1.7
3833,2015-07-03,2595,2625,2525,2550,201532,-1.73
3834,2015-07-06,2500,2520,2455,2490,269869,-2.35
3835,2015-07-07,2510,2620,2465,2620,240430,5.22
3836,2015-07-08,2610,2645,2560,2590,95340,-1.15
3837,2015-07-09,2555,2855,2500,2625,1693841,1.35
3838,2015-07-10,2625,2880,2605,2675,1470480,1.9
3839,2015-07-13,2715,2765,2680,2715,369277,1.5
3840,2015-07-14,2790,2835,2720,2720,357275,0.18
3841,2015-07-15,2720,2750,2680,2725,275558,0.18
3842,2015-07-16,2765,2840,2735,2805,497875,2.94
3843,2015-07-17,2805,2805,2700,2770,326226,-1.25
3844,2015-07-20,2775,2925,2725,2770,580155,0.0
3845,2015-07-21,2755,2850,2740,2800,418579,1.08
3846,2015-07-22,2815,2985,2750,2845,946972,1.61
3847,2015-07-23,2880,2975,2855,2900,824785,1.93
3848,2015-07-24,2850,2885,2810,2845,324607,-1.9
3849,2015-07-27,2825,2895,2720,2750,295777,-3.34
3850,2015-07-28,2680,2800,2610,2800,379361,1.82
3851,2015-07-29,2780,2795,2625,2655,296930,-5.18
3852,2015-07-30,2655,2695,2555,2565,216383,-3.39
3853,2015-07-31,2580,2640,2535,2605,138225,1.56
3854,2015-08-03,2610,2685,2590,2590,148720,-0.58
3855,2015-08-04,2600,2675,2595,2665,77129,2.9
3856,2015-08-05,2670,2700,2645,2680,132624,0.56
3857,2015-08-06,2695,2715,2645,2680,177810,0.0
3858,2015-08-07,2670,2670,2545,2615,116336,-2.43
3859,2015-08-10,2590,2625,2545,2555,140454,-2.29
3860,2015-08-11,2580,2635,2550,2600,195170,1.76
3861,2015-08-12,2610,2790,2520,2610,593620,0.38
3862,2015-08-13,2615,2675,2565,2615,137067,0.19
3863,2015-08-17,2645,2655,2570,2615,238030,0.0
3864,2015-08-18,2625,2645,2540,2570,218645,-1.72
3865,2015-08-19,2500,2570,2350,2450,346007,-4.67
3866,2015-08-20,2320,2440,2315,2320,356513,-5.31
3867,2015-08-21,2100,2195,2090,2195,442638,-5.39
3868,2015-08-24,2075,2255,2075,2160,189315,-1.59
3869,2015-08-25,2200,2280,2130,2260,258730,4.63
3870,2015-08-26,2270,2410,2245,2390,512999,5.75
3871,2015-08-27,2390,2425,2350,2405,213067,0.63
3872,2015-08-28,2465,2485,2405,2430,93599,1.04
3873,2015-08-31,2430,2460,2395,2450,80499,0.82
3874,2015-09-01,2420,2475,2380,2420,58652,-1.22
3875,2015-09-02,2410,2450,2335,2450,58769,1.24
3876,2015-09-03,2455,2540,2430,2500,220803,2.04
3877,2015-09-04,2500,2565,2445,2540,351849,1.6
3878,2015-09-07,2555,2565,2470,2545,84829,0.2
3879,2015-09-08,2530,2550,2460,2550,114187,0.2
3880,2015-09-09,2575,2830,2515,2600,968417,1.96
3881,2015-09-10,2600,2620,2560,2590,164799,-0.38
3882,2015-09-11,2750,2900,2670,2690,1010047,3.86
3883,2015-09-14,2690,2845,2680,2765,484111,2.79
3884,2015-09-15,2765,2810,2715,2760,151466,-0.18
3885,2015-09-16,2790,2850,2760,2800,253060,1.45
3886,2015-09-17,2830,3190,2795,2865,1628403,2.32
3887,2015-09-18,2910,3075,2900,3000,959599,4.71
3888,2015-09-21,2990,3115,2960,3085,886068,2.83
3889,2015-09-22,3085,3130,3025,3055,474132,-0.97
3890,2015-09-23,3050,3050,2890,2900,516581,-5.07
3891,2015-09-24,2940,3035,2940,3020,193514,4.14
3892,2015-09-25,3040,3060,2985,3020,178036,0.0
3893,2015-09-30,3040,3150,2980,3115,401355,3.15
3894,2015-10-01,3155,3160,3065,3110,208847,-0.16
3895,2015-10-02,3140,3300,3090,3170,976037,1.93
3896,2015-10-05,3150,3245,3130,3230,251444,1.89
3897,2015-10-06,3280,3280,3200,3260,325165,0.93
3898,2015-10-07,3295,3435,3260,3280,933679,0.61
3899,2015-10-08,3315,3340,3220,3340,381845,1.83
3900,2015-10-12,3360,3420,3315,3370,281549,0.9
3901,2015-10-13,3395,3395,3285,3325,252496,-1.34
3902,2015-10-14,3295,3350,3175,3295,402943,-0.9
3903,2015-10-15,3280,3290,3200,3290,242510,-0.15
3904,2015-10-16,3350,3390,3265,3315,362548,0.76
3905,2015-10-19,3345,3345,3275,3330,241731,0.45
3906,2015-10-20,3340,3340,3265,3275,171029,-1.65
3907,2015-10-21,3235,3280,3200,3255,204733,-0.61
3908,2015-10-22,3225,3500,3130,3210,1181556,-1.38
3909,2015-10-23,3180,3245,3175,3195,177971,-0.47
3910,2015-10-26,3450,3720,3230,3230,2208112,1.1
3911,2015-10-27,3225,3380,3190,3375,688976,4.49
3912,2015-10-28,3405,3530,3350,3420,1136194,1.33
3913,2015-10-29,3420,3465,3370,3425,445736,0.15
3914,2015-10-30,3435,3450,3375,3420,264202,-0.15
3915,2015-11-02,3450,3450,3355,3370,252963,-1.46
3916,2015-11-03,3350,3430,3335,3425,282861,1.63
3917,2015-11-04,3425,3450,3390,3410,160241,-0.44
3918,2015-11-05,3400,3475,3395,3435,334337,0.73
3919,2015-11-06,3440,3520,3415,3450,529521,0.44
3920,2015-11-09,3485,3505,3370,3390,371755,-1.74
3921,2015-11-10,3355,3380,3200,3230,438566,-4.72
3922,2015-11-11,3205,3285,3190,3205,265143,-0.77
3923,2015-11-12,3250,3270,3195,3260,180385,1.72
3924,2015-11-13,3205,3320,3130,3300,341623,1.23
3925,2015-11-16,3200,3300,3160,3200,260703,-3.03
3926,2015-11-17,3200,3285,3185,3245,179576,1.41
3927,2015-11-18,3250,3270,3180,3205,228698,-1.23
3928,2015-11-19,3240,3360,3200,3320,618050,3.59
3929,2015-11-20,3285,3370,3285,3360,190602,1.2
3930,2015-11-23,3365,3375,3310,3315,178048,-1.34
3931,2015-11-24,3330,3335,3265,3315,164554,0.0
3932,2015-11-25,3330,3375,3265,3375,224955,1.81
3933,2015-11-26,3370,3445,3320,3445,251546,2.07
3934,2015-11-27,3455,3670,3440,3505,1121152,1.74
3935,2015-11-30,3540,3570,3455,3530,311998,0.71
3936,2015-12-01,3580,3645,3530,3600,388742,1.98
3937,2015-12-02,3640,3955,3530,3770,2349882,4.72
3938,2015-12-03,3770,3800,3690,3735,495887,-0.93
3939,2015-12-04,3725,3775,3645,3745,455003,0.27
3940,2015-12-07,3780,3835,3705,3835,356911,2.4
3941,2015-12-08,3850,3925,3775,3860,628004,0.65
3942,2015-12-09,3845,3850,3760,3845,319269,-0.39
3943,2015-12-10,3850,3850,3635,3735,433045,-2.86
3944,2015-12-11,3695,3750,3650,3670,211793,-1.74
3945,2015-12-14,3665,3715,3590,3680,222703,0.27
3946,2015-12-15,3650,3900,3650,3780,422716,2.72
3947,2015-12-16,3840,3905,3710,3850,391951,1.85
3948,2015-12-17,3930,3980,3850,3955,534442,2.73
3949,2015-12-18,3900,4280,3885,3925,1199837,-0.76
3950,2015-12-21,3995,4035,3900,4010,286906,2.17
3951,2015-12-22,4035,4065,3990,4050,279757,1.0
3952,2015-12-23,4050,4175,4030,4085,394413,0.86
3953,2015-12-24,4200,4375,4120,4250,846098,4.04
3954,2015-12-28,4265,4365,4225,4225,473385,-0.59
3955,2015-12-29,4190,4335,4160,4290,314544,1.54
3956,2015-12-30,4340,4445,4280,4445,322799,3.61
3957,2016-01-04,4500,4590,4365,4400,371132,-1.01
3958,2016-01-05,4325,4485,4290,4475,255443,1.7
3959,2016-01-06,4490,4670,4365,4470,548250,-0.11
3960,2016-01-07,4470,4515,4300,4340,365606,-2.91
3961,2016-01-08,4195,4210,3995,4135,807736,-4.72
3962,2016-01-11,4125,4245,4015,4100,420571,-0.85
3963,2016-01-12,4110,4175,4060,4120,227407,0.49
3964,2016-01-13,4120,4190,4080,4140,137680,0.49
3965,2016-01-14,4060,4130,3965,4075,340939,-1.57
3966,2016-01-15,4150,4220,4095,4220,283251,3.56
3967,2016-01-18,4460,4500,4110,4170,1059959,-1.18
3968,2016-01-19,4075,4100,3740,3780,1250445,-9.35
3969,2016-01-20,3745,3850,3350,3380,1304681,-10.58
3970,2016-01-21,3425,3435,3270,3330,721623,-1.48
3971,2016-01-22,3395,3425,3320,3395,322241,1.95
3972,2016-01-25,3415,3550,3385,3470,412475,2.21
3973,2016-01-26,3470,3500,3410,3500,277639,0.86
3974,2016-01-27,3475,3510,3365,3400,271917,-2.86
3975,2016-01-28,3405,3515,3370,3515,185855,3.38
3976,2016-01-29,3540,3540,3455,3495,151850,-0.57
3977,2016-02-01,3515,3525,3460,3505,169206,0.29
3978,2016-02-02,3525,3525,3460,3515,132131,0.29
3979,2016-02-03,3485,3560,3465,3560,290539,1.28
3980,2016-02-04,3640,3740,3560,3740,395315,5.06
3981,2016-02-05,3720,4015,3710,3940,548071,5.35
3982,2016-02-11,3800,3900,3735,3825,472277,-2.92
3983,2016-02-12,3825,3865,3500,3720,684349,-2.75
3984,2016-02-15,3740,3785,3685,3780,360164,1.61
3985,2016-02-16,3810,3945,3795,3840,558271,1.59
3986,2016-02-17,3785,3855,3690,3790,326304,-1.3
3987,2016-02-18,3790,3930,3770,3930,269140,3.69
3988,2016-02-19,3910,3970,3890,3920,189141,-0.25
3989,2016-02-22,3895,4075,3870,4030,447451,2.81
3990,2016-02-23,4100,4100,3930,3945,398278,-2.11
3991,2016-02-24,3895,3945,3875,3920,181551,-0.63
3992,2016-02-25,3935,3945,3845,3905,211782,-0.38
3993,2016-02-26,3910,4030,3910,4015,431046,2.82
3994,2016-02-29,4080,4250,4040,4250,553115,5.85
3995,2016-03-02,4295,4455,4230,4375,675562,2.94
3996,2016-03-03,4440,4440,4210,4320,551945,-1.26
3997,2016-03-04,4445,4470,4320,4400,488719,1.85
3998,2016-03-07,4395,4435,4330,4400,403826,0.0
3999,2016-03-08,4395,4415,4285,4400,378031,0.0
4000,2016-03-09,4400,4480,4055,4155,1387615,-5.57
4001,2016-03-10,4145,4270,4080,4245,526789,2.17
4002,2016-03-11,4205,4250,4155,4235,328540,-0.24
4003,2016-03-14,4220,4270,4170,4250,317762,0.35
4004,2016-03-15,4270,4300,4195,4275,674625,0.59
4005,2016-03-16,4650,4865,4230,4230,5535481,-1.05
4006,2016-03-17,4220,4330,4215,4285,686655,1.3
4007,2016-03-18,4315,4550,4275,4475,1373836,4.43
4008,2016-03-21,4450,4530,4415,4460,640571,-0.34
4009,2016-03-22,4450,4520,4325,4370,585565,-2.02
4010,2016-03-23,4370,4425,4270,4350,745486,-0.46
4011,2016-03-24,4435,4555,4405,4535,1477308,4.25
4012,2016-03-25,4500,4560,4415,4560,1093334,0.55
4013,2016-03-28,4685,5660,4650,5110,13867787,12.06
4014,2016-03-29,5150,5530,5000,5300,5682659,3.72
4015,2016-03-30,5370,5810,5210,5810,2797431,9.62
4016,2016-03-31,5700,6050,5660,5850,5141151,0.69
4017,2016-04-01,5880,5900,5380,5730,3678885,-2.05
4018,2016-04-04,5520,5660,5190,5210,2756595,-9.08
4019,2016-04-05,5270,5480,5090,5250,2951641,0.77
4020,2016-04-06,5450,5650,5280,5370,2866326,2.29
4021,2016-04-07,5140,5240,4980,5060,2690219,-5.77
4022,2016-04-08,5160,5210,4920,5040,2115370,-0.4
4023,2016-04-11,4975,5190,4950,5100,1834840,1.19
4024,2016-04-12,5190,5210,4970,5210,2369688,2.16
4025,2016-04-14,3650,4040,3650,3820,15155415,-26.68
4026,2016-04-15,3935,3970,3755,3770,2930127,-1.31
4027,2016-04-18,3850,3855,3675,3675,1798043,-2.52
4028,2016-04-19,3690,3720,3630,3665,1497745,-0.27
4029,2016-04-20,3720,3735,3650,3650,1175405,-0.41
4030,2016-04-21,3685,3805,3640,3680,2432161,0.82
4031,2016-04-22,3700,3720,3560,3560,1516875,-3.26
4032,2016-04-25,3580,3580,3410,3435,1461179,-3.51
4033,2016-04-26,3440,3460,3300,3345,1264776,-2.62
4034,2016-04-27,3375,3500,3355,3395,1041031,1.49
4035,2016-04-28,3435,3480,3410,3420,667703,0.74
4036,2016-04-29,3400,3420,3280,3290,897288,-3.8
4037,2016-05-02,3290,3480,3285,3380,1096320,2.74
4038,2016-05-03,3445,3465,3380,3405,541825,0.74
4039,2016-05-04,3385,3385,3295,3300,556448,-3.08
4040,2016-05-09,3335,3410,3315,3335,470187,1.06
4041,2016-05-10,3335,3460,3335,3455,781359,3.6
4042,2016-05-11,3490,3490,3385,3415,539312,-1.16
4043,2016-05-12,3400,3450,3375,3440,370514,0.73
4044,2016-05-13,3455,3490,3410,3410,562999,-0.87
4045,2016-05-16,3420,3495,3380,3470,672650,1.76
4046,2016-05-17,3490,3680,3450,3575,3030409,3.03
4047,2016-05-18,3590,3600,3455,3500,888091,-2.1
4048,2016-05-19,3485,3560,3450,3465,699495,-1.0
4049,2016-05-20,3475,3635,3455,3535,898713,2.02
4050,2016-05-23,3660,3845,3655,3665,4411037,3.68
4051,2016-05-24,3780,4710,3730,4400,23867611,20.05
4052,2016-05-25,4475,4500,4200,4250,5611733,-3.41
4053,2016-05-26,4190,5100,4185,4470,18899267,5.18
4054,2016-05-27,4505,4825,4415,4620,6346718,3.36
4055,2016-05-30,4900,5150,4770,4835,8250921,4.65
4056,2016-05-31,4850,4950,4655,4725,2763658,-2.28
4057,2016-06-01,4800,5050,4745,4960,3204932,4.97
4058,2016-06-02,5200,5870,4940,5070,17225742,2.22
4059,2016-06-03,4990,5450,4920,5100,5807307,0.59
4060,2016-06-07,5240,5240,4890,4890,2275211,-4.12
4061,2016-06-08,4790,5550,4725,5080,9922508,3.89
4062,2016-06-09,5240,5470,4940,5050,5548993,-0.59
4063,2016-06-10,5150,5240,4850,4875,2193158,-3.47
4064,2016-06-13,4875,5120,4810,4885,2664880,0.21
4065,2016-06-14,5100,5280,4750,4820,4703648,-1.33
4066,2016-06-15,4805,4905,4480,4515,2200849,-6.33
4067,2016-06-16,4525,4585,4175,4175,2288595,-7.53
4068,2016-06-17,4205,4540,4175,4400,2595156,5.39
4069,2016-06-20,4350,4500,4315,4370,1875021,-0.68
4070,2016-06-21,4370,4870,4260,4460,11978040,2.06
4071,2016-06-22,4180,4215,3830,3905,4405496,-12.44
4072,2016-06-23,3930,4030,3795,3860,2303975,-1.15
4073,2016-06-24,3900,3925,3295,3465,4043403,-10.23
4074,2016-06-27,3345,3540,3260,3520,1253456,1.59
4075,2016-06-28,3475,3610,3475,3560,1022775,1.14
4076,2016-06-29,3610,3705,3595,3610,980232,1.4
4077,2016-06-30,3650,3660,3510,3550,876046,-1.66
4078,2016-07-01,3550,3745,3550,3710,1091836,4.51
4079,2016-07-04,3750,3855,3675,3825,1226090,3.1
4080,2016-07-05,3825,3965,3765,3895,1752528,1.83
4081,2016-07-06,3915,3915,3790,3835,718895,-1.54
4082,2016-07-07,3855,3920,3835,3850,351039,0.39
4083,2016-07-08,3890,3950,3810,3855,591958,0.13
4084,2016-07-11,3860,3895,3815,3855,476450,0.0
4085,2016-07-12,3865,4020,3850,3860,965810,0.13
4086,2016-07-13,3895,3970,3870,3950,744202,2.33
4087,2016-07-14,3950,3970,3880,3905,426505,-1.14
4088,2016-07-15,3950,3975,3825,3860,481853,-1.15
4089,2016-07-18,3860,3860,3755,3795,339806,-1.68
4090,2016-07-19,3805,3835,3750,3760,292668,-0.92
4091,2016-07-20,3780,3795,3715,3795,309900,0.93
4092,2016-07-21,3830,3835,3760,3775,237736,-0.53
4093,2016-07-22,3800,3915,3775,3825,522362,1.32
4094,2016-07-25,3870,3955,3845,3925,819241,2.61
4095,2016-07-26,3925,3960,3890,3920,399681,-0.13
4096,2016-07-27,3935,4070,3900,3975,702722,1.4
4097,2016-07-28,3990,4160,3960,4130,1557819,3.9
4098,2016-07-29,4150,4155,4045,4055,402732,-1.82
4099,2016-08-01,4035,4150,4020,4100,439791,1.11
4100,2016-08-02,4050,4125,3995,4020,540433,-1.95
4101,2016-08-03,3995,4055,3925,4020,410948,0.0
4102,2016-08-04,3985,4020,3965,4015,235694,-0.12
4103,2016-08-05,4015,4055,3975,4015,170881,0.0
4104,2016-08-08,4050,4050,3965,4015,215729,0.0
4105,2016-08-09,4015,4015,3945,4015,280868,0.0
4106,2016-08-10,3965,4045,3830,4000,384244,-0.37
4107,2016-08-11,4000,4010,3920,3960,226018,-1.0
4108,2016-08-12,3955,3990,3925,3950,213114,-0.25
4109,2016-08-16,3950,3990,3895,3935,208354,-0.38
4110,2016-08-17,3905,3920,3835,3875,261202,-1.52
4111,2016-08-18,3820,3940,3820,3935,266300,1.55
4112,2016-08-19,4005,4040,3940,3985,397175,1.27
4113,2016-08-22,3990,3990,3910,3930,144706,-1.38
4114,2016-08-23,3915,3990,3870,3915,193108,-0.38
4115,2016-08-24,3930,3980,3880,3925,133667,0.26
4116,2016-08-25,3925,3930,3850,3850,158076,-1.91
4117,2016-08-26,3890,3890,3700,3750,171626,-2.6
4118,2016-08-29,3735,3750,3545,3590,378164,-4.27
4119,2016-08-30,3550,3630,3550,3560,239035,-0.84
4120,2016-08-31,3550,3610,3460,3515,254581,-1.26
4121,2016-09-01,3475,3580,3460,3575,157333,1.71
4122,2016-09-02,3580,3695,3575,3690,173992,3.22
4123,2016-09-05,3720,3720,3645,3675,165699,-0.41
4124,2016-09-06,3660,3765,3655,3765,164265,2.45
4125,2016-09-07,3765,3970,3720,3915,954847,3.98
4126,2016-09-08,3865,3905,3715,3740,535802,-4.47
4127,2016-09-09,3700,3850,3620,3820,334372,2.14
4128,2016-09-12,3750,3835,3710,3755,260462,-1.7
4129,2016-09-13,3860,3885,3750,3765,155115,0.27
4130,2016-09-19,3720,3750,3680,3710,282528,-1.46
4131,2016-09-20,3705,3875,3695,3875,388353,4.45
4132,2016-09-21,3890,4175,3820,4110,2202846,6.06
4133,2016-09-22,4070,4070,3885,3885,940667,-5.47
4134,2016-09-23,3925,4100,3855,3855,687224,-0.77
4135,2016-09-26,3860,3905,3840,3855,220899,0.0
4136,2016-09-27,3800,3930,3800,3895,279372,1.04
4137,2016-09-28,3895,3950,3835,3845,312607,-1.28
4138,2016-09-29,3850,3880,3820,3845,201680,0.0
4139,2016-09-30,3830,3845,3710,3740,280167,-2.73
4140,2016-10-04,3790,3790,3725,3760,145683,0.53
4141,2016-10-05,3745,3785,3740,3775,99096,0.4
4142,2016-10-06,3780,3915,3770,3865,484444,2.38
4143,2016-10-07,3880,3960,3845,3885,560706,0.52
4144,2016-10-10,3915,3945,3870,3885,314019,0.0
4145,2016-10-11,3885,3900,3745,3780,325159,-2.7
4146,2016-10-12,3710,3835,3710,3835,136241,1.46
4147,2016-10-13,3835,3840,3775,3790,102890,-1.17
4148,2016-10-14,3815,3840,3720,3725,205047,-1.72
4149,2016-10-17,3705,3730,3635,3640,222077,-2.28
4150,2016-10-18,3625,3665,3600,3665,110012,0.69
4151,2016-10-19,3665,3665,3630,3650,78522,-0.41
4152,2016-10-20,3640,3685,3575,3585,176651,-1.78
4153,2016-10-21,3590,3630,3550,3595,65248,0.28
4154,2016-10-24,3565,3630,3565,3625,146507,0.83
4155,2016-10-25,3595,3620,3525,3560,207723,-1.79
4156,2016-10-26,3425,3700,3425,3545,400187,-0.42
4157,2016-10-27,3555,3610,3525,3595,93743,1.41
4158,2016-10-28,3595,3675,3560,3655,153487,1.67
4159,2016-10-31,3630,3670,3485,3520,293037,-3.69
4160,2016-11-01,3430,3625,3430,3540,218177,0.57
4161,2016-11-02,3495,3580,3200,3340,240242,-5.65
4162,2016-11-03,3260,3450,3260,3385,180916,1.35
4163,2016-11-04,3355,3440,3355,3375,92002,-0.3
4164,2016-11-07,3365,3485,3360,3485,183728,3.26
4165,2016-11-08,3480,3485,3430,3450,112650,-1.0
4166,2016-11-09,3455,3520,2980,3120,577193,-9.57
4167,2016-11-10,3195,3310,3195,3260,156755,4.49
4168,2016-11-11,3265,3320,3250,3315,73257,1.69
4169,2016-11-14,3330,3405,3315,3390,79656,2.26
4170,2016-11-15,3370,3410,3330,3360,73319,-0.88
4171,2016-11-16,3360,3385,3335,3375,106769,0.45
4172,2016-11-17,3360,3400,3360,3395,61615,0.59
4173,2016-11-18,3410,3415,3350,3380,75868,-0.44
4174,2016-11-21,3385,3385,3245,3290,91143,-2.66
4175,2016-11-22,3290,3315,3135,3220,291653,-2.13
4176,2016-11-23,3255,3575,3160,3215,685713,-0.16
4177,2016-11-24,3165,3215,3010,3060,339007,-4.82
4178,2016-11-25,3060,3140,3060,3105,93245,1.47
4179,2016-11-28,3105,3110,3040,3070,106053,-1.13
4180,2016-11-29,3055,3075,3020,3030,136183,-1.3
4181,2016-11-30,3035,3045,3005,3020,67028,-0.33
4182,2016-12-01,3020,3030,2935,2995,142788,-0.83
4183,2016-12-02,2970,3035,2970,3010,106158,0.5
4184,2016-12-05,2965,3010,2950,2960,111933,-1.66
4185,2016-12-06,2930,3010,2930,3005,83053,1.52
4186,2016-12-07,2990,3045,2985,3005,141332,0.0
4187,2016-12-08,3015,3140,2990,3080,180640,2.5
4188,2016-12-09,3095,3185,3070,3175,117591,3.08
4189,2016-12-12,3165,3215,3140,3175,199976,0.0
4190,2016-12-13,3160,3245,3155,3235,154397,1.89
4191,2016-12-14,3220,3280,3215,3245,178993,0.31
4192,2016-12-15,3240,3355,3225,3315,293492,2.16
4193,2016-12-16,3340,3350,3275,3320,95742,0.15
4194,2016-12-19,3340,3350,3300,3340,91913,0.6
4195,2016-12-20,3310,3350,3300,3345,83497,0.15
4196,2016-12-21,3325,3365,3325,3340,73259,-0.15
4197,2016-12-22,3330,3375,3300,3335,95446,-0.15
4198,2016-12-23,3335,3365,3310,3355,122882,0.6
4199,2016-12-26,3355,3390,3345,3370,99411,0.45
4200,2016-12-27,3380,3430,3350,3425,172084,1.63
4201,2016-12-28,3340,3380,3320,3350,113874,-2.19
4202,2016-12-29,3350,3355,3285,3315,123978,-1.04
4203,2017-01-02,3300,3335,3275,3290,79438,-0.75
4204,2017-01-03,3290,3380,3290,3300,101081,0.3
4205,2017-01-04,3300,3335,3285,3330,111076,0.91
4206,2017-01-05,3325,3370,3325,3340,185289,0.3
4207,2017-01-06,3360,3370,3330,3360,96380,0.6
4208,2017-01-09,3370,3370,3335,3365,77910,0.15
4209,2017-01-10,3365,3385,3330,3345,71652,-0.59
4210,2017-01-11,3325,3345,3245,3255,272519,-2.69
4211,2017-01-12,3245,3290,3220,3240,100927,-0.46
4212,2017-01-13,3235,3265,3220,3265,96764,0.77
4213,2017-01-16,3200,3235,3100,3115,417529,-4.59
4214,2017-01-17,3095,3170,3095,3115,78382,0.0
4215,2017-01-18,3105,3135,3100,3125,38475,0.32
4216,2017-01-19,3125,3150,3115,3120,57786,-0.16
4217,2017-01-20,3105,3130,3090,3095,57775,-0.8
4218,2017-01-23,3105,3190,3085,3095,297296,0.0
4219,2017-01-24,3120,3670,3120,3150,7688293,1.78
4220,2017-01-25,3180,3220,3100,3105,838580,-1.43
4221,2017-01-26,3115,3130,3045,3095,404068,-0.32
4222,2017-01-31,3075,3120,3040,3060,226721,-1.13
4223,2017-02-01,3050,3095,3020,3080,200616,0.65
4224,2017-02-02,3070,3080,3005,3040,384499,-1.3
4225,2017-02-03,2995,3165,2995,3080,445132,1.32
4226,2017-02-06,3095,3105,3060,3080,169570,0.0
4227,2017-02-07,3095,3095,3035,3055,175240,-0.81
4228,2017-02-08,3050,3080,3020,3035,148903,-0.65
4229,2017-02-09,3030,3130,3025,3085,155999,1.65
4230,2017-02-10,3115,3150,3085,3095,236946,0.32
4231,2017-02-13,3095,3135,3065,3105,171179,0.32
4232,2017-02-14,3120,3130,3085,3130,117861,0.81
4233,2017-02-15,3140,3315,3115,3225,939171,3.04
4234,2017-02-16,3260,3305,3175,3250,779130,0.78
4235,2017-02-17,3280,3300,3195,3240,415059,-0.31
4236,2017-02-20,3255,3340,3245,3265,388542,0.77
4237,2017-02-21,3275,3290,3235,3260,246696,-0.15
4238,2017-02-22,3260,3890,3255,3500,15965882,7.36
4239,2017-02-23,3495,3610,3455,3500,2197183,0.0
4240,2017-02-24,3530,3670,3500,3660,3148625,4.57
4241,2017-02-27,3660,3890,3600,3755,4532794,2.6
4242,2017-02-28,3785,3795,3665,3700,1613438,-1.46
4243,2017-03-02,3710,3730,3510,3510,1244376,-5.14
4244,2017-03-03,3500,3535,3295,3395,1241138,-3.28
4245,2017-03-06,3400,3505,3370,3435,857336,1.18
4246,2017-03-07,3415,3465,3400,3420,356463,-0.44
4247,2017-03-08,3410,3575,3400,3530,1273101,3.22
4248,2017-03-09,3530,3550,3380,3415,766681,-3.26
4249,2017-03-10,3405,3745,3145,3745,1867013,9.66
4250,2017-03-13,3710,3990,3615,3750,3366256,0.13
4251,2017-03-14,3785,4030,3720,3755,3960530,0.13
4252,2017-03-15,3800,4165,3735,3810,5650120,1.46
4253,2017-03-16,3825,3955,3790,3885,1820218,1.97
4254,2017-03-17,3940,3960,3685,3690,1460962,-5.02
4255,2017-03-20,3640,3745,3590,3590,845349,-2.71
4256,2017-03-21,3595,3645,3490,3510,670907,-2.23
4257,2017-03-22,3520,3595,3450,3450,436661,-1.71
4258,2017-03-23,3470,3680,3435,3460,792416,0.29
4259,2017-03-24,3460,3475,3395,3400,340924,-1.73
4260,2017-03-27,3410,3440,3385,3420,302496,0.59
4261,2017-03-28,3440,3555,3400,3500,629119,2.34
4262,2017-03-29,3510,3625,3465,3495,471813,-0.14
4263,2017-03-30,3505,3510,3405,3405,387417,-2.58
4264,2017-03-31,3425,3530,3410,3435,465446,0.88
4265,2017-04-03,3475,3495,3375,3395,471499,-1.16
4266,2017-04-04,3380,3400,3250,3285,599963,-3.24
4267,2017-04-05,3325,3325,3205,3245,381174,-1.22
4268,2017-04-06,3230,3235,3140,3195,516182,-1.54
4269,2017-04-07,3190,3285,3165,3215,335392,0.63
4270,2017-04-10,3220,3220,3070,3070,457778,-4.51
4271,2017-04-11,3090,3220,3080,3145,365503,2.44
4272,2017-04-12,3150,3170,3095,3125,150786,-0.64
4273,2017-04-13,3140,3165,3115,3135,210450,0.32
4274,2017-04-14,3135,3145,3070,3075,251943,-1.91
4275,2017-04-17,3085,3140,3080,3135,85114,1.95
4276,2017-04-18,3140,3165,3115,3135,137590,0.0
4277,2017-04-19,3150,3155,3115,3140,98404,0.16
4278,2017-04-20,3125,3215,3125,3190,328203,1.59
4279,2017-04-21,3190,3210,3140,3140,203113,-1.57
4280,2017-04-24,3140,3150,3060,3070,293424,-2.23
4281,2017-04-25,3075,3105,3075,3080,83241,0.33
4282,2017-04-26,3095,3135,3080,3115,136635,1.14
4283,2017-04-27,3120,3140,3100,3115,92280,0.0
4284,2017-04-28,3140,3265,3120,3200,669046,2.73
4285,2017-05-02,3250,3310,3185,3185,591574,-0.47
4286,2017-05-04,3195,3235,3145,3180,252393,-0.16
4287,2017-05-08,3165,3300,3160,3220,347240,1.26
4288,2017-05-10,3260,3770,3260,3465,7818501,7.61
4289,2017-05-11,3475,3505,3380,3490,1164908,0.72
4290,2017-05-12,3495,3565,3425,3450,968599,-1.15
4291,2017-05-15,3410,3490,3410,3460,332630,0.29
4292,2017-05-16,3445,3515,3415,3515,607371,1.59
4293,2017-05-17,3520,3570,3420,3450,1006274,-1.85
4294,2017-05-18,3370,3425,3335,3365,505831,-2.46
4295,2017-05-19,3365,3445,3355,3420,344361,1.63
4296,2017-05-22,3420,3565,3420,3490,1124779,2.05
4297,2017-05-23,3500,3615,3465,3535,1105979,1.29
4298,2017-05-24,3535,3535,3450,3470,410653,-1.84
4299,2017-05-25,3475,3485,3410,3465,298004,-0.14
4300,2017-05-26,3460,3480,3405,3460,250402,-0.14
4301,2017-05-29,3435,3740,3435,3590,2163142,3.76
4302,2017-05-30,3590,3630,3500,3520,750644,-1.95
4303,2017-05-31,3540,3545,3455,3485,537376,-0.99
4304,2017-06-01,3440,3470,3385,3400,527977,-2.44
4305,2017-06-02,3410,3450,3395,3420,162073,0.59
4306,2017-06-05,3390,3420,3345,3415,410499,-0.15
4307,2017-06-07,3415,3500,3380,3490,530872,2.2
4308,2017-06-08,3490,3500,3435,3465,224564,-0.72
4309,2017-06-09,3465,3475,3400,3450,236732,-0.43
4310,2017-06-12,3430,3450,3350,3370,338738,-2.32
4311,2017-06-13,3365,3400,3340,3370,203840,0.0
4312,2017-06-14,3365,3470,3365,3460,433718,2.67
4313,2017-06-15,3460,3460,3390,3400,263624,-1.73
4314,2017-06-16,3380,3430,3370,3430,155103,0.88
4315,2017-06-19,3450,3450,3370,3395,148542,-1.02
4316,2017-06-20,3400,3415,3350,3380,198361,-0.44
4317,2017-06-21,3345,3385,3335,3380,98528,0.0
4318,2017-06-22,3380,3395,3350,3370,102986,-0.3
4319,2017-06-23,3370,3435,3350,3405,237564,1.04
4320,2017-06-26,3405,3430,3370,3395,164249,-0.29
4321,2017-06-27,3370,3410,3355,3400,184052,0.15
4322,2017-06-28,3400,3410,3305,3355,230118,-1.32
4323,2017-06-29,3350,3380,3305,3360,300350,0.15
4324,2017-06-30,3360,3405,3335,3405,318122,1.34
4325,2017-07-03,3425,3435,3380,3400,190256,-0.15
4326,2017-07-04,3390,3455,3360,3360,436384,-1.18
4327,2017-07-05,3380,3485,3365,3450,501679,2.68
4328,2017-07-06,3450,3485,3420,3435,213449,-0.43
4329,2017-07-07,3420,3565,3415,3470,944372,1.02
4330,2017-07-10,3490,3490,3405,3435,203286,-1.01
4331,2017-07-11,3430,3450,3360,3380,206259,-1.6
4332,2017-07-12,3370,3395,3340,3365,187789,-0.44
4333,2017-07-13,3365,3375,3210,3230,427523,-4.01
4334,2017-07-14,3240,3245,3080,3145,460686,-2.63
4335,2017-07-17,3125,3180,3105,3160,157701,0.48
4336,2017-07-18,3160,3190,3150,3175,131580,0.47
4337,2017-07-19,3160,3195,3135,3170,158381,-0.16
4338,2017-07-20,3185,3185,3160,3175,117931,0.16
4339,2017-07-21,3175,3215,3175,3180,160206,0.16
4340,2017-07-24,3215,3220,3165,3175,64556,-0.16
4341,2017-07-25,3185,3185,3140,3140,178835,-1.1
4342,2017-07-26,3135,3165,3130,3130,148186,-0.32
4343,2017-07-27,3120,3155,3095,3130,174815,0.0
4344,2017-07-28,3120,3125,3030,3055,311929,-2.4
4345,2017-07-31,3000,3055,2995,3025,194041,-0.98
4346,2017-08-01,3025,3045,3000,3035,122894,0.33
4347,2017-08-02,3030,3075,3025,3070,108755,1.15
4348,2017-08-03,3060,3075,2995,3035,134982,-1.14
4349,2017-08-04,3010,3035,2990,3020,127303,-0.49
4350,2017-08-07,3020,3080,3020,3070,149456,1.66
4351,2017-08-08,3055,3075,3030,3050,101378,-0.65
4352,2017-08-09,3030,3045,3000,3010,112762,-1.31
4353,2017-08-10,2995,3020,2960,2965,117824,-1.5
4354,2017-08-11,2905,2945,2815,2815,464745,-5.06
4355,2017-08-14,2820,2895,2820,2825,158404,0.36
4356,2017-08-16,2845,2875,2840,2845,114820,0.71
4357,2017-08-17,2850,2910,2850,2890,115038,1.58
4358,2017-08-18,2885,2905,2870,2900,47939,0.35
4359,2017-08-21,2910,2960,2870,2915,142180,0.52
4360,2017-08-22,2915,2945,2905,2940,65942,0.86
4361,2017-08-23,2935,2985,2935,2970,110242,1.02
4362,2017-08-24,2975,2990,2960,2975,86866,0.17
4363,2017-08-25,2990,3070,2975,3040,152237,2.18
4364,2017-08-28,3050,3105,3040,3095,130112,1.81
4365,2017-08-29,3060,3085,3025,3060,95338,-1.13
4366,2017-08-30,3050,3065,3040,3045,67856,-0.49
4367,2017-08-31,3045,3085,3030,3070,53444,0.82
4368,2017-09-01,3070,3070,3030,3055,88443,-0.49
4369,2017-09-04,2970,3050,2970,2990,139698,-2.13
4370,2017-09-05,3030,3125,2990,3015,539658,0.84
4371,2017-09-06,3015,3025,2895,2905,305705,-3.65
4372,2017-09-07,2890,3050,2890,2955,175778,1.72
4373,2017-09-08,2935,2975,2905,2915,147363,-1.35
4374,2017-09-11,2930,2930,2865,2880,109524,-1.2
4375,2017-09-12,2890,2925,2890,2925,63238,1.56
4376,2017-09-13,2925,2940,2885,2910,90547,-0.51
4377,2017-09-14,2950,2960,2910,2925,103236,0.52
4378,2017-09-15,2920,2920,2880,2880,118859,-1.54
4379,2017-09-18,2880,2900,2865,2900,40303,0.69
4380,2017-09-19,2880,2910,2855,2865,65678,-1.21
4381,2017-09-20,2875,2890,2860,2865,46939,0.0
4382,2017-09-21,2860,2865,2815,2820,90316,-1.57
4383,2017-09-22,2825,2845,2735,2735,158803,-3.01
4384,2017-09-25,2740,2760,2660,2690,109821,-1.65
4385,2017-09-26,2625,2700,2625,2695,117049,0.19
4386,2017-09-27,2680,2730,2680,2715,58533,0.74
4387,2017-09-28,2715,2740,2710,2735,41455,0.74
4388,2017-09-29,2740,2770,2740,2750,33720,0.55
4389,2017-10-10,2765,2795,2730,2765,66950,0.55
4390,2017-10-11,2735,2770,2735,2770,25269,0.18
4391,2017-10-12,2795,2795,2745,2775,43322,0.18
4392,2017-10-13,2760,2780,2685,2720,99004,-1.98
4393,2017-10-16,2720,2720,2680,2700,63859,-0.74
4394,2017-10-17,2690,2725,2675,2720,67105,0.74
4395,2017-10-18,2695,2720,2670,2705,66155,-0.55
4396,2017-10-19,2700,2885,2665,2770,518017,2.4
4397,2017-10-20,2780,2780,2735,2765,48180,-0.18
4398,2017-10-23,2790,2790,2735,2765,63197,0.0
4399,2017-10-24,2780,2820,2760,2815,133440,1.81
4400,2017-10-25,2815,2830,2800,2820,51075,0.18
4401,2017-10-26,2830,2830,2790,2810,58648,-0.35
4402,2017-10-27,2830,2835,2810,2830,58931,0.71
4403,2017-10-30,2830,2855,2830,2845,41789,0.53
4404,2017-10-31,2845,2865,2830,2850,34726,0.18
4405,2017-11-01,2865,2865,2845,2855,46698,0.18
4406,2017-11-02,2855,2860,2830,2835,68128,-0.7
4407,2017-11-03,2835,2850,2825,2840,55666,0.18
4408,2017-11-06,2825,2845,2825,2835,21704,-0.18
4409,2017-11-07,2825,2850,2815,2845,48771,0.35
4410,2017-11-08,2825,3020,2820,2835,335691,-0.35
4411,2017-11-09,2835,2860,2820,2840,63316,0.18
4412,2017-11-10,2840,2845,2815,2835,44349,-0.18
4413,2017-11-13,2835,2870,2835,2850,68185,0.53
4414,2017-11-14,2845,2905,2840,2890,157113,1.4
4415,2017-11-15,2870,2910,2865,2870,109805,-0.69
4416,2017-11-16,2870,2880,2845,2870,52736,0.0
4417,2017-11-17,2875,2950,2870,2920,103807,1.74
4418,2017-11-20,2905,2940,2895,2910,93892,-0.34
4419,2017-11-21,2900,2920,2880,2900,104237,-0.34
4420,2017-11-22,2895,2915,2880,2890,110931,-0.34
4421,2017-11-23,2885,2915,2880,2900,79635,0.35
4422,2017-11-24,2900,2930,2890,2925,64746,0.86
4423,2017-11-27,2930,2965,2915,2925,101890,0.0
4424,2017-11-28,2930,2935,2885,2905,64177,-0.68
4425,2017-11-29,2905,2910,2865,2875,46236,-1.03
4426,2017-11-30,2870,2895,2865,2880,74423,0.17
4427,2017-12-01,2880,2895,2855,2880,44153,0.0
4428,2017-12-04,2880,2895,2850,2865,87260,-0.52
4429,2017-12-05,2840,2890,2840,2890,71279,0.87
4430,2017-12-06,2920,2930,2885,2890,88653,0.0
4431,2017-12-07,2910,2935,2855,2875,135073,-0.52
4432,2017-12-08,2870,2890,2855,2860,76767,-0.52
4433,2017-12-11,2860,2880,2850,2875,24835,0.52
4434,2017-12-12,2875,2885,2850,2865,65686,-0.35
4435,2017-12-13,2860,2875,2855,2870,30208,0.17
4436,2017-12-14,2855,2910,2855,2910,75039,1.39
4437,2017-12-15,2910,2920,2890,2905,56255,-0.17
4438,2017-12-18,2900,2920,2895,2900,90025,-0.17
4439,2017-12-19,2900,2900,2865,2885,99458,-0.52
4440,2017-12-20,2870,2930,2870,2900,126122,0.52
4441,2017-12-21,2875,2915,2860,2860,85040,-1.38
4442,2017-12-22,2860,2895,2855,2895,85009,1.22
4443,2017-12-26,2895,2930,2880,2905,175847,0.35
4444,2017-12-27,2875,2875,2805,2820,108032,-2.93
4445,2017-12-28,2825,2835,2765,2790,157317,-1.06
4446,2018-01-02,2790,2810,2780,2785,85814,-0.18
4447,2018-01-03,2800,2800,2730,2765,291171,-0.72
4448,2018-01-04,2775,2780,2740,2760,76526,-0.18
4449,2018-01-05,2750,2780,2730,2750,143937,-0.36
4450,2018-01-08,2770,2770,2730,2730,145376,-0.73
4451,2018-01-09,2735,2745,2705,2720,140403,-0.37
4452,2018-01-10,2675,2750,2675,2735,314697,0.55
4453,2018-01-11,2735,2760,2720,2720,109166,-0.55
4454,2018-01-12,2725,2745,2695,2710,176526,-0.37
4455,2018-01-15,2710,2725,2685,2705,76523,-0.18
4456,2018-01-16,2705,2705,2665,2670,99941,-1.29
4457,2018-01-17,2675,2700,2670,2685,54007,0.56
4458,2018-01-18,2690,2700,2670,2695,63632,0.37
4459,2018-01-19,2700,2715,2675,2705,79079,0.37
4460,2018-01-22,2710,2710,2670,2680,167073,-0.92
4461,2018-01-23,2675,2735,2675,2735,130072,2.05
4462,2018-01-24,2735,2750,2710,2745,89633,0.37
4463,2018-01-25,2750,2785,2750,2780,156059,1.28
4464,2018-01-26,2800,2800,2765,2790,121781,0.36
4465,2018-01-29,2810,2810,2780,2795,208466,0.18
4466,2018-01-30,2805,2810,2780,2795,130237,0.0
4467,2018-01-31,2785,2790,2760,2780,91132,-0.54
4468,2018-02-01,2780,2800,2770,2785,102659,0.18
4469,2018-02-02,2785,2810,2745,2750,108772,-1.26
4470,2018-02-05,2750,2765,2685,2700,77424,-1.82
4471,2018-02-06,2650,2670,2585,2650,274157,-1.85
4472,2018-02-07,2670,2680,2620,2620,101431,-1.13
4473,2018-02-08,2625,2645,2615,2640,40315,0.76
4474,2018-02-09,2620,2620,2580,2600,143099,-1.52
4475,2018-02-12,2605,2620,2600,2610,45623,0.38
4476,2018-02-13,2610,2625,2595,2605,64269,-0.19
4477,2018-02-14,2605,2610,2585,2610,82590,0.19
4478,2018-02-19,2620,2700,2620,2665,112829,2.11
4479,2018-02-20,2690,2740,2660,2685,227382,0.75
4480,2018-02-21,2695,2800,2695,2795,293632,4.1
4481,2018-02-22,2805,2815,2725,2730,175972,-2.33
4482,2018-02-23,2740,2780,2725,2760,147932,1.1
4483,2018-02-26,2765,2800,2755,2760,136724,0.0
4484,2018-02-27,2785,2800,2730,2750,96582,-0.36
4485,2018-02-28,2770,2790,2710,2735,90847,-0.55
4486,2018-03-02,2705,2725,2690,2700,97351,-1.28
4487,2018-03-05,2700,2715,2670,2670,57817,-1.11
4488,2018-03-06,2680,2785,2675,2770,165512,3.75
4489,2018-03-07,2770,2775,2710,2710,74569,-2.17
4490,2018-03-08,2715,2780,2710,2775,82188,2.4
4491,2018-03-09,2780,2870,2780,2795,395835,0.72
4492,2018-03-12,2825,2980,2795,2920,756599,4.47
4493,2018-03-13,2920,2955,2880,2920,350902,0.0
4494,2018-03-14,2915,2915,2850,2880,239528,-1.37
4495,2018-03-15,2860,2880,2800,2800,243450,-2.78
4496,2018-03-16,2825,2825,2780,2805,153639,0.18
4497,2018-03-19,2805,2870,2800,2840,242174,1.25
4498,2018-03-20,2835,2850,2750,2790,219353,-1.76
4499,2018-03-21,2810,2915,2790,2795,585613,0.18
4500,2018-03-22,2800,2845,2790,2800,231153,0.18
4501,2018-03-23,2795,2875,2735,2740,593614,-2.14
4502,2018-03-26,2750,2810,2735,2805,146992,2.37
4503,2018-03-27,2835,2850,2800,2820,177905,0.53
4504,2018-03-28,2820,2820,2775,2810,117039,-0.35
4505,2018-03-29,2820,2830,2765,2810,148889,0.0
4506,2018-03-30,2850,2920,2820,2900,537967,3.2
4507,2018-04-02,2945,2975,2875,2900,509976,0.0
4508,2018-04-03,2860,2885,2845,2875,159542,-0.86
4509,2018-04-04,2900,3130,2870,3035,2370516,5.57
4510,2018-04-05,3670,3945,3250,3285,21679119,8.24
4511,2018-04-06,3280,3345,3055,3230,3869237,-1.67
4512,2018-04-09,3265,3460,3190,3315,2791231,2.63
4513,2018-04-10,3295,3355,3205,3355,1597394,1.21
4514,2018-04-11,3365,3370,3190,3205,1247871,-4.47
4515,2018-04-12,3220,3240,3135,3215,682560,0.31
4516,2018-04-13,3250,3375,3205,3270,1936822,1.71
4517,2018-04-16,3280,3455,3235,3410,1998763,4.28
4518,2018-04-17,3430,3525,3345,3360,1775995,-1.47
4519,2018-04-18,3410,3645,3385,3530,2497652,5.06
4520,2018-04-19,3600,3900,3560,3640,3691406,3.12
4521,2018-04-20,3725,3750,3510,3730,1741384,2.47
4522,2018-04-23,3805,4020,3450,3645,2337474,-2.28
4523,2018-04-24,3610,3715,3460,3560,1164268,-2.33
4524,2018-04-25,3590,3630,3430,3480,600673,-2.25
4525,2018-04-26,3470,3540,3380,3465,638669,-0.43
4526,2018-04-27,3515,3590,3395,3480,837597,0.43
4527,2018-04-30,3695,3985,3600,3770,3106848,8.33
4528,2018-05-02,3880,4220,3650,4065,4768278,7.82
4529,2018-05-03,4250,4340,3880,3950,2042462,-2.83
4530,2018-05-04,4075,4120,3915,4120,1327131,4.3
4531,2018-05-08,3985,4170,3800,3800,1543517,-7.77
4532,2018-05-09,3800,3880,3550,3700,1000919,-2.63
4533,2018-05-10,3800,3955,3760,3800,930999,2.7
4534,2018-05-11,3755,3885,3660,3885,683561,2.24
4535,2018-05-14,3955,4020,3885,3940,981709,1.42
4536,2018-05-15,3985,4075,3920,4015,1042478,1.9
4537,2018-05-16,3710,3860,3590,3660,1435520,-8.84
4538,2018-05-17,3635,3805,3600,3650,1049678,-0.27
4539,2018-05-18,3700,3700,3560,3650,413439,0.0
4540,2018-05-21,3645,3650,3480,3540,530241,-3.01
4541,2018-05-23,3505,3595,3350,3515,638550,-0.71
4542,2018-05-24,3560,3675,3450,3465,840042,-1.42
4543,2018-05-25,3030,3230,3025,3140,1454191,-9.38
4544,2018-05-28,3520,3785,3520,3640,2583402,15.92
4545,2018-05-29,3645,3645,3450,3500,802366,-3.85
4546,2018-05-30,3520,3575,3360,3460,596709,-1.14
4547,2018-05-31,3470,3585,3420,3465,486776,0.14
4548,2018-06-01,3610,3785,3450,3500,2860112,1.01
4549,2018-06-04,3645,3655,3445,3485,565336,-0.43
4550,2018-06-05,3440,3545,3345,3515,503869,0.86
4551,2018-06-07,3695,3850,3575,3595,3227159,2.28
4552,2018-06-08,3590,3675,3520,3605,665815,0.28
4553,2018-06-11,3600,3680,3540,3640,597014,0.97
4554,2018-06-12,3675,3700,3475,3600,826314,-1.1
4555,2018-06-14,3555,3705,3460,3575,743483,-0.69
4556,2018-06-15,3625,3780,3585,3780,1420153,5.73
4557,2018-06-18,3910,3935,3740,3855,2873809,1.98
4558,2018-06-19,3910,3975,3520,3535,1926167,-8.3
4559,2018-06-20,3625,3635,3405,3625,850831,2.55
4560,2018-06-21,3650,3705,3450,3450,805615,-4.83
4561,2018-06-22,3505,3825,3250,3290,5479411,-4.64
4562,2018-06-25,3250,3425,3175,3180,843406,-3.34
4563,2018-06-26,3140,3205,3065,3095,603780,-2.67
4564,2018-06-27,3080,3130,2990,2990,645138,-3.39
4565,2018-06-28,2990,3060,2925,2925,516533,-2.17
4566,2018-06-29,2930,3005,2865,2940,278917,0.51
4567,2018-07-02,2915,2940,2780,2785,341263,-5.27
4568,2018-07-03,2790,2860,2750,2830,299343,1.62
4569,2018-07-04,2820,2880,2805,2805,143476,-0.88
4570,2018-07-05,2810,2875,2735,2815,278520,0.36
4571,2018-07-06,2825,2860,2750,2835,198058,0.71
4572,2018-07-09,2820,2820,2740,2760,280210,-2.65
4573,2018-07-10,2755,2810,2755,2810,137950,1.81
4574,2018-07-11,2800,2870,2770,2840,171403,1.07
4575,2018-07-12,2830,2915,2820,2850,107071,0.35
4576,2018-07-13,2850,2910,2830,2885,140858,1.23
4577,2018-07-16,2895,2895,2830,2835,62227,-1.73
4578,2018-07-17,2810,2850,2800,2815,60837,-0.71
4579,2018-07-18,2810,2930,2740,2760,316618,-1.95
4580,2018-07-19,2740,2790,2730,2755,141869,-0.18
4581,2018-07-20,2755,2765,2685,2725,202332,-1.09
4582,2018-07-23,2680,2730,2605,2615,205370,-4.04
4583,2018-07-24,2615,2770,2615,2715,174358,3.82
4584,2018-07-25,2740,2765,2670,2685,116998,-1.1
4585,2018-07-26,2710,2800,2615,2780,163478,3.54
4586,2018-07-27,2760,2820,2755,2790,99298,0.36
4587,2018-07-30,2790,2840,2775,2800,125825,0.36
4588,2018-07-31,2805,2820,2770,2805,86963,0.18
4589,2018-08-01,2805,2835,2785,2805,71245,0.0
4590,2018-08-02,2800,2830,2750,2785,89123,-0.71
4591,2018-08-03,2785,2825,2780,2815,61657,1.08
4592,2018-08-06,2810,2815,2780,2785,38595,-1.07
4593,2018-08-07,2790,2825,2785,2810,59603,0.9
4594,2018-08-08,2800,2880,2800,2820,124273,0.36
4595,2018-08-09,2820,2870,2790,2870,120612,1.77
4596,2018-08-10,2900,2910,2825,2855,197161,-0.52
4597,2018-08-13,2855,2915,2770,2770,227891,-2.98
4598,2018-08-14,2775,2795,2615,2785,95790,0.54
4599,2018-08-16,2845,2900,2770,2865,229875,2.87
4600,2018-08-17,2900,2935,2860,2935,125017,2.44
4601,2018-08-20,2950,2995,2915,2995,151995,2.04
4602,2018-08-21,2980,3030,2965,2995,114237,0.0
4603,2018-08-22,2995,3025,2945,2990,172584,-0.17
4604,2018-08-23,2965,3045,2965,2995,133255,0.17
4605,2018-08-24,2990,3015,2960,2995,107028,0.0
4606,2018-08-27,2940,2940,2850,2890,148519,-3.51
4607,2018-08-28,2880,2920,2840,2860,68927,-1.04
4608,2018-08-29,2860,2910,2845,2870,47927,0.35
4609,2018-08-30,2855,2960,2855,2920,107172,1.74
4610,2018-08-31,2920,2925,2870,2910,51666,-0.34
4611,2018-09-03,2930,2985,2885,2960,112504,1.72
4612,2018-09-04,2965,3115,2955,3010,303865,1.69
4613,2018-09-05,3050,3050,2970,3010,291933,0.0
4614,2018-09-06,2985,3020,2945,2965,152534,-1.5
4615,2018-09-07,2955,3030,2940,2995,206974,1.01
4616,2018-09-10,3010,3130,2990,3080,321815,2.84
4617,2018-09-11,3115,3135,3050,3070,217566,-0.32
4618,2018-09-12,3125,3135,3030,3050,181032,-0.65
4619,2018-09-13,3050,3095,3030,3055,111591,0.16
4620,2018-09-14,3050,3065,3010,3035,125324,-0.65
4621,2018-09-17,3035,3075,2990,2995,87640,-1.32
4622,2018-09-18,2995,2995,2895,2900,219741,-3.17
4623,2018-09-19,2915,2995,2870,2900,180125,0.0
4624,2018-09-20,2900,2950,2845,2845,104935,-1.9
4625,2018-09-21,2845,2975,2845,2915,104434,2.46
4626,2018-09-27,2965,2965,2845,2920,89638,0.17
4627,2018-09-28,2895,2940,2880,2915,55884,-0.17
4628,2018-10-01,2925,2950,2895,2915,99924,0.0
4629,2018-10-02,2915,2980,2915,2940,56966,0.86
4630,2018-10-04,2940,3035,2935,2945,168483,0.17
4631,2018-10-05,2930,2975,2880,2920,151570,-0.85
4632,2018-10-08,2910,3090,2910,3070,373574,5.14
4633,2018-10-10,3000,3020,2810,2825,399762,-7.98
4634,2018-10-11,2650,2715,2620,2655,420321,-6.02
4635,2018-10-12,2515,2705,2515,2655,330672,0.0
4636,2018-10-15,2650,2745,2650,2670,128398,0.56
4637,2018-10-16,2670,2870,2670,2860,205087,7.12
4638,2018-10-17,2860,3020,2860,2965,277470,3.67
4639,2018-10-18,2950,3015,2945,2960,101058,-0.17
4640,2018-10-19,2920,3305,2920,2955,4340899,-0.17
4641,2018-10-22,2955,3095,2945,3095,916488,4.74
4642,2018-10-23,3080,3105,2900,2920,698480,-5.65
4643,2018-10-24,2935,2985,2725,2745,527287,-5.99
4644,2018-10-25,2690,2830,2650,2750,596064,0.18
4645,2018-10-26,2780,2810,2570,2630,602997,-4.36
4646,2018-10-29,2630,2650,2370,2370,722318,-9.89
4647,2018-10-30,2220,2470,2220,2445,531755,3.16
4648,2018-10-31,2430,2495,2385,2440,212858,-0.2
4649,2018-11-01,2445,2525,2445,2465,219814,1.02
4650,2018-11-02,2505,2610,2500,2595,211611,5.27
4651,2018-11-05,2595,2610,2530,2600,107302,0.19
4652,2018-11-06,2595,2665,2590,2590,194412,-0.38
4653,2018-11-07,2600,2690,2520,2585,212111,-0.19
4654,2018-11-08,2615,2670,2610,2640,191643,2.13
4655,2018-11-09,2645,2690,2595,2690,125768,1.89
4656,2018-11-12,2640,2700,2640,2670,100894,-0.74
4657,2018-11-13,2645,2660,2585,2655,62485,-0.56
4658,2018-11-14,2650,2850,2650,2675,716850,0.75
4659,2018-11-15,2670,2725,2630,2705,127858,1.12
4660,2018-11-16,2740,2755,2650,2740,120906,1.29
4661,2018-11-19,2765,2785,2705,2740,140020,0.0
4662,2018-11-20,2695,2785,2685,2725,276878,-0.55
4663,2018-11-21,2700,2745,2690,2730,168272,0.18
4664,2018-11-22,2770,2770,2705,2730,84380,0.0
4665,2018-11-23,2750,2755,2675,2680,132417,-1.83
4666,2018-11-26,2690,2750,2680,2725,80455,1.68
4667,2018-11-27,2735,2830,2715,2810,225765,3.12
4668,2018-11-28,2850,2985,2775,2975,407933,5.87
4669,2018-11-29,2990,3080,2855,2900,1033724,-2.52
4670,2018-11-30,2980,3095,2860,2935,1078653,1.21
4671,2018-12-03,2950,3090,2945,3045,415761,3.75
4672,2018-12-04,3065,3135,3030,3050,589493,0.16
4673,2018-12-05,3000,3280,2900,3230,1629604,5.9
4674,2018-12-06,3270,3440,3085,3120,1694536,-3.41
4675,2018-12-07,3150,3285,3120,3150,489782,0.96
4676,2018-12-10,3100,3105,2985,2990,421922,-5.08
4677,2018-12-11,2985,3125,2960,2970,365233,-0.67
4678,2018-12-12,2970,3095,2960,3025,281991,1.85
4679,2018-12-13,3045,3135,2995,3010,360605,-0.5
4680,2018-12-14,3050,3075,2990,3015,221117,0.17
4681,2018-12-17,3010,3035,2945,2975,242368,-1.33
4682,2018-12-18,2950,3030,2890,2920,169567,-1.85
4683,2018-12-19,2920,2945,2870,2890,159837,-1.03
4684,2018-12-20,2885,2945,2855,2880,172142,-0.35
4685,2018-12-21,2870,2930,2815,2815,147496,-2.26
4686,2018-12-24,2795,2830,2750,2780,195468,-1.24
4687,2018-12-26,2730,2805,2660,2680,284234,-3.6
4688,2018-12-27,2740,2745,2680,2680,104756,0.0
4689,2018-12-28,2700,2760,2700,2750,55650,2.61
4690,2019-01-02,2760,2780,2725,2740,79662,-0.36
4691,2019-01-03,2750,2760,2715,2730,128097,-0.36
4692,2019-01-04,2700,2730,2630,2695,128862,-1.28
4693,2019-01-07,2720,2835,2720,2795,156372,3.71
4694,2019-01-08,2795,2935,2795,2895,197808,3.58
4695,2019-01-09,2920,2960,2900,2925,140751,1.04
4696,2019-01-10,2965,2975,2875,2925,101328,0.0
4697,2019-01-11,2925,2995,2925,2965,196015,1.37
4698,2019-01-14,2935,2990,2935,2980,159892,0.51
4699,2019-01-15,2985,3035,2980,3020,200102,1.34
4700,2019-01-16,3050,3050,2955,3015,192921,-0.17
4701,2019-01-17,3035,3045,2880,2935,226998,-2.65
4702,2019-01-18,2930,2970,2910,2960,125003,0.85
4703,2019-01-21,2975,3000,2930,2985,138474,0.84
4704,2019-01-22,2985,3020,2965,3000,150540,0.5
4705,2019-01-23,3025,3045,3000,3000,191164,0.0
4706,2019-01-24,2985,3030,2980,2985,92654,-0.5
4707,2019-01-25,3015,3015,2970,2985,74041,0.0
4708,2019-01-28,2965,2990,2920,2920,184525,-2.18
4709,2019-01-29,2910,3045,2905,3020,228608,3.42
4710,2019-01-30,3050,3175,3030,3065,1227963,1.49
4711,2019-01-31,3085,3150,3020,3070,367214,0.16
4712,2019-02-01,3050,3080,3030,3070,223327,0.0
4713,2019-02-07,3085,3125,3070,3085,328148,0.49
4714,2019-02-08,3055,3115,3040,3095,135560,0.32
4715,2019-02-11,3105,3120,3040,3060,153409,-1.13
4716,2019-02-12,3085,3420,3065,3220,4157447,5.23
4717,2019-02-13,3225,3310,3150,3300,830466,2.48
4718,2019-02-14,3390,3800,3200,3220,6603346,-2.42
4719,2019-02-15,3245,3255,3075,3110,1072309,-3.42
4720,2019-02-18,3120,3190,3080,3100,489157,-0.32
4721,2019-02-19,3100,3120,3060,3085,228107,-0.48
4722,2019-02-20,3100,3115,3070,3080,234217,-0.16
4723,2019-02-21,3115,3140,3055,3060,372330,-0.65
4724,2019-02-22,3050,3080,3025,3030,303115,-0.98
4725,2019-02-25,3030,3060,3005,3045,144031,0.5
4726,2019-02-26,3050,3080,3030,3035,171693,-0.33
4727,2019-02-27,3060,3070,3010,3070,128130,1.15
4728,2019-02-28,3070,3070,2835,2835,545635,-7.65
4729,2019-03-04,2850,2935,2850,2880,308202,1.59
4730,2019-03-05,2850,2905,2820,2860,282088,-0.69
4731,2019-03-06,2865,2890,2780,2825,244998,-1.22
4732,2019-03-07,2820,2830,2760,2765,289265,-2.12
4733,2019-03-08,2765,2800,2720,2745,176914,-0.72
4734,2019-03-11,2745,2780,2690,2725,132901,-0.73
4735,2019-03-12,2740,2770,2730,2760,109413,1.28
4736,2019-03-13,2765,2780,2725,2750,101998,-0.36
4737,2019-03-14,2740,2795,2740,2795,80244,1.64
4738,2019-03-15,2820,2870,2795,2845,287133,1.79
4739,2019-03-18,2845,2865,2835,2850,66865,0.18
4740,2019-03-19,2855,2880,2850,2870,125435,0.7
4741,2019-03-20,2870,2875,2800,2850,80559,-0.7
4742,2019-03-21,2825,2850,2810,2830,90305,-0.7
4743,2019-03-22,2850,2930,2830,2930,303464,3.53
4744,2019-03-25,2905,2910,2830,2840,194498,-3.07
4745,2019-03-26,2840,2865,2820,2845,62568,0.18
4746,2019-03-27,2845,2845,2790,2815,94077,-1.05
4747,2019-03-28,2815,2820,2770,2780,66627,-1.24
4748,2019-03-29,2770,2805,2745,2800,75362,0.72
4749,2019-04-01,2795,2855,2795,2845,91786,1.61
4750,2019-04-02,2835,2860,2825,2855,86981,0.35
4751,2019-04-03,2870,2895,2845,2885,111996,1.05
4752,2019-04-04,2895,2895,2840,2875,123387,-0.35
4753,2019-04-05,2875,2900,2870,2890,52671,0.52
4754,2019-04-08,2900,2905,2870,2875,138140,-0.52
4755,2019-04-09,2880,2900,2865,2885,70105,0.35
4756,2019-04-10,2870,2900,2870,2900,70521,0.52
4757,2019-04-11,2900,2935,2900,2920,146081,0.69
4758,2019-04-12,2910,2955,2890,2955,153130,1.2
4759,2019-04-15,2980,2980,2950,2965,115490,0.34
4760,2019-04-16,2970,2970,2900,2930,123193,-1.18
4761,2019-04-17,2920,2935,2900,2915,97710,-0.51
4762,2019-04-18,2915,2950,2885,2895,186672,-0.69
4763,2019-04-19,2890,2930,2890,2920,73695,0.86
4764,2019-04-22,2945,3040,2925,2990,369952,2.4
4765,2019-04-23,2980,3025,2960,3020,218294,1.0
4766,2019-04-24,3040,3075,2975,2995,449399,-0.83
4767,2019-04-25,3020,3020,2875,2915,404704,-2.67
4768,2019-04-26,2890,2915,2815,2845,229591,-2.4
4769,2019-04-29,2845,2875,2815,2850,101886,0.18
4770,2019-04-30,2835,2875,2835,2870,49817,0.7
4771,2019-05-02,2870,2885,2845,2880,92867,0.35
4772,2019-05-03,2870,2880,2835,2850,78525,-1.04
4773,2019-05-07,2795,2850,2795,2815,69225,-1.23
4774,2019-05-08,2815,2830,2780,2815,90991,0.0
4775,2019-05-09,2855,2855,2670,2720,385962,-3.37
4776,2019-05-10,2685,2730,2660,2700,202448,-0.74
4777,2019-05-13,2700,2740,2695,2700,108832,0.0
4778,2019-05-14,2640,2720,2640,2680,80201,-0.74
4779,2019-05-15,2680,2735,2680,2730,69945,1.87
4780,2019-05-16,2760,2760,2695,2695,142122,-1.28
4781,2019-05-17,2725,2750,2705,2705,147036,0.37
4782,2019-05-20,2700,2725,2615,2640,124251,-2.4
4783,2019-05-21,2640,2665,2605,2655,70934,0.57
4784,2019-05-22,2650,2710,2650,2705,74155,1.88
4785,2019-05-23,2705,2705,2670,2685,61123,-0.74
4786,2019-05-24,2685,2750,2580,2630,487677,-2.05
4787,2019-05-27,2610,2655,2610,2625,63687,-0.19
4788,2019-05-28,2625,2885,2625,2700,1598517,2.86
4789,2019-05-29,2700,2755,2670,2680,245306,-0.74
4790,2019-05-30,2685,2725,2680,2690,136697,0.37
4791,2019-05-31,2695,2735,2690,2730,160261,1.49
4792,2019-06-03,2740,2740,2695,2715,155031,-0.55
4793,2019-06-04,2705,2780,2705,2740,136230,0.92
4794,2019-06-05,2745,2765,2710,2740,84124,0.0
4795,2019-06-07,2730,2760,2730,2745,64030,0.18
4796,2019-06-10,2750,2765,2730,2760,89932,0.55
4797,2019-06-11,2755,2795,2745,2775,140704,0.54
4798,2019-06-12,2790,2845,2750,2835,268320,2.16
4799,2019-06-13,2890,2930,2795,2800,545975,-1.23
4800,2019-06-14,2810,2815,2780,2780,115200,-0.71
4801,2019-06-17,2805,2805,2760,2765,68936,-0.54
4802,2019-06-18,2765,2780,2735,2755,64360,-0.36
4803,2019-06-19,2770,2780,2725,2760,161897,0.18
4804,2019-06-20,2770,2865,2750,2835,255278,2.72
4805,2019-06-21,2965,2970,2850,2880,730097,1.59
4806,2019-06-24,2895,2935,2855,2905,353596,0.87
4807,2019-06-25,2905,2925,2830,2865,318478,-1.38
4808,2019-06-26,2870,2895,2820,2865,142669,0.0
4809,2019-06-27,2955,2955,2840,2850,274595,-0.52
4810,2019-06-28,2840,2865,2795,2845,103341,-0.18
4811,2019-07-01,2865,2950,2860,2935,322965,3.16
4812,2019-07-02,2940,3150,2890,2975,1339582,1.36
4813,2019-07-03,2975,2975,2900,2935,362823,-1.34
4814,2019-07-04,2930,2950,2840,2865,300009,-2.39
4815,2019-07-05,2830,2845,2785,2800,358917,-2.27
4816,2019-07-08,2855,2855,2695,2700,390173,-3.57
4817,2019-07-09,2700,2720,2650,2660,183098,-1.48
4818,2019-07-10,2665,2695,2660,2690,106644,1.13
4819,2019-07-11,2685,2710,2665,2700,82590,0.37
4820,2019-07-12,2705,2740,2695,2720,47492,0.74
4821,2019-07-15,2725,2730,2660,2665,74316,-2.02
4822,2019-07-16,2670,2685,2640,2665,130616,0.0
4823,2019-07-17,2645,2660,2580,2585,181783,-3.0
4824,2019-07-18,2580,2610,2575,2580,81919,-0.19
4825,2019-07-19,2595,2640,2590,2605,60174,0.97
4826,2019-07-22,2620,2640,2610,2630,36955,0.96
4827,2019-07-23,2645,2645,2600,2635,49484,0.19
4828,2019-07-24,2635,2650,2575,2580,102862,-2.09
4829,2019-07-25,2565,2585,2480,2495,186058,-3.29
4830,2019-07-26,2475,2495,2400,2425,168736,-2.81
4831,2019-07-29,2420,2420,2250,2270,230127,-6.39
4832,2019-07-30,2230,2345,2230,2335,176083,2.86
4833,2019-07-31,2305,2425,2300,2410,173744,3.21
4834,2019-08-01,2380,2425,2380,2390,76384,-0.83
4835,2019-08-02,2350,2390,2320,2350,83994,-1.67
4836,2019-08-05,2330,2355,2170,2205,315543,-6.17
4837,2019-08-06,2115,2220,2075,2120,229560,-3.85
4838,2019-08-07,2115,2245,2115,2170,138315,2.36
4839,2019-08-08,2175,2275,2175,2275,211594,4.84
4840,2019-08-09,2290,2305,2275,2295,68107,0.88
4841,2019-08-12,2275,2335,2265,2330,57324,1.53
4842,2019-08-13,2340,2340,2270,2325,71428,-0.21
4843,2019-08-14,2360,2360,2295,2330,48996,0.22
4844,2019-08-16,2325,2330,2285,2320,75638,-0.43
4845,2019-08-19,2320,2370,2310,2350,71426,1.29
4846,2019-08-20,2370,2390,2340,2390,68665,1.7
4847,2019-08-21,2450,2520,2395,2395,218899,0.21
4848,2019-08-22,2390,2415,2365,2380,89080,-0.63
4849,2019-08-23,2360,2380,2335,2360,61896,-0.84
4850,2019-08-26,2300,2335,2285,2290,70804,-2.97
4851,2019-08-27,2305,2335,2285,2310,32065,0.87
4852,2019-08-28,2300,2320,2280,2315,31218,0.22
4853,2019-08-29,2315,2330,2290,2290,43238,-1.08
4854,2019-08-30,2300,2350,2295,2345,58999,2.4
4855,2019-09-02,2350,2400,2345,2390,66696,1.92
4856,2019-09-03,2410,2425,2390,2410,55073,0.84
4857,2019-09-04,2420,2420,2380,2405,51268,-0.21
4858,2019-09-05,2405,2460,2380,2445,105680,1.66
4859,2019-09-06,2445,2455,2415,2430,50629,-0.61
4860,2019-09-09,2430,2450,2405,2410,74876,-0.82
4861,2019-09-10,2450,2450,2410,2445,58472,1.45
4862,2019-09-11,2420,2475,2420,2465,80289,0.82
4863,2019-09-16,2480,2525,2465,2495,104042,1.22
4864,2019-09-17,2480,2515,2470,2500,86640,0.2
4865,2019-09-18,2500,2605,2480,2540,384670,1.6
4866,2019-09-19,2555,2560,2500,2520,119786,-0.79
4867,2019-09-20,2535,2540,2500,2515,65472,-0.2
4868,2019-09-23,2515,2575,2505,2565,140585,1.99
4869,2019-09-24,2555,2560,2515,2515,92116,-1.95
4870,2019-09-25,2510,2530,2435,2440,193194,-2.98
4871,2019-09-26,2470,2490,2450,2475,108616,1.43
4872,2019-09-27,2450,2505,2450,2505,60396,1.21
4873,2019-09-30,2485,2505,2450,2495,32960,-0.4
4874,2019-10-01,2495,2535,2485,2500,114051,0.2
4875,2019-10-02,2510,2510,2445,2465,54436,-1.4
4876,2019-10-04,2465,2495,2415,2495,94513,1.22
4877,2019-10-07,2500,2505,2400,2430,120282,-2.61
4878,2019-10-08,2405,2450,2400,2435,48288,0.21
4879,2019-10-10,2425,2455,2415,2450,35109,0.62
4880,2019-10-11,2460,2475,2420,2435,31566,-0.61
4881,2019-10-14,2580,2580,2490,2530,147153,3.9
4882,2019-10-15,2540,2580,2540,2575,160516,1.78
4883,2019-10-16,2600,2660,2595,2620,184624,1.75
4884,2019-10-17,2640,2655,2610,2635,97088,0.57
4885,2019-10-18,2650,2680,2620,2650,133186,0.57
4886,2019-10-21,2650,2680,2615,2630,62507,-0.75
4887,2019-10-22,2630,2645,2580,2580,68357,-1.9
4888,2019-10-23,2580,2600,2550,2565,55176,-0.58
4889,2019-10-24,2580,2580,2535,2560,41190,-0.19
4890,2019-10-25,2560,2580,2515,2530,68890,-1.17
4891,2019-10-28,2530,2585,2530,2580,27377,1.98
4892,2019-10-29,2580,2630,2580,2605,55022,0.97
4893,2019-10-30,2605,2630,2580,2610,48491,0.19
4894,2019-10-31,2630,2640,2590,2610,62252,0.0
4895,2019-11-01,2610,2650,2600,2650,78952,1.53
4896,2019-11-04,2680,2745,2640,2740,213651,3.4
4897,2019-11-05,2735,2765,2685,2690,217528,-1.82
4898,2019-11-06,2695,2765,2685,2755,147343,2.42
4899,2019-11-07,2760,2825,2755,2780,268226,0.91
4900,2019-11-08,2830,2830,2765,2800,124882,0.72
4901,2019-11-11,2820,2935,2810,2900,541301,3.57
4902,2019-11-12,2925,2925,2845,2850,200024,-1.72
4903,2019-11-13,2850,3015,2850,2975,1104129,4.39
4904,2019-11-14,2980,3050,2975,3000,462448,0.84
4905,2019-11-15,3010,3040,2985,3005,298910,0.17
4906,2019-11-18,3030,3030,2975,2985,171738,-0.67
4907,2019-11-19,2985,3415,2985,3095,5552377,3.69
4908,2019-11-20,3090,3355,3085,3240,3484198,4.68
4909,2019-11-21,3210,3230,3105,3115,560918,-3.86
4910,2019-11-22,3135,3165,2980,3055,486789,-1.93
4911,2019-11-25,3060,3115,3040,3060,249778,0.16
4912,2019-11-26,3065,3175,3040,3135,430227,2.45
4913,2019-11-27,3140,3195,3120,3150,294321,0.48
4914,2019-11-28,3120,3170,3085,3085,148333,-2.06
4915,2019-11-29,3095,3130,3060,3060,196726,-0.81
4916,2019-12-02,3080,3085,2910,3040,253976,-0.65
4917,2019-12-03,3000,3095,2990,3095,118961,1.81
4918,2019-12-04,3065,3090,3050,3065,106950,-0.97
4919,2019-12-05,3080,3090,2945,2955,157484,-3.59
4920,2019-12-06,2940,3015,2940,2980,136571,0.85
4921,2019-12-09,3015,3055,2980,2985,86929,0.17
4922,2019-12-10,3000,3000,2900,2925,176388,-2.01
4923,2019-12-11,2910,2975,2910,2930,54021,0.17
4924,2019-12-12,2925,2975,2915,2930,85702,0.0
4925,2019-12-13,2930,2950,2845,2890,260084,-1.37
4926,2019-12-16,2910,2910,2835,2835,94241,-1.9
4927,2019-12-17,2835,2895,2830,2890,149580,1.94
4928,2019-12-18,2870,2975,2870,2975,235125,2.94
4929,2019-12-19,2975,2995,2950,2960,77705,-0.5
4930,2019-12-20,2955,3020,2950,3000,142760,1.35
4931,2019-12-23,3015,3025,2925,2980,160262,-0.67
4932,2019-12-24,2980,3000,2960,2975,66424,-0.17
4933,2019-12-26,2995,3065,2990,3055,142395,2.69
4934,2019-12-27,3025,3055,3005,3010,170749,-1.47
4935,2019-12-30,3015,3060,3010,3045,89341,1.16
4936,2020-01-02,3015,3085,3015,3070,106186,0.82
4937,2020-01-03,3070,3110,3050,3090,264920,0.65
4938,2020-01-06,3035,3075,2985,3000,138095,-2.91
4939,2020-01-07,3010,3050,3005,3005,92252,0.17
4940,2020-01-08,2985,3000,2780,2870,321169,-4.49
4941,2020-01-09,2940,3050,2925,3035,184132,5.75
4942,2020-01-10,3035,3050,3000,3045,127962,0.33
4943,2020-01-13,3060,3075,3000,3065,156933,0.66
4944,2020-01-14,3085,3085,3020,3025,95603,-1.31
4945,2020-01-15,3025,3080,3025,3075,139207,1.65
4946,2020-01-16,3055,3090,3040,3075,105012,0.0
4947,2020-01-17,3075,3095,3055,3070,74328,-0.16
4948,2020-01-20,3075,3090,2995,3020,97186,-1.63
4949,2020-01-21,3005,3020,2955,2980,74365,-1.32
4950,2020-01-22,2980,3025,2970,3020,54318,1.34
4951,2020-01-23,3025,3035,2995,3005,57310,-0.5
4952,2020-01-28,2930,2960,2895,2940,175999,-2.16
4953,2020-01-29,2935,2990,2935,2960,48160,0.68
4954,2020-01-30,2970,2990,2900,2920,144748,-1.35
4955,2020-01-31,2910,2950,2760,2790,218510,-4.45
4956,2020-02-03,2720,2820,2690,2805,199822,0.54
4957,2020-02-04,2840,2910,2825,2910,47642,3.74
4958,2020-02-05,2910,2930,2890,2920,39469,0.34
4959,2020-02-06,2885,2995,2885,2965,121640,1.54
4960,2020-02-07,2975,3015,2925,3005,57523,1.35
4961,2020-02-10,3005,3050,2965,3035,119296,1.0
4962,2020-02-11,3015,3040,2980,3000,77104,-1.15
4963,2020-02-12,3000,3015,2965,3000,39406,0.0
4964,2020-02-13,3020,3020,2930,2965,97524,-1.17
4965,2020-02-14,2995,2995,2920,2960,89615,-0.17
4966,2020-02-17,2960,2970,2910,2935,63493,-0.84
4967,2020-02-18,2935,2940,2840,2870,221235,-2.21
4968,2020-02-19,2895,2900,2815,2855,139177,-0.52
4969,2020-02-20,2870,2875,2800,2825,169870,-1.05
4970,2020-02-21,2795,2815,2700,2730,196140,-3.36
4971,2020-02-24,2685,2685,2570,2590,294374,-5.13
4972,2020-02-25,2515,2695,2515,2695,171785,4.05
4973,2020-02-26,2665,2665,2600,2640,68630,-2.04
4974,2020-02-27,2635,2660,2560,2560,127313,-3.03
4975,2020-02-28,2505,2540,2430,2430,264120,-5.08
4976,2020-03-02,2440,2535,2415,2535,81116,4.32
4977,2020-03-03,2575,2635,2575,2590,89590,2.17
4978,2020-03-04,2610,2675,2565,2675,194377,3.28
4979,2020-03-05,2675,2695,2615,2685,91423,0.37
4980,2020-03-06,2680,2680,2580,2615,102312,-2.61
4981,2020-03-09,2570,2575,2505,2510,85020,-4.02
4982,2020-03-10,2435,2510,2420,2510,109727,0.0
4983,2020-03-11,2515,2550,2420,2450,109993,-2.39
4984,2020-03-12,2450,2450,2205,2300,267881,-6.12
4985,2020-03-13,2090,2135,1880,1985,549591,-13.7
4986,2020-03-16,1980,2090,1970,1980,271782,-0.25
4987,2020-03-17,1830,2040,1830,2040,219762,3.03
4988,2020-03-18,2040,2095,1940,1940,366639,-4.9
4989,2020-03-19,1940,2000,1600,1605,474092,-17.27
4990,2020-03-20,1560,1730,1560,1705,423020,6.23
4991,2020-03-23,1580,1690,1550,1660,142645,-2.64
4992,2020-03-24,1700,1760,1660,1755,174845,5.72
4993,2020-03-25,1910,1930,1785,1880,349018,7.12
4994,2020-03-26,1880,2020,1845,1950,179641,3.72
4995,2020-03-27,2030,2030,1860,1950,268716,0.0
4996,2020-03-30,1925,2025,1865,2010,230525,3.08
4997,2020-03-31,2075,2100,2010,2050,226943,1.99
4998,2020-04-01,2050,2085,2010,2055,210161,0.24
4999,2020-04-02,2035,2235,1980,2080,218655,1.22
5000,2020-04-03,2080,2150,2060,2150,143744,3.37
5001,2020-04-06,2160,2315,2150,2300,270432,6.98
5002,2020-04-07,2350,2360,2255,2300,173244,0.0
5003,2020-04-08,2275,2380,2250,2350,293852,2.17
5004,2020-04-09,2605,3050,2535,2890,7489315,22.98
5005,2020-04-10,2770,2835,2475,2525,1854518,-12.63
5006,2020-04-13,2500,2525,2410,2445,800171,-3.17
5007,2020-04-14,2450,2595,2435,2595,643699,6.13
5008,2020-04-16,2650,2655,2465,2505,875538,-3.47
5009,2020-04-17,2560,2575,2490,2565,454999,2.4
5010,2020-04-20,2590,2590,2500,2510,338742,-2.14
5011,2020-04-21,2475,2535,2230,2425,545843,-3.39
5012,2020-04-22,2400,2550,2310,2545,384219,4.95
5013,2020-04-23,2540,2545,2495,2500,217199,-1.77
5014,2020-04-24,2520,2525,2425,2425,111151,-3.0
5015,2020-04-27,2455,2485,2420,2475,121301,2.06
5016,2020-04-28,2475,2520,2440,2480,196981,0.2
5017,2020-04-29,2705,3065,2525,2525,8200510,1.81
5018,2020-05-04,2520,2620,2435,2600,568247,2.97
5019,2020-05-06,2605,2625,2580,2590,328041,-0.38
5020,2020-05-07,2580,2665,2580,2660,370095,2.7
5021,2020-05-08,2780,2830,2640,2645,686051,-0.56
5022,2020-05-11,2645,2650,2580,2630,312936,-0.57
5023,2020-05-12,2730,2735,2615,2625,480516,-0.19
5024,2020-05-13,2600,2650,2570,2630,163390,0.19
5025,2020-05-14,2600,2635,2575,2600,151274,-1.14
5026,2020-05-15,2605,2630,2530,2565,152705,-1.35
5027,2020-05-18,2565,2585,2535,2580,82454,0.58
5028,2020-05-19,2605,2655,2575,2655,202654,2.91
5029,2020-05-20,2630,2695,2630,2665,173507,0.38
5030,2020-05-21,2685,2790,2635,2765,616503,3.75
5031,2020-05-22,2855,2995,2765,2920,2660697,5.61
5032,2020-05-25,2940,3000,2870,2875,497627,-1.54
5033,2020-05-26,2875,2920,2820,2890,246581,0.52
5034,2020-05-27,2890,2955,2805,2885,426584,-0.17
5035,2020-05-28,2885,2970,2780,2780,724418,-3.64
5036,2020-05-29,2780,2860,2770,2830,151319,1.8
5037,2020-06-01,2830,2945,2830,2920,619695,3.18
5038,2020-06-02,2995,3105,2915,3010,2513700,3.08
5039,2020-06-03,3070,3100,2935,2985,1520146,-0.83
5040,2020-06-04,2990,3020,2900,2930,628634,-1.84
5041,2020-06-05,2930,3005,2910,3005,315221,2.56
5042,2020-06-08,3025,3080,2935,2965,393853,-1.33
5043,2020-06-09,2960,2995,2885,2965,324959,0.0
5044,2020-06-10,2955,2960,2900,2930,226323,-1.18
5045,2020-06-11,2930,2980,2895,2940,331574,0.34
5046,2020-06-12,2800,2860,2680,2850,499497,-3.06
5047,2020-06-15,2850,2860,2585,2590,457089,-9.12
5048,2020-06-16,2645,2760,2645,2745,164150,5.98
5049,2020-06-17,2745,2790,2685,2740,116554,-0.18
5050,2020-06-18,2745,2835,2745,2815,147475,2.74
5051,2020-06-19,2805,2855,2775,2805,133928,-0.36
5052,2020-06-22,2830,2830,2770,2785,108067,-0.71
5053,2020-06-23,2785,2810,2705,2750,92967,-1.26
5054,2020-06-24,2775,2780,2730,2745,58075,-0.18
5055,2020-06-25,2690,2745,2690,2730,67851,-0.55
5056,2020-06-26,2745,2790,2730,2745,95526,0.55
5057,2020-06-29,2700,2745,2670,2685,117821,-2.19
5058,2020-06-30,2745,2745,2675,2705,40581,0.74
5059,2020-07-01,2755,2755,2680,2710,78097,0.18
5060,2020-07-02,2725,2835,2725,2835,144168,4.61
5061,2020-07-03,2855,2895,2830,2895,206734,2.12
5062,2020-07-06,2895,2960,2870,2960,238319,2.25
5063,2020-07-07,2990,3000,2920,2940,344216,-0.68
5064,2020-07-08,3055,3075,2900,2920,477026,-0.68
5065,2020-07-09,2920,2960,2905,2935,163332,0.51
5066,2020-07-10,3065,3420,2950,2990,6634624,1.87
5067,2020-07-13,2980,2980,2900,2935,427096,-1.84
5068,2020-07-14,2915,2920,2870,2875,308296,-2.04
5069,2020-07-15,2850,2925,2840,2900,292054,0.87
5070,2020-07-16,2895,2935,2870,2885,169696,-0.52
5071,2020-07-17,2875,2930,2870,2910,94963,0.87
5072,2020-07-20,2935,2935,2855,2910,152731,0.0
5073,2020-07-21,2930,2970,2870,2895,223451,-0.52
5074,2020-07-22,2900,2965,2860,2905,241553,0.35
5075,2020-07-23,2900,2920,2850,2885,161093,-0.69
5076,2020-07-24,2905,2905,2835,2840,160245,-1.56
5077,2020-07-27,2840,2920,2840,2885,209281,1.58
5078,2020-07-28,2890,2990,2865,2885,263531,0.0
5079,2020-07-29,2870,3000,2860,2995,482103,3.81
5080,2020-07-30,3020,3090,2970,2990,870625,-0.17
5081,2020-07-31,3045,3065,2975,2985,252600,-0.17
5082,2020-08-03,3050,3060,2980,3035,270254,1.68
5083,2020-08-04,3035,3150,3030,3070,525407,1.15
5084,2020-08-05,3160,3160,3010,3020,246287,-1.63
5085,2020-08-06,3065,3065,3010,3035,150392,0.5
5086,2020-08-07,3045,3105,3010,3055,222463,0.66
5087,2020-08-10,3200,3200,3060,3080,466837,0.82
5088,2020-08-11,3140,3430,3030,3035,7897377,-1.46
5089,2020-08-12,3100,3140,3005,3055,1007246,0.66
5090,2020-08-13,3065,3095,2985,3000,463609,-1.8
5091,2020-08-14,3005,3035,2890,2915,397661,-2.83
5092,2020-08-18,2880,2905,2705,2715,573373,-6.86
5093,2020-08-19,2705,2805,2705,2790,169098,2.76
5094,2020-08-20,2780,2780,2505,2750,538825,-1.43
5095,2020-08-21,2740,2760,2610,2700,267514,-1.82
5096,2020-08-24,2660,2715,2620,2695,195429,-0.19
5097,2020-08-25,2745,2755,2695,2750,190392,2.04
5098,2020-08-26,2795,2795,2695,2735,159866,-0.55
5099,2020-08-27,2735,2740,2645,2685,235343,-1.83
5100,2020-08-28,2700,2750,2680,2725,160781,1.49
5101,2020-08-31,2795,2800,2740,2770,115896,1.65
5102,2020-09-01,2785,2785,2740,2770,83237,0.0
5103,2020-09-02,2770,2795,2755,2775,95122,0.18
5104,2020-09-03,2765,2830,2755,2805,178140,1.08
5105,2020-09-04,2700,3455,2445,2980,11322717,6.24
5106,2020-09-07,2990,3370,2980,3095,5828362,3.86
5107,2020-09-08,3140,3185,2975,2975,993095,-3.88
5108,2020-09-09,2900,3270,2900,3210,2657383,7.9
5109,2020-09-10,3200,3200,3090,3120,927473,-2.8
5110,2020-09-11,3120,3120,3000,3035,571964,-2.72
5111,2020-09-14,3035,3130,3035,3070,479140,1.15
5112,2020-09-15,3105,3170,3000,3115,720503,1.47
5113,2020-09-16,3120,3315,3090,3125,2160765,0.32
5114,2020-09-17,3130,3215,3090,3150,636423,0.8
5115,2020-09-18,3110,3170,3035,3150,430477,0.0
5116,2020-09-21,3140,3180,3000,3000,629204,-4.76
5117,2020-09-22,2985,3045,2840,2850,498188,-5.0
5118,2020-09-23,2850,2990,2800,2960,308717,3.86
5119,2020-09-24,2890,3045,2795,2845,455721,-3.89
5120,2020-09-25,2870,3070,2855,2940,511892,3.34
5121,2020-09-28,2995,2995,2905,2970,167069,1.02
5122,2020-09-29,2995,3045,2965,3020,222421,1.68
5123,2020-10-05,3020,3115,2985,3115,537084,3.15
5124,2020-10-06,3125,3325,3105,3280,3354986,5.3
5125,2020-10-07,3230,3270,3160,3170,789934,-3.35
5126,2020-10-08,3170,3470,3165,3320,4861814,4.73
5127,2020-10-12,3410,3735,3335,3455,12674941,4.07
5128,2020-10-13,3545,3595,3430,3565,2362058,3.18
5129,2020-10-14,3580,3580,3325,3380,1382027,-5.19
5130,2020-10-15,3400,3425,3205,3320,830863,-1.78
5131,2020-10-16,3295,3620,3250,3390,5029904,2.11
5132,2020-10-19,3420,3520,3245,3275,1323593,-3.39
5133,2020-10-20,3210,3325,3140,3320,698579,1.37
5134,2020-10-21,3325,3350,3245,3280,396412,-1.2
5135,2020-10-22,3275,3275,3120,3120,760794,-4.88
5136,2020-10-23,3165,3170,3090,3120,277618,0.0
5137,2020-10-26,3080,3120,2940,2975,569893,-4.65
5138,2020-10-27,2950,3030,2905,2970,268760,-0.17
5139,2020-10-28,2970,3120,2970,3115,279031,4.88
5140,2020-10-29,3030,3070,3000,3060,228178,-1.77
5141,2020-10-30,3090,3110,2975,2975,248752,-2.78
5142,2020-11-02,2995,3230,2995,3180,423261,6.89
5143,2020-11-03,3210,3255,3145,3230,445733,1.57
5144,2020-11-04,3230,3290,3160,3250,519473,0.62
5145,2020-11-05,3290,3325,3250,3260,496884,0.31
5146,2020-11-06,3265,3340,3235,3290,436147,0.92
5147,2020-11-09,3315,3460,3280,3340,749415,1.52
5148,2020-11-10,3340,3400,3285,3310,415535,-0.9
5149,2020-11-11,3370,3395,3270,3360,465085,1.51
5150,2020-11-12,3435,3530,3360,3365,2005114,0.15
5151,2020-11-13,3365,3455,3335,3385,545691,0.59
5152,2020-11-16,3495,3500,3320,3420,1121579,1.03
5153,2020-11-17,3615,3720,3235,3250,8314173,-4.97
5154,2020-11-18,3330,3935,3330,3685,18252918,13.38
5155,2020-11-19,3615,3660,3475,3485,2625841,-5.43
5156,2020-11-20,3495,3520,3340,3340,1547516,-4.16
5157,2020-11-23,3340,3440,3335,3390,1069233,1.5
5158,2020-11-24,3370,3440,3365,3390,630362,0.0
5159,2020-11-25,3400,3415,3260,3320,755359,-2.06
5160,2020-11-26,3295,3365,3250,3265,439910,-1.66
5161,2020-11-27,3260,3335,3235,3250,616519,-0.46
5162,2020-11-30,3245,3250,3190,3210,405173,-1.23
5163,2020-12-01,3220,3320,3220,3310,423107,3.12
5164,2020-12-02,3330,3335,3260,3320,401373,0.3
5165,2020-12-03,3305,3320,3275,3305,246327,-0.45
5166,2020-12-04,3310,3310,3225,3230,319274,-2.27
5167,2020-12-07,3250,3250,3145,3165,320170,-2.01
5168,2020-12-08,3175,3210,3150,3185,275057,0.63
5169,2020-12-09,3200,3265,3165,3265,250734,2.51
5170,2020-12-10,3230,3295,3220,3280,207923,0.46
5171,2020-12-11,3295,3295,3245,3255,161121,-0.76
5172,2020-12-14,3235,3245,3195,3210,184229,-1.38
5173,2020-12-15,3220,3225,3155,3175,166503,-1.09
5174,2020-12-16,3180,3215,3170,3210,132967,1.1
5175,2020-12-17,3210,3285,3205,3270,509017,1.87
5176,2020-12-18,3400,3445,3295,3295,1278115,0.76
5177,2020-12-21,3310,3310,3225,3260,286745,-1.06
5178,2020-12-22,3280,3490,3275,3360,3538646,3.07
5179,2020-12-23,3355,3380,3295,3350,555008,-0.3
5180,2020-12-24,3370,3460,3340,3450,832013,2.99
5181,2020-12-28,3395,3430,3300,3305,470502,-4.2
5182,2020-12-29,3325,3385,3310,3370,304631,1.97
5183,2020-12-30,3385,3455,3325,3415,416130,1.34
5184,2021-01-04,3445,3470,3360,3450,394127,1.02
5185,2021-01-05,3475,3515,3375,3415,427324,-1.01
5186,2021-01-06,3425,3445,3355,3415,407002,0.0
5187,2021-01-07,3420,3760,3405,3635,4686775,6.44
5188,2021-01-08,3620,3625,3475,3540,1166437,-2.61
5189,2021-01-11,3515,3625,3400,3435,908731,-2.97
5190,2021-01-12,3390,3600,3370,3530,776906,2.77
5191,2021-01-13,3560,3560,3480,3535,329078,0.14
5192,2021-01-14,3555,3575,3480,3550,344338,0.42
5193,2021-01-15,3530,3560,3460,3490,414058,-1.69
5194,2021-01-18,3540,3735,3490,3490,2593663,0.0
5195,2021-01-19,3515,3680,3515,3630,1105090,4.01
5196,2021-01-20,3655,3750,3575,3735,900269,2.89
5197,2021-01-21,3725,3745,3650,3690,590101,-1.2
5198,2021-01-22,3720,3725,3600,3625,471234,-1.76
5199,2021-01-25,3665,3690,3575,3600,454862,-0.69
5200,2021-01-26,3600,3635,3560,3595,270214,-0.14
5201,2021-01-27,3605,3630,3565,3600,244417,0.14
5202,2021-01-28,3530,3585,3455,3550,428758,-1.39
5203,2021-01-29,3550,3660,3430,3655,1172632,2.96
5204,2021-02-01,3620,3855,3395,3490,3825289,-4.51
5205,2021-02-02,3540,3545,3395,3455,1284085,-1.0
5206,2021-02-03,3470,3690,3455,3650,3241097,5.64
5207,2021-02-04,3620,3645,3480,3550,1158449,-2.74
5208,2021-02-05,3550,3565,3465,3505,368256,-1.27
5209,2021-02-08,3520,3540,3440,3480,418926,-0.71
5210,2021-02-09,3490,3495,3440,3455,252162,-0.72
5211,2021-02-10,3465,3470,3400,3430,235036,-0.72
5212,2021-02-15,3430,3475,3415,3475,219705,1.31
5213,2021-02-16,3470,3495,3445,3495,243676,0.58
5214,2021-02-17,3495,3525,3475,3520,292958,0.72
5215,2021-02-18,3520,3535,3425,3455,382071,-1.85
5216,2021-02-19,3445,3485,3385,3470,451188,0.43
5217,2021-02-22,3520,3695,3465,3475,2715823,0.14
5218,2021-02-23,3500,3660,3455,3650,1505819,5.04
5219,2021-02-24,3600,3625,3375,3390,927651,-7.12
5220,2021-02-25,3445,3620,3395,3470,1037941,2.36
5221,2021-02-26,3530,3710,3385,3400,4860448,-2.02
5222,2021-03-02,3400,3450,3115,3175,1919580,-6.62
5223,2021-03-03,3150,3200,3140,3170,405302,-0.16
5224,2021-03-04,3125,3240,3115,3165,523640,-0.16
5225,2021-03-05,3135,3165,3020,3125,530441,-1.26
5226,2021-03-08,3130,3240,3125,3145,540848,0.64
5227,2021-03-09,3130,3230,3065,3150,410670,0.16
5228,2021-03-10,3230,3230,3080,3095,230588,-1.75
5229,2021-03-11,3140,3150,3080,3110,190436,0.48
5230,2021-03-12,3120,3150,3075,3150,225146,1.29
5231,2021-03-15,3150,3235,3140,3220,349114,2.22
5232,2021-03-16,3240,3270,3200,3210,284308,-0.31
5233,2021-03-17,3240,3240,3150,3200,234593,-0.31
5234,2021-03-18,3240,3260,3195,3210,390350,0.31
5235,2021-03-19,3160,3205,3150,3190,143941,-0.62
5236,2021-03-22,3195,3240,3155,3155,290248,-1.1
5237,2021-03-23,3185,3530,3165,3325,6614000,5.39
5238,2021-03-24,3450,3595,3335,3390,3315164,1.95
5239,2021-03-25,3410,3445,3340,3345,528653,-1.33
5240,2021-03-26,3385,3485,3340,3430,598314,2.54
5241,2021-03-29,3440,3500,3365,3475,653504,1.31
5242,2021-03-30,3440,3545,3390,3415,788907,-1.73
5243,2021-03-31,3415,3490,3380,3485,451496,2.05
5244,2021-04-01,3495,3495,3415,3450,271466,-1.0
5245,2021-04-02,3455,3460,3395,3450,329614,0.0
5246,2021-04-05,3440,3485,3425,3470,273258,0.58
5247,2021-04-06,3470,3590,3435,3570,1120322,2.88
5248,2021-04-07,3660,3720,3545,3650,3002970,2.24
5249,2021-04-08,3705,3710,3530,3570,895653,-2.19
5250,2021-04-09,3580,3655,3555,3625,663488,1.54
5251,2021-04-12,3645,3670,3570,3580,504151,-1.24
5252,2021-04-13,3600,3665,3595,3635,744653,1.54
5253,2021-04-14,3635,3635,3525,3595,398423,-1.1
5254,2021-04-15,3600,3615,3500,3515,342163,-2.23
5255,2021-04-16,3535,3575,3500,3575,288564,1.71
5256,2021-04-19,3600,3600,3540,3560,198590,-0.42
5257,2021-04-20,3545,3620,3535,3610,382908,1.4
5258,2021-04-21,3605,3640,3545,3590,408093,-0.55
5259,2021-04-22,3600,3640,3575,3635,394232,1.25
5260,2021-04-23,3620,3660,3605,3650,344704,0.41
5261,2021-04-26,3660,3685,3625,3655,446701,0.14
5262,2021-04-27,3685,3770,3635,3720,747050,1.78
5263,2021-04-28,3790,3800,3550,3575,777385,-3.9
5264,2021-04-29,3575,3640,3530,3575,369854,0.0
5265,2021-04-30,3635,3780,3600,3735,1400098,4.48
5266,2021-05-03,3760,4045,3655,3765,3849306,0.8
5267,2021-05-04,3860,4890,3860,4890,12566342,29.88
5268,2021-05-06,5420,5920,5170,5430,62052210,11.04
5269,2021-05-07,5520,5540,5240,5440,9458249,0.18
5270,2021-05-10,5310,5380,5250,5250,2288639,-3.49
5271,2021-05-11,5290,5440,5290,5390,1732727,2.67
5272,2021-05-12,5320,5520,5320,5400,2547936,0.19
5273,2021-05-13,5570,6200,4850,4850,29014026,-10.19
5274,2021-05-14,4930,5010,4625,4725,2947693,-2.58
5275,2021-05-17,4715,5160,4630,4990,8936337,5.61
5276,2021-05-18,4850,5200,4795,5050,5427977,1.2
5277,2021-05-20,5230,5450,4975,4975,7988388,-1.49
5278,2021-05-21,4975,6130,4930,5710,40139747,14.77
5279,2021-05-24,5450,5530,4930,4930,6984292,-13.66
5280,2021-05-25,5040,5120,4900,4985,4367097,1.12
5281,2021-05-26,5000,5200,4960,5060,3383138,1.5
5282,2021-05-27,5060,5100,4975,5080,1615664,0.4
5283,2021-05-28,5120,5170,5030,5030,1280594,-0.98
5284,2021-05-31,5040,5080,4775,4815,1965091,-4.27
5285,2021-06-01,4805,4950,4745,4865,1339691,1.04
5286,2021-06-02,5020,5380,4970,5200,8042939,6.89
5287,2021-06-03,5160,5460,5130,5320,4927228,2.31
5288,2021-06-04,5270,5350,5180,5270,1286328,-0.94
5289,2021-06-07,5270,5500,5210,5250,2760013,-0.38
5290,2021-06-08,5220,5220,4985,4985,1301831,-5.05
5291,2021-06-09,4945,5130,4935,5130,1013960,2.91
5292,2021-06-10,5200,5490,5120,5490,4324355,7.02
5293,2021-06-11,5380,5460,5170,5300,2402929,-3.46
5294,2021-06-14,5310,5930,5250,5710,14823355,7.74
5295,2021-06-15,5660,6380,5550,6120,19711722,7.18
5296,2021-06-16,6050,6080,5780,5980,3427015,-2.29
5297,2021-06-17,5940,6200,5830,6090,4207526,1.84
5298,2021-06-18,6000,6120,5680,5790,2871104,-4.93
5299,2021-06-21,5840,5960,5700,5750,2146465,-0.69
5300,2021-06-22,5960,6920,5950,6140,28502632,6.78
5301,2021-06-23,6250,7980,6210,7500,50799351,22.15
5302,2021-06-24,7210,7620,6520,6770,17733390,-9.73
5303,2021-06-25,6750,7580,6650,7060,16758387,4.28
5304,2021-06-28,7670,7800,7100,7100,12181532,0.57
5305,2021-06-29,7050,7360,6750,7170,7363247,0.99
5306,2021-06-30,7100,7190,6780,6810,2831721,-5.02
5307,2021-07-01,6760,7110,6720,7100,2755724,4.26
5308,2021-07-02,7040,7640,6940,7130,11533645,0.42
5309,2021-07-05,7040,7050,6610,6630,2604431,-7.01
5310,2021-07-06,6630,6650,6360,6380,1935984,-3.77
5311,2021-07-07,6460,6590,6350,6370,1748034,-0.16
5312,2021-07-08,6360,6470,6030,6150,1505377,-3.45
5313,2021-07-09,6010,6100,5850,6050,1233991,-1.63
5314,2021-07-12,6050,6140,5970,6050,784796,0.0
5315,2021-07-13,5990,6300,5980,6130,2157246,1.32
5316,2021-07-14,6140,6340,6060,6100,1411518,-0.49
5317,2021-07-15,6050,6080,5900,5940,1138114,-2.62
5318,2021-07-16,6060,6150,5960,6020,1084991,1.35
5319,2021-07-19,5950,6000,5720,5750,843855,-4.49
5320,2021-07-20,5600,5760,5580,5700,579247,-0.87
5321,2021-07-21,5700,5990,5650,5670,780055,-0.53
5322,2021-07-22,5700,6020,5680,5950,1194162,4.94
5323,2021-07-23,6000,6020,5820,5950,699619,0.0
5324,2021-07-26,5940,5950,5710,5730,576601,-3.7
5325,2021-07-27,5740,5950,5700,5850,531366,2.09
5326,2021-07-28,5840,5980,5800,5920,631545,1.2
5327,2021-07-29,5940,6090,5880,5880,680302,-0.68
5328,2021-07-30,5880,5960,5700,5900,460715,0.34
5329,2021-08-02,5860,5960,5790,5810,401890,-1.53
5330,2021-08-03,5820,5860,5630,5670,402460,-2.41
5331,2021-08-04,5690,5840,5680,5810,283306,2.47
5332,2021-08-05,5780,6130,5770,6090,1033847,4.82
5333,2021-08-06,6090,6220,5940,6100,863472,0.16
5334,2021-08-09,6120,6320,6080,6220,1201483,1.97
5335,2021-08-10,6220,6450,6150,6450,3277011,3.7
5336,2021-08-11,7140,7450,6530,6630,23644430,2.79
5337,2021-08-12,6810,7290,6690,6720,10806233,1.36
5338,2021-08-13,6720,7090,6710,7030,7194415,4.61
5339,2021-08-17,6890,7120,6350,6420,4101239,-8.68
5340,2021-08-18,6570,7540,6560,7170,19266896,11.68
5341,2021-08-19,7090,7130,6570,6610,4125112,-7.81
5342,2021-08-20,6510,6550,5950,6010,3198458,-9.08
5343,2021-08-23,6140,6680,6140,6660,6098054,10.82
5344,2021-08-24,6940,7140,6650,6770,8297219,1.65
5345,2021-08-25,7070,7080,6720,6830,2521208,0.89
5346,2021-08-26,6870,7040,6660,6870,3711247,0.59
5347,2021-08-27,6820,8930,6800,8610,63189744,25.33
5348,2021-08-30,8540,9170,8350,8630,21178752,0.23
5349,2021-08-31,8600,9080,8240,8640,12428766,0.12
5350,2021-09-01,8650,9500,8530,8940,27955332,3.47
5351,2021-09-02,9060,9430,8900,9290,14024987,3.91
5352,2021-09-03,9740,10750,9720,9950,26476324,7.1
5353,2021-09-06,11650,11650,10050,10300,11076489,3.52
5354,2021-09-07,10850,12800,10350,12300,29826162,19.42
5355,2021-09-08,12050,12800,11500,12700,12271345,3.25
5356,2021-09-09,12250,14700,11950,13100,21705890,3.15
5357,2021-09-10,13400,14000,12900,13150,7071242,0.38
5358,2021-09-13,13050,13600,11750,11800,5149248,-10.27
5359,2021-09-14,12000,12900,11250,12500,7483321,5.93
5360,2021-09-15,12450,12850,11900,11950,3600506,-4.4
5361,2021-09-16,12000,13900,11900,13900,17862901,16.32
5362,2021-09-17,12850,12900,11550,11900,5953457,-14.39
5363,2021-09-23,11550,11900,10750,11200,3409281,-5.88
5364,2021-09-24,11150,11550,10300,10450,2355051,-6.7
5365,2021-09-27,10350,10850,10050,10250,2307930,-1.91
5366,2021-09-28,10550,11050,10250,10950,3313420,6.83
5367,2021-09-29,10600,11350,10500,11100,2263388,1.37
5368,2021-09-30,11250,11350,10550,10800,1194937,-2.7
5369,2021-10-01,10700,10700,9980,10050,1181395,-6.94
5370,2021-10-05,10050,10200,8800,9540,1933034,-5.07
5371,2021-10-06,9540,9610,7730,7990,2814991,-16.25
5372,2021-10-07,8270,10250,8180,10100,11631055,26.41
5373,2021-10-08,10000,11150,8920,9500,13275369,-5.94
5374,2021-10-12,9910,10850,9480,9800,6222753,3.16
5375,2021-10-13,10050,10150,9660,9970,2412149,1.73
5376,2021-10-14,10200,10200,9680,10150,2635458,1.81
5377,2021-10-15,10150,11000,10100,10450,6090757,2.96
5378,2021-10-18,10550,10600,9770,9910,1759709,-5.17
5379,2021-10-19,9960,10100,9250,9370,2559485,-5.45
5380,2021-10-20,9890,10200,9400,9590,3022658,2.35
5381,2021-10-21,9700,9700,8800,9060,1994074,-5.53
5382,2021-10-22,8920,9430,8890,9090,2508277,0.33
5383,2021-10-25,8900,8950,7900,8310,4476958,-8.58
5384,2021-10-26,8930,9170,8550,8720,5950298,4.93
5385,2021-10-27,8750,9110,8320,8610,3487142,-1.26
5386,2021-10-28,8400,8490,8080,8080,1787130,-6.16
5387,2021-10-29,8000,8330,7510,7670,3599196,-5.07
5388,2021-11-01,7800,7930,7230,7690,3835560,0.26
5389,2021-11-02,7580,8680,7530,8210,9855670,6.76
5390,2021-11-03,8050,8260,7590,7670,2982585,-6.58
5391,2021-11-04,7780,7970,6410,6770,4873612,-11.73
5392,2021-11-05,6760,7730,4740,4740,23275772,-29.99
5393,2021-11-08,4575,4670,4385,4505,4452422,-4.96
5394,2021-11-09,4530,4645,4400,4510,2458602,0.11
5395,2021-11-10,4460,4800,4460,4680,3667119,3.77
5396,2021-11-11,4655,4770,4450,4520,2022597,-3.42
5397,2021-11-12,4520,4820,4500,4760,1782856,5.31
5398,2021-11-15,4810,4850,4630,4775,1128968,0.32
5399,2021-11-16,4780,4825,4675,4725,947847,-1.05
5400,2021-11-17,4740,4750,4505,4520,911500,-4.34
5401,2021-11-18,4530,4715,4330,4645,1010438,2.77
5402,2021-11-19,4650,4760,4575,4610,734226,-0.75
5403,2021-11-22,4610,4635,4455,4610,670357,0.0
5404,2021-11-23,4595,4890,4545,4710,1203455,2.17
5405,2021-11-24,4720,4735,4560,4610,695678,-2.12
5406,2021-11-25,4610,4615,4520,4525,375709,-1.84
5407,2021-11-26,4505,4605,4335,4355,757973,-3.76
5408,2021-11-29,4205,4385,4060,4250,878613,-2.41
5409,2021-11-30,4445,4500,3990,4050,1226740,-4.71
5410,2021-12-01,4010,4305,3990,4285,901062,5.8
5411,2021-12-02,4240,4370,4145,4310,475512,0.58
5412,2021-12-03,4385,4540,4280,4540,729329,5.34
5413,2021-12-06,4465,4590,4330,4485,919174,-1.21
5414,2021-12-07,4525,4615,4465,4535,805400,1.11
5415,2021-12-08,4575,4680,4470,4480,761360,-1.21
5416,2021-12-09,4485,4645,4485,4580,761048,2.23
5417,2021-12-10,4570,4605,4470,4530,432313,-1.09
5418,2021-12-13,4535,4620,4525,4535,410920,0.11
5419,2021-12-14,4500,4545,4455,4510,484878,-0.55
5420,2021-12-15,4540,4650,4510,4580,555195,1.55
5421,2021-12-16,4630,4675,4480,4520,648374,-1.31
5422,2021-12-17,4515,4650,4460,4555,634447,0.77
5423,2021-12-20,4555,4555,4390,4400,601091,-3.4
5424,2021-12-21,4400,4430,4265,4415,335770,0.34
5425,2021-12-22,4450,4610,4435,4545,709594,2.94
5426,2021-12-23,4630,4850,4450,4595,3824262,1.1
5427,2021-12-24,4730,5560,4620,5280,18233469,14.91
5428,2021-12-27,5190,5230,4745,4770,3857093,-9.66
5429,2021-12-28,4870,5150,4750,4830,4886490,1.26
5430,2021-12-29,5000,5090,4840,4940,3239973,2.28
5431,2021-12-30,4975,5470,4925,5250,10157610,6.28
5432,2022-01-03,5180,5490,4950,5240,9848717,-0.19
5433,2022-01-04,5350,5780,5230,5560,12942852,6.11
5434,2022-01-05,5560,6450,5540,6050,19531961,8.81
5435,2022-01-06,5800,5950,5270,5270,4396837,-12.89
5436,2022-01-07,5150,5150,4920,5050,2423768,-4.17
5437,2022-01-10,5090,5180,4765,4765,1705443,-5.64
5438,2022-01-11,4765,4820,4560,4660,1147471,-2.2
5439,2022-01-12,4660,4810,4600,4750,842046,1.93
5440,2022-01-13,4770,5000,4765,4880,1552910,2.74
5441,2022-01-14,4900,5000,4845,4930,921916,1.02
5442,2022-01-17,4820,4855,4535,4560,1182519,-7.51
5443,2022-01-18,4535,4620,4355,4370,595917,-4.17
5444,2022-01-19,4260,4395,4235,4315,408763,-1.26
5445,2022-01-20,4325,4510,4325,4370,536673,1.27
5446,2022-01-21,4315,4410,4270,4300,450239,-1.6
5447,2022-01-24,4235,4280,4080,4100,503090,-4.65
5448,2022-01-25,4110,4180,3890,3940,667793,-3.9
5449,2022-01-26,3900,4100,3890,4040,502694,2.54
5450,2022-01-27,4025,4050,3765,3790,603722,-6.19
5451,2022-01-28,3805,3940,3680,3940,523694,3.96
5452,2022-02-03,4000,4160,4000,4150,509380,5.33
5453,2022-02-04,4100,4200,4060,4195,282439,1.08
5454,2022-02-07,4220,4280,4175,4280,293458,2.03
5455,2022-02-08,4290,4370,4180,4260,384897,-0.47
5456,2022-02-09,4300,4440,4280,4410,350203,3.52
5457,2022-02-10,4410,4420,4320,4320,217820,-2.04
5458,2022-02-11,4280,4330,4230,4250,171096,-1.62
5459,2022-02-14,4180,4230,4055,4140,294939,-2.59
5460,2022-02-15,4140,4270,4065,4080,296173,-1.45
5461,2022-02-16,4175,4350,4175,4340,434445,6.37
5462,2022-02-17,4340,4435,4210,4315,639121,-0.58
5463,2022-02-18,4920,5100,4650,4665,11426742,8.11
5464,2022-02-21,4615,4870,4585,4625,2146877,-0.86
5465,2022-02-22,4640,4690,4410,4415,1226441,-4.54
5466,2022-02-23,4420,4630,4415,4595,1285717,4.08
5467,2022-02-24,4595,4595,4345,4365,950331,-5.01
5468,2022-02-25,4445,4485,4350,4410,719448,1.03
5469,2022-02-28,4410,4745,4365,4550,2081412,3.17
5470,2022-03-02,4570,5910,4550,5910,15572045,29.89
5471,2022-03-03,6100,7420,6050,6630,42568050,12.18
5472,2022-03-04,6630,6760,6470,6640,7151231,0.15
5473,2022-03-07,6550,6590,6160,6300,3876159,-5.12
5474,2022-03-08,6750,6910,5970,6020,14440698,-4.44
5475,2022-03-10,6200,6420,5980,6050,4859593,0.5
5476,2022-03-11,6320,6540,6150,6330,9071212,4.63
5477,2022-03-14,6600,7440,6460,6840,30143045,8.06
5478,2022-03-15,6950,7330,6720,6890,8821180,0.73
5479,2022-03-16,7200,7370,6860,6940,6607363,0.73
5480,2022-03-17,6950,7090,6620,7020,4077384,1.15
5481,2022-03-18,7100,7230,6920,6960,4013780,-0.85
5482,2022-03-21,6910,7000,6740,6810,1581262,-2.16
5483,2022-03-22,6860,6870,6570,6740,1711302,-1.03
5484,2022-03-23,6830,7160,6760,7090,5900462,5.19
5485,2022-03-24,7130,8400,7000,7710,34145495,8.74
5486,2022-03-25,7730,7740,7130,7140,5268187,-7.39
5487,2022-03-28,7240,7950,7200,7590,15837602,6.3
5488,2022-03-29,7500,7500,7130,7210,2918917,-5.01
5489,2022-03-30,7300,7380,7050,7110,1852962,-1.39
5490,2022-03-31,7080,7240,7030,7080,1025822,-0.42
5491,2022-04-01,7170,7270,6890,6960,1181675,-1.69
5492,2022-04-04,6730,6890,6620,6760,1349410,-2.87
5493,2022-04-05,7110,7150,6800,6820,1867853,0.89
5494,2022-04-06,6730,6930,6690,6700,719021,-1.76
5495,2022-04-07,6630,6690,6320,6340,1048557,-5.37
5496,2022-04-08,6340,6480,6240,6370,506257,0.47
5497,2022-04-11,6320,6390,6150,6180,534400,-2.98
5498,2022-04-12,6110,6240,6000,6100,557459,-1.29
5499,2022-04-13,6140,6300,6060,6090,562293,-0.16
5500,2022-04-14,6110,6200,6070,6070,370829,-0.33
5501,2022-04-15,6030,6170,6010,6110,394616,0.66
5502,2022-04-18,6110,6140,5970,6000,431794,-1.8
5503,2022-04-19,6080,6200,6030,6180,517490,3.0
5504,2022-04-20,6190,6620,6160,6540,2173313,5.83
5505,2022-04-21,6550,6590,6390,6490,864733,-0.76
5506,2022-04-22,6620,6870,6520,6730,3036490,3.7
5507,2022-04-25,6800,6840,6390,6390,1187925,-5.05
5508,2022-04-26,6440,6560,6160,6490,1013739,1.56
5509,2022-04-27,6240,6370,6180,6220,634118,-4.16
5510,2022-04-28,6540,7000,6370,6400,5282417,2.89
5511,2022-04-29,6420,6600,6360,6430,919513,0.47
5512,2022-05-02,6220,6350,6180,6300,507708,-2.02
5513,2022-05-03,6310,6400,6240,6240,469222,-0.95
5514,2022-05-04,6290,6360,6120,6170,429757,-1.12
5515,2022-05-06,6020,6140,6000,6020,437863,-2.43
5516,2022-05-09,5960,6120,5630,5680,597768,-5.65
5517,2022-05-10,5500,5700,5360,5680,531601,0.0
5518,2022-05-11,5590,5710,5510,5570,272305,-1.94
5519,2022-05-12,5490,5630,5370,5410,304407,-2.87
5520,2022-05-13,5430,5560,5370,5540,246275,2.4
5521,2022-05-16,5540,5660,5530,5610,290453,1.26
5522,2022-05-17,5620,5700,5560,5700,224511,1.6
5523,2022-05-18,5700,5740,5610,5650,234740,-0.88
5524,2022-05-19,5460,5560,5410,5530,279659,-2.12
5525,2022-05-20,5610,5830,5610,5630,336796,1.81
5526,2022-05-23,5660,5660,5560,5580,159678,-0.89
5527,2022-05-24,5580,5620,5370,5380,255297,-3.58
5528,2022-05-25,5380,5440,5250,5310,222447,-1.3
5529,2022-05-26,5350,5580,5290,5500,423965,3.58
5530,2022-05-27,5520,5600,5500,5510,144059,0.18
5531,2022-05-30,5530,5600,5520,5570,119551,1.09
5532,2022-05-31,5580,5680,5550,5660,219873,1.62
5533,2022-06-02,5670,5720,5620,5630,261257,-0.53
5534,2022-06-03,5630,5670,5520,5550,181814,-1.42
5535,2022-06-07,5490,5540,5360,5370,198616,-3.24
5536,2022-06-08,5330,5460,5320,5320,172069,-0.93
5537,2022-06-09,5340,5340,5060,5180,448770,-2.63
5538,2022-06-10,5130,5180,4995,5010,267452,-3.28
5539,2022-06-13,4840,4950,4760,4760,323996,-4.99
5540,2022-06-14,4585,4730,4550,4680,409363,-1.68
5541,2022-06-15,4645,4750,4420,4465,332695,-4.59
5542,2022-06-16,4515,4765,4515,4515,431083,1.12
5543,2022-06-17,4370,4740,4355,4575,306226,1.33
5544,2022-06-20,4610,4620,4245,4285,371731,-6.34
5545,2022-06-21,4260,4350,4240,4285,163964,0.0
5546,2022-06-22,4275,4445,4005,4045,409317,-5.6
5547,2022-06-23,4020,4120,3810,3835,484278,-5.19
5548,2022-06-24,3760,4040,3760,4020,393911,4.82
5549,2022-06-27,4050,4230,4020,4205,243601,4.6
5550,2022-06-28,4170,4335,4170,4310,276026,2.5
5551,2022-06-29,4180,4460,4180,4410,435273,2.32
5552,2022-06-30,4410,4410,4255,4255,302412,-3.51
5553,2022-07-01,4255,4390,4120,4200,214034,-1.29
5554,2022-07-04,4200,4230,3970,4045,220068,-3.69
5555,2022-07-05,4045,4210,4045,4200,203238,3.83
5556,2022-07-06,4200,4200,4050,4050,147486,-3.57
5557,2022-07-07,4080,4245,4080,4215,213735,4.07
5558,2022-07-08,4270,4360,4245,4305,242916,2.14
5559,2022-07-11,4305,4410,4285,4350,247990,1.05
5560,2022-07-12,4285,4285,4140,4200,184805,-3.45
5561,2022-07-13,4195,4245,4115,4215,108502,0.36
5562,2022-07-14,4210,4225,4120,4185,134915,-0.71
5563,2022-07-15,4185,4265,4050,4130,137856,-1.31
5564,2022-07-18,4135,4265,4135,4265,146140,3.27
5565,2022-07-19,4265,4340,4235,4335,118256,1.64
5566,2022-07-20,4365,4410,4320,4330,255797,-0.12
5567,2022-07-21,4340,4385,4310,4355,111282,0.58
5568,2022-07-22,4345,4400,4270,4315,164641,-0.92
5569,2022-07-25,4315,4375,4270,4345,127815,0.7
5570,2022-07-26,4300,4375,4300,4370,121818,0.58
5571,2022-07-27,4370,4440,4335,4410,193361,0.92
5572,2022-07-28,4430,4455,4390,4440,167811,0.68
5573,2022-07-29,4440,4565,4425,4545,278290,2.36
5574,2022-08-01,4550,4585,4520,4555,173403,0.22
5575,2022-08-02,4555,4610,4450,4530,278272,-0.55
5576,2022-08-03,4530,4565,4485,4540,104628,0.22
5577,2022-08-04,4560,4600,4545,4600,235350,1.32
5578,2022-08-05,4750,4940,4620,4620,872554,0.43
5579,2022-08-08,4620,4665,4570,4630,136515,0.22
5580,2022-08-09,4720,4820,4610,4680,341454,1.08
5581,2022-08-10,4685,5140,4630,4915,3725440,5.02
5582,2022-08-11,5160,5160,4950,5050,1256225,2.75
5583,2022-08-12,5090,5120,4900,4910,683946,-2.77
5584,2022-08-16,4990,5080,4855,4880,439058,-0.61
5585,2022-08-17,4870,4950,4520,4690,551574,-3.89
5586,2022-08-18,4645,4690,4450,4620,486304,-1.49
5587,2022-08-19,4620,4690,4585,4615,196132,-0.11
5588,2022-08-22,4565,4565,4390,4410,282041,-4.44
5589,2022-08-23,4350,4505,4310,4500,223723,2.04
5590,2022-08-24,4535,5260,4530,4920,7659593,9.33
5591,2022-08-25,4990,5130,4920,5010,1494346,1.83
5592,2022-08-26,5160,5250,5070,5220,2520009,4.19
5593,2022-08-29,4965,5150,4960,5020,1059590,-3.83
5594,2022-08-30,5080,5120,4795,4875,844555,-2.89
5595,2022-08-31,4850,4920,4785,4870,349012,-0.1
5596,2022-09-01,4845,4845,4560,4585,537102,-5.85
5597,2022-09-02,4615,4710,4605,4665,356872,1.74
5598,2022-09-05,4620,4680,4545,4575,277578,-1.93
5599,2022-09-06,4580,4695,4525,4570,271915,-0.11
5600,2022-09-07,4570,4570,4365,4410,348042,-3.5
5601,2022-09-08,4430,4475,4355,4355,224107,-1.25
5602,2022-09-13,4450,4545,4370,4545,239233,4.36
5603,2022-09-14,4330,4500,4330,4485,173695,-1.32
5604,2022-09-15,4500,4540,4465,4465,128085,-0.45
5605,2022-09-16,4465,4590,4430,4520,271056,1.23
5606,2022-09-19,4525,4540,4325,4325,227050,-4.31
5607,2022-09-20,4335,4505,4325,4420,164303,2.2
5608,2022-09-21,4375,4470,4310,4320,163918,-2.26
5609,2022-09-22,4320,4320,4100,4235,230273,-1.97
5610,2022-09-23,4245,4570,4150,4200,570387,-0.83
5611,2022-09-26,4200,4950,4110,4235,8391414,0.83
5612,2022-09-27,4245,4420,3850,3990,1167938,-5.79
5613,2022-09-28,3950,3990,3660,3725,725139,-6.64
5614,2022-09-29,3775,3895,3705,3705,361516,-0.54
5615,2022-09-30,3620,3740,3550,3700,315894,-0.13
5616,2022-10-04,3730,3890,3725,3890,257724,5.14
5617,2022-10-05,3955,3955,3810,3870,239874,-0.51
5618,2022-10-06,3870,3945,3870,3920,213054,1.29
5619,2022-10-07,3930,4065,3920,3920,320090,0.0
5620,2022-10-11,3860,3885,3665,3695,198634,-5.74
5621,2022-10-12,3705,3710,3620,3665,154047,-0.81
5622,2022-10-13,3635,3660,3470,3470,199097,-5.32
5623,2022-10-14,3530,3650,3510,3595,179342,3.6
5624,2022-10-17,3520,3695,3470,3695,212555,2.78
5625,2022-10-18,3770,3880,3715,3875,251031,4.87
5626,2022-10-19,3900,3900,3675,3785,147996,-2.32
5627,2022-10-20,3815,3825,3730,3760,89266,-0.66
5628,2022-10-21,3735,3845,3695,3695,110627,-1.73
5629,2022-10-24,3775,3830,3745,3790,134043,2.57
5630,2022-10-25,3800,3825,3740,3775,90291,-0.4
5631,2022-10-26,3795,4095,3695,3730,704866,-1.19
5632,2022-10-27,3750,3920,3750,3895,344346,4.42
5633,2022-10-28,3910,3940,3880,3890,189497,-0.13
5634,2022-10-31,3935,3940,3860,3910,132531,0.51
5635,2022-11-01,3890,4025,3890,4000,230280,2.3
5636,2022-11-02,4005,4025,3955,3985,143656,-0.38
5637,2022-11-03,3940,3990,3905,3980,88588,-0.13
5638,2022-11-04,3975,4005,3925,3935,74738,-1.13
5639,2022-11-07,3925,4010,3925,4010,97860,1.91
5640,2022-11-08,4010,4070,4005,4060,116076,1.25
5641,2022-11-09,4090,4090,4035,4060,75490,0.0
5642,2022-11-10,4010,4845,3990,4450,10940028,9.61
5643,2022-11-11,4620,5280,4485,5260,13950107,18.2
5644,2022-11-14,5260,5420,5200,5260,3011576,0.0
5645,2022-11-15,5310,5350,5100,5230,1403066,-0.57
5646,2022-11-16,5230,5230,4920,5040,1050546,-3.63
5647,2022-11-17,5090,5330,4845,4875,1997678,-3.27
5648,2022-11-18,4875,5090,4800,4900,771411,0.51
5649,2022-11-21,4900,5190,4845,4995,1039157,1.94
5650,2022-11-22,5040,5170,4995,5120,861715,2.5
5651,2022-11-23,5160,5330,4935,5000,1939498,-2.34
5652,2022-11-24,5140,5220,5090,5170,1274478,3.4
5653,2022-11-25,5250,5700,5100,5310,9366888,2.71
5654,2022-11-28,5330,5560,5110,5110,2573980,-3.77
5655,2022-11-29,5170,5330,4965,5000,1283116,-2.15
5656,2022-11-30,4970,5010,4875,4885,563011,-2.3
5657,2022-12-01,4935,5030,4865,5000,649105,2.35
5658,2022-12-02,5000,5010,4720,4755,608432,-4.9
5659,2022-12-05,4750,4795,4595,4640,393486,-2.42
5660,2022-12-06,4570,4580,4485,4490,292746,-3.23
5661,2022-12-07,4420,4555,4415,4485,192780,-0.11
5662,2022-12-08,4485,4495,4315,4415,259131,-1.56
5663,2022-12-09,4425,4615,4360,4440,434337,0.57
5664,2022-12-12,4380,4445,4370,4380,122004,-1.35
5665,2022-12-13,4385,4465,4370,4440,167312,1.37
5666,2022-12-14,4430,4540,4405,4490,192881,1.13
5667,2022-12-15,4455,4595,4455,4595,274032,2.34
5668,2022-12-16,4550,4685,4550,4625,505514,0.65
5669,2022-12-19,4620,4650,4495,4520,235915,-2.27
5670,2022-12-20,4450,4505,4265,4285,378816,-5.2
5671,2022-12-21,4300,4355,4270,4355,135899,1.63
5672,2022-12-22,4360,4475,4360,4430,173097,1.72
5673,2022-12-23,4360,4365,4280,4285,195472,-3.27
5674,2022-12-26,4280,4285,4150,4150,206505,-3.15
5675,2022-12-27,4110,4225,4110,4215,109210,1.57
5676,2022-12-28,4215,4270,4155,4200,116721,-0.36
5677,2022-12-29,4130,4180,3995,4010,160592,-4.52
5678,2023-01-02,3950,4055,3840,3900,169066,-2.74
5679,2023-01-03,3840,3950,3755,3950,176450,1.28
5680,2023-01-04,3900,3980,3815,3970,101179,0.51
5681,2023-01-05,4050,4060,3870,3980,199374,0.25
5682,2023-01-06,3920,4100,3920,4050,127833,1.76
5683,2023-01-09,4075,4120,4070,4100,81857,1.23
5684,2023-01-10,4270,4690,4200,4205,1660118,2.56
5685,2023-01-11,4240,4275,4210,4245,151454,0.95
5686,2023-01-12,4245,4310,4240,4255,169924,0.24
5687,2023-01-13,4260,4320,4260,4285,113939,0.71
5688,2023-01-16,4265,4330,4265,4290,119931,0.12
5689,2023-01-17,4290,4320,4270,4305,130475,0.35
5690,2023-01-18,4390,4390,4205,4245,168920,-1.39
5691,2023-01-19,4220,4265,4205,4230,99155,-0.35
5692,2023-01-20,4180,4290,4170,4290,154623,1.42
5693,2023-01-25,4345,4355,4260,4315,162407,0.58
5694,2023-01-26,4300,4395,4300,4365,193328,1.16
5695,2023-01-27,4400,4430,4350,4380,157252,0.34
5696,2023-01-30,4385,4450,4360,4435,176079,1.26
5697,2023-01-31,4425,4470,4400,4440,122912,0.11
5698,2023-02-01,4435,4500,4425,4445,107379,0.11
5699,2023-02-02,4460,4480,4435,4440,119504,-0.11
5700,2023-02-03,4440,4465,4385,4390,118246,-1.13
5701,2023-02-06,4390,4455,4305,4445,134825,1.25
5702,2023-02-07,4445,4480,4395,4410,107534,-0.79
5703,2023-02-08,4410,4445,4385,4385,86601,-0.57
5704,2023-02-09,4385,4435,4375,4400,89482,0.34
5705,2023-02-10,4395,4395,4280,4345,111522,-1.25
5706,2023-02-13,4260,4355,4230,4330,112525,-0.35
5707,2023-02-14,4330,4375,4305,4320,73196,-0.23
5708,2023-02-15,4320,4355,4125,4160,155773,-3.7
5709,2023-02-16,4160,4215,4135,4180,158585,0.48
5710,2023-02-17,4135,4265,4125,4230,127164,1.2
5711,2023-02-20,4190,4260,4185,4240,61193,0.24
5712,2023-02-21,4250,4295,4245,4260,79558,0.47
5713,2023-02-22,4245,4265,4165,4175,101095,-2.0
5714,2023-02-23,4150,4200,4110,4160,80699,-0.36
5715,2023-02-24,4165,4165,4055,4065,121840,-2.28
5716,2023-02-27,4045,4050,3990,4040,100439,-0.62
5717,2023-02-28,4025,4120,4025,4040,76456,0.0
5718,2023-03-02,4025,4130,4025,4095,87628,1.36
5719,2023-03-03,4095,4125,4040,4085,76751,-0.24
5720,2023-03-06,4095,4115,4045,4105,93058,0.49
5721,2023-03-07,4090,4150,4050,4150,80816,1.1
5722,2023-03-08,4065,4110,4040,4040,115646,-2.65
5723,2023-03-09,4040,4075,3990,4020,111347,-0.5
5724,2023-03-10,3990,4080,3975,4000,129189,-0.5
5725,2023-03-13,3930,4050,3830,4045,190129,1.12
5726,2023-03-14,4130,4140,3970,3995,312939,-1.24
5727,2023-03-15,4070,4255,4070,4195,450518,5.01
5728,2023-03-16,4155,4205,4085,4110,142019,-2.03
5729,2023-03-17,4155,4195,4065,4160,110616,1.22
5730,2023-03-20,4155,4215,4140,4190,81380,0.72
5731,2023-03-21,4175,4210,4115,4135,60191,-1.31
5732,2023-03-22,4160,4165,4065,4080,106813,-1.33
5733,2023-03-23,4015,4075,3985,4010,134956,-1.72
5734,2023-03-24,4025,4075,3960,4075,114627,1.62
5735,2023-03-27,4065,4065,3960,3990,91135,-2.09
5736,2023-03-28,3990,4060,3985,4030,91266,1.0
5737,2023-03-29,4020,4080,3990,4080,118640,1.24
5738,2023-03-30,4095,4100,4045,4100,83457,0.49
5739,2023-03-31,4120,4120,4040,4050,63270,-1.22
5740,2023-04-03,4065,4115,4010,4095,107307,1.11
5741,2023-04-04,4095,4170,4095,4135,133917,0.98
5742,2023-04-05,4135,4160,4110,4125,81147,-0.24
5743,2023-04-06,4110,4170,4085,4135,110579,0.24
5744,2023-04-07,4150,4165,4070,4090,112443,-1.09
5745,2023-04-10,4070,4070,3995,4010,160735,-1.96
5746,2023-04-11,4025,4110,4005,4080,128486,1.75
5747,2023-04-12,4050,4130,4050,4095,107233,0.37
5748,2023-04-13,4115,4140,4035,4140,117575,1.1
5749,2023-04-14,4170,4725,4155,4395,5474968,6.16
5750,2023-04-17,4390,4460,4310,4455,625276,1.37
5751,2023-04-18,4410,4460,4350,4445,323442,-0.22
5752,2023-04-19,4405,4535,4405,4480,475846,0.79
5753,2023-04-20,4540,4945,4450,4455,2639127,-0.56
5754,2023-04-21,4420,4445,4250,4330,380352,-2.81
5755,2023-04-24,4270,4320,4210,4250,220568,-1.85
5756,2023-04-25,4250,4270,4090,4150,197471,-2.35
5757,2023-04-26,4100,4190,4075,4130,153323,-0.48
5758,2023-04-27,4150,4200,4040,4095,145834,-0.85
5759,2023-04-28,4170,4295,4060,4100,261051,0.12
5760,2023-05-02,4100,4235,4065,4215,163713,2.8
