,Date,Open,High,Low,Close,Volume,Change
0,2014-12-29,36724,36724,36450,36451,247053,NaN
1,2014-12-30,36450,36450,36359,36451,62921,0.0
2,2015-01-02,36450,36633,36359,36451,21865,0.0
3,2015-01-05,36541,36541,36450,36451,79177,0.0
4,2015-01-06,36541,36541,36359,36542,21001,0.25
5,2015-01-07,36541,36541,36450,36542,79699,0.0
6,2015-01-08,36541,36997,36541,36633,48862,0.25
7,2015-01-09,36815,38273,36815,38273,64730,4.48
8,2015-01-12,38273,38273,37726,38182,55157,-0.24
9,2015-01-13,38182,38273,38091,38273,14505,0.24
10,2015-01-14,38273,38455,36724,38000,124157,-0.71
11,2015-01-15,37908,38182,37362,38182,7869,0.48
12,2015-01-16,38182,38546,38182,38456,9564,0.72
13,2015-01-19,39093,39093,38091,38182,29669,-0.71
14,2015-01-20,38273,38364,38000,38273,19815,0.24
15,2015-01-21,40095,40095,38364,38638,5380,0.95
16,2015-01-22,39093,39366,38273,38273,33007,-0.94
17,2015-01-23,39002,39093,38091,38182,36490,-0.24
18,2015-01-26,38182,40460,37908,39002,19472,2.15
19,2015-01-27,39184,39640,38546,39640,20419,1.64
20,2015-01-28,40095,40095,39093,40096,26403,1.15
21,2015-01-29,40460,40460,40004,40369,27476,0.68
22,2015-01-30,40460,41736,40369,41372,35582,2.48
23,2015-02-02,41827,41827,41371,41736,14745,0.88
24,2015-02-03,43558,43558,42009,42192,17447,1.09
25,2015-02-04,43376,43376,42282,42739,9977,1.3
26,2015-02-05,43741,43741,41280,42101,12579,-1.49
27,2015-02-06,42282,42282,41098,41189,2835,-2.17
28,2015-02-09,41918,41918,40369,40552,9421,-1.55
29,2015-02-10,42465,42465,39184,40096,6183,-1.12
30,2015-02-11,40095,40278,39366,39914,7796,-0.45
31,2015-02-12,40460,40642,39913,40643,46802,1.83
32,2015-02-13,41827,41827,39184,39549,31305,-2.69
33,2015-02-16,39731,45381,39731,41098,43843,3.92
34,2015-02-17,42738,43741,41645,42830,74949,4.21
35,2015-02-23,42829,47659,42465,42465,43876,-0.85
36,2015-02-24,44470,44470,41736,41827,21407,-1.5
37,2015-02-25,43741,43741,40460,41007,34002,-1.96
38,2015-02-26,42282,42829,40369,40825,28744,-0.44
39,2015-02-27,43649,43649,40187,41281,58604,1.12
40,2015-03-02,43923,43923,40095,41098,24969,-0.44
41,2015-03-03,42374,42374,41736,41736,1041,1.55
42,2015-03-04,41918,42829,41098,42283,51497,1.31
43,2015-03-05,41918,43011,41918,42647,18635,0.86
44,2015-03-06,42374,43741,42374,43012,21382,0.86
45,2015-03-09,43923,43923,41098,43559,24909,1.27
46,2015-03-10,43923,43923,41007,43285,2183,-0.63
47,2015-03-11,41371,43103,41371,43012,1280,-0.63
48,2015-03-12,43741,43741,40187,41189,51681,-4.24
49,2015-03-13,41280,41280,39822,40643,24032,-1.33
50,2015-03-16,40733,41462,40095,41463,6107,2.02
51,2015-03-17,42556,42556,40095,41918,12260,1.1
52,2015-03-18,43649,43649,41645,42830,3695,2.18
53,2015-03-19,43376,43376,41462,42739,1785,-0.21
54,2015-03-20,42738,44561,42465,42465,16524,-0.64
55,2015-03-23,42738,43649,41918,43194,28503,1.72
56,2015-03-24,43194,47021,43194,45564,99050,5.49
57,2015-03-25,47750,48935,43376,45928,114844,0.8
58,2015-03-26,45928,45928,44743,45290,50999,-1.39
59,2015-03-27,45290,46383,44652,46384,48673,2.42
60,2015-03-30,47386,48844,46565,48753,88371,5.11
61,2015-03-31,50118,56043,50118,56043,959531,14.95
62,2015-04-01,0,0,0,56043,0,0.0
63,2015-04-02,0,0,0,56043,0,0.0
64,2015-04-03,0,0,0,56043,0,0.0
65,2015-04-06,0,0,0,56043,0,0.0
66,2015-04-07,0,0,0,56043,0,0.0
67,2015-04-08,0,0,0,56043,0,0.0
68,2015-04-09,0,0,0,56043,0,0.0
69,2015-04-10,0,0,0,56043,0,0.0
70,2015-04-13,0,0,0,56043,0,0.0
71,2015-04-14,0,0,0,56043,0,0.0
72,2015-04-15,0,0,0,56043,0,0.0
73,2015-04-16,0,0,0,56043,0,0.0
74,2015-04-17,0,0,0,56043,0,0.0
75,2015-04-20,0,0,0,56043,0,0.0
76,2015-04-21,0,0,0,56043,0,0.0
77,2015-04-22,0,0,0,56043,0,0.0
78,2015-04-23,0,0,0,56043,0,0.0
79,2015-04-24,0,0,0,56043,0,0.0
80,2015-04-27,0,0,0,56043,0,0.0
81,2015-04-28,0,0,0,56043,0,0.0
82,2015-04-29,0,0,0,56043,0,0.0
83,2015-04-30,0,0,0,56043,0,0.0
84,2015-05-04,0,0,0,56043,0,0.0
85,2015-05-06,0,0,0,56043,0,0.0
86,2015-05-07,0,0,0,56043,0,0.0
87,2015-05-08,0,0,0,56043,0,0.0
88,2015-05-11,0,0,0,56043,0,0.0
89,2015-05-12,0,0,0,56043,0,0.0
90,2015-05-13,0,0,0,56043,0,0.0
91,2015-05-14,0,0,0,56043,0,0.0
92,2015-05-15,0,0,0,56043,0,0.0
93,2015-05-18,0,0,0,56043,0,0.0
94,2015-05-19,0,0,0,56043,0,0.0
95,2015-05-20,0,0,0,56043,0,0.0
96,2015-05-21,0,0,0,56043,0,0.0
97,2015-05-22,0,0,0,56043,0,0.0
98,2015-05-26,0,0,0,56043,0,0.0
99,2015-05-27,0,0,0,56043,0,0.0
100,2015-05-28,0,0,0,56043,0,0.0
101,2015-05-29,0,0,0,56043,0,0.0
102,2015-06-01,56043,56043,47659,47659,632733,-14.96
103,2015-06-02,40551,47294,40551,41098,2027539,-13.77
104,2015-06-03,41007,45107,40278,43377,513901,5.55
105,2015-06-04,42829,43695,39366,41007,190425,-5.46
106,2015-06-05,41006,41827,35949,35950,444384,-12.33
107,2015-06-08,36177,39093,33762,37362,474779,3.93
108,2015-06-09,36496,39913,36450,38273,294960,2.44
109,2015-06-10,39230,43741,38273,41463,376632,8.33
110,2015-06-11,41462,47659,39640,47477,564925,14.5
111,2015-06-12,49573,52671,45107,48024,491266,1.15
112,2015-06-15,46839,50119,45062,45564,180224,-5.12
113,2015-06-16,45563,46110,42784,45564,150951,0.0
114,2015-06-17,45563,46292,44971,46019,64826,1.0
115,2015-06-18,46019,46383,44652,44926,92138,-2.38
116,2015-06-19,44470,46019,43741,46019,64436,2.43
117,2015-06-22,45745,48023,45290,46019,76980,0.0
118,2015-06-23,46019,46110,44652,45472,69771,-1.19
119,2015-06-24,46383,46383,44561,45108,63916,-0.8
120,2015-06-25,45153,47294,44652,46930,104104,4.04
121,2015-06-26,47021,49573,45745,47751,92421,1.75
122,2015-06-29,47386,51942,47386,49209,247295,3.05
123,2015-06-30,49117,53764,49117,52216,141296,6.11
124,2015-07-01,54220,54676,50940,54676,126847,4.71
125,2015-07-02,54220,55131,54220,54950,137925,0.5
126,2015-07-03,54949,55587,54220,55588,76098,1.16
127,2015-07-06,55677,62422,55677,61055,201334,9.83
128,2015-07-07,63788,74359,59232,63698,443337,4.33
129,2015-07-08,62786,66522,58321,66341,204836,4.15
130,2015-07-09,61966,67434,61966,67070,131328,1.1
131,2015-07-10,67434,70714,63333,63698,82899,-5.03
132,2015-07-13,63788,70076,63788,68983,149879,8.3
133,2015-07-14,70988,72810,66522,69803,87380,1.19
134,2015-07-15,71624,71624,64700,66523,113851,-4.7
135,2015-07-16,66613,68254,61055,61146,142796,-8.08
136,2015-07-17,63606,63971,61055,62513,132676,2.24
137,2015-07-20,63424,65338,62513,64700,91869,3.5
138,2015-07-21,66522,66522,62057,62878,70379,-2.82
139,2015-07-22,62239,66340,62239,64427,46579,2.46
140,2015-07-23,64517,68253,64517,67434,68153,4.67
141,2015-07-24,67707,67889,66067,66796,44528,-0.95
142,2015-07-27,67707,67707,63515,64427,35969,-3.55
143,2015-07-28,64426,64426,59232,61055,101243,-5.23
144,2015-07-29,64973,64973,61055,61237,86799,0.3
145,2015-07-30,63697,63697,59961,61237,87189,0.0
146,2015-07-31,63515,63515,60781,63424,40268,3.57
147,2015-08-03,62239,65520,61966,65065,95433,2.59
148,2015-08-04,65064,66249,63697,64609,41137,-0.7
149,2015-08-05,64062,64700,63697,64700,35633,0.14
150,2015-08-06,64609,65611,63242,63971,70099,-1.13
151,2015-08-07,63971,64882,61055,62513,102148,-2.28
152,2015-08-10,61237,62513,59414,60691,42569,-2.91
153,2015-08-11,62877,62877,58321,58321,46231,-3.91
154,2015-08-12,58230,58230,54676,55770,107618,-4.37
155,2015-08-13,55769,58139,55769,56590,50466,1.47
156,2015-08-17,56407,59050,55952,56134,50130,-0.81
157,2015-08-18,55223,56316,54038,55041,36971,-1.95
158,2015-08-19,53764,56043,50118,55314,49578,0.5
159,2015-08-20,51577,56225,49299,54676,62613,-1.15
160,2015-08-21,48661,53400,46930,49209,90682,-10.0
161,2015-08-24,46930,50484,45107,45108,85586,-8.33
162,2015-08-25,45153,52853,43467,50302,98165,11.51
163,2015-08-26,49208,54676,49208,53765,68484,6.88
164,2015-08-27,56589,56589,52853,54221,50488,0.85
165,2015-08-28,57683,57683,52124,56043,46312,3.36
166,2015-08-31,55769,57410,54949,56317,22413,0.49
167,2015-09-01,56316,57227,53764,55770,14349,-0.97
168,2015-09-02,54676,55678,50393,55314,36112,-0.82
169,2015-09-03,56681,58321,53856,55041,15143,-0.49
170,2015-09-04,56407,56407,51942,54950,30916,-0.17
171,2015-09-07,54676,54949,52580,53856,24459,-1.99
172,2015-09-08,54676,54676,52671,53583,18496,-0.51
173,2015-09-09,53582,54402,52853,53127,20918,-0.85
174,2015-09-10,54585,54676,50940,51942,56304,-2.23
175,2015-09-11,39184,39639,36358,36360,5255123,-30.0
176,2015-09-14,31894,35721,31302,33444,18754778,-8.02
177,2015-09-15,33762,34719,32122,32669,6745599,-2.32
178,2015-09-16,33306,34400,32532,32897,10767994,0.7
179,2015-09-17,32805,33124,29023,29981,13898024,-8.86
180,2015-09-18,29980,30846,29434,30710,5667493,2.43
181,2015-09-21,30482,32577,30117,32122,6409346,4.6
182,2015-09-22,32076,32395,31347,31439,2788018,-2.13
183,2015-09-23,31347,31347,29251,29252,3037157,-6.96
184,2015-09-24,29525,30709,28978,30528,2440148,4.36
185,2015-09-25,30436,30664,29525,29981,1085909,-1.79
186,2015-09-30,28568,28978,28067,28295,2029349,-5.62
187,2015-10-01,28659,30299,28249,29799,5190174,5.32
188,2015-10-02,29387,29661,28431,28523,2232060,-4.28
189,2015-10-05,28796,29115,27201,27293,3127197,-4.31
190,2015-10-06,27338,27520,25286,25789,4340699,-5.51
191,2015-10-07,25561,25788,24147,24285,3312482,-5.83
192,2015-10-08,25059,27930,25014,25835,9079947,6.38
193,2015-10-12,26609,27839,26016,26564,3233687,2.82
194,2015-10-13,26654,26791,25606,25835,1908606,-2.74
195,2015-10-14,25971,26244,25242,25333,1438679,-1.94
196,2015-10-15,25788,26654,25605,25743,2044007,1.62
197,2015-10-16,25925,25925,25378,25743,1122451,0.0
198,2015-10-19,26107,27155,26016,26791,3472484,4.07
199,2015-10-20,27064,27201,26290,26882,1899536,0.34
200,2015-10-21,27064,27429,26471,27429,2194416,2.03
201,2015-10-22,27792,28932,27247,28842,6294520,5.15
202,2015-10-23,29525,29525,27611,28978,3614087,0.47
203,2015-10-26,28932,29206,28294,29161,2171175,0.63
204,2015-10-27,29388,29434,27884,27885,2637323,-4.38
205,2015-10-28,27839,28386,26973,27293,1625544,-2.12
206,2015-10-29,27611,28705,27520,27612,1146427,1.17
207,2015-10-30,27657,28978,27657,28887,1729590,4.62
208,2015-11-02,28978,30800,28705,30436,3547133,5.36
209,2015-11-03,30208,31028,29980,30072,2767960,-1.2
210,2015-11-04,29434,30071,28705,30072,2011429,0.0
211,2015-11-05,30527,31302,29297,30254,4226591,0.61
212,2015-11-06,31211,32258,30573,31393,6691808,3.76
213,2015-11-09,31438,31621,27793,28432,5295098,-9.43
214,2015-11-10,28340,28340,25970,26472,3723671,-6.89
215,2015-11-11,26244,27201,26244,26974,1381937,1.9
216,2015-11-12,27292,27792,26882,27384,1270175,1.52
217,2015-11-13,26791,27338,26426,26427,1084643,-3.49
218,2015-11-16,25561,26290,25014,25060,1549218,-5.17
219,2015-11-17,25378,27155,25378,26381,1573126,5.27
220,2015-11-18,26107,26745,24923,25561,1242467,-3.11
221,2015-11-19,26335,26654,25697,25835,1555359,1.07
222,2015-11-20,26153,26745,25743,26655,1124580,3.17
223,2015-11-23,26882,27565,26426,26427,1290717,-0.86
224,2015-11-24,26700,26700,25834,26427,1032041,0.0
225,2015-11-25,26517,26836,26016,26017,890654,-1.55
226,2015-11-26,26609,26700,25924,25971,1334235,-0.18
227,2015-11-27,26107,26244,25652,26017,1192897,0.18
228,2015-11-30,25561,25971,24877,25288,1495910,-2.8
229,2015-12-01,25605,25697,24741,25197,1546970,-0.36
230,2015-12-02,26107,27976,25880,26609,6645755,5.6
231,2015-12-03,26654,27976,26517,26609,4238131,0.0
232,2015-12-04,26381,26381,25515,25652,3006324,-3.6
233,2015-12-07,26381,28658,26153,27794,10137349,8.35
234,2015-12-08,28158,28158,26517,27065,4631943,-2.62
235,2015-12-09,27884,31165,27611,29753,26479462,9.93
236,2015-12-10,29250,31621,29023,31029,14169190,4.29
237,2015-12-11,31165,31256,29342,29981,5132416,-3.38
238,2015-12-14,28886,29160,27201,27201,5576052,-9.27
239,2015-12-15,27474,28021,26335,26427,4458927,-2.85
240,2015-12-16,26562,27656,26380,26518,3985177,0.34
241,2015-12-17,26928,27019,26244,26245,3126063,-1.03
242,2015-12-18,26836,30026,26609,28887,16870623,10.07
243,2015-12-21,29160,30664,28978,29343,9549536,1.58
244,2015-12-22,29707,29935,28157,28842,4527698,-1.71
245,2015-12-23,29525,30163,28522,28614,9029682,-0.79
246,2015-12-24,28978,29342,27793,27976,5628387,-2.23
247,2015-12-28,28477,29935,28157,29935,9981331,7.0
248,2015-12-29,30345,32441,30163,31393,16580022,4.87
249,2015-12-30,31484,35174,30618,33763,19395506,7.55
250,2016-01-04,33762,36314,33443,35540,20126164,5.26
251,2016-01-05,35539,36541,34446,36086,20552453,1.54
252,2016-01-06,35038,37544,34673,36542,21516172,1.26
253,2016-01-07,36906,37954,35448,35676,13689673,-2.37
254,2016-01-08,34582,37270,33899,36451,13266255,2.17
255,2016-01-11,36906,37407,35174,35403,8023080,-2.88
256,2016-01-12,35812,36405,34172,34218,6357088,-3.35
257,2016-01-13,34992,36314,34035,36269,8300572,5.99
258,2016-01-14,35357,35857,34764,35540,5964777,-2.01
259,2016-01-15,36177,37589,35402,35950,13693592,1.15
260,2016-01-18,35266,36268,35083,35084,4277684,-2.41
261,2016-01-19,34490,35812,34172,34446,6982801,-1.82
262,2016-01-20,35630,38637,35630,37362,31416382,8.47
263,2016-01-21,0,0,0,37362,0,0.0
264,2016-01-22,0,0,0,37362,0,0.0
265,2016-01-25,0,0,0,37362,0,0.0
266,2016-01-26,0,0,0,37362,0,0.0
267,2016-01-27,0,0,0,37362,0,0.0
268,2016-01-28,0,0,0,37362,0,0.0
269,2016-01-29,0,0,0,37362,0,0.0
270,2016-02-01,0,0,0,37362,0,0.0
271,2016-02-02,0,0,0,37362,0,0.0
272,2016-02-03,0,0,0,37362,0,0.0
273,2016-02-04,0,0,0,37362,0,0.0
274,2016-02-05,0,0,0,37362,0,0.0
275,2016-02-11,0,0,0,37362,0,0.0
276,2016-02-12,34628,35494,26199,26381,2501646,-29.39
277,2016-02-15,26882,28158,25196,26153,888228,-0.86
278,2016-02-16,26882,29980,26700,29161,1075938,11.5
279,2016-02-17,28613,29434,27793,27839,489989,-4.53
280,2016-02-18,29069,29069,28021,28022,302239,0.66
281,2016-02-19,27976,28021,27019,27384,320831,-2.28
282,2016-02-22,27383,29297,27064,28978,498758,5.82
283,2016-02-23,29661,30527,28932,29024,492525,0.16
284,2016-02-24,29570,29980,29206,29343,362895,1.1
285,2016-02-25,29388,29616,28522,29070,253298,-0.93
286,2016-02-26,29160,29251,28249,28295,237338,-2.67
287,2016-02-29,28294,28613,27338,27338,291420,-3.38
288,2016-03-02,27839,30117,27611,29297,903116,7.17
289,2016-03-03,29707,29707,28613,28705,334830,-2.02
290,2016-03-04,29069,29069,27884,28158,288961,-1.91
291,2016-03-07,28294,28294,26836,27201,508243,-3.4
292,2016-03-08,27155,27201,26153,26746,397585,-1.67
293,2016-03-09,26745,27748,26472,27338,286048,2.21
294,2016-03-10,27611,27657,26791,27293,261216,-0.16
295,2016-03-11,27338,27338,26290,26882,373827,-1.51
296,2016-03-14,26882,27155,26335,26336,210822,-2.03
297,2016-03-15,26290,26609,25333,25926,366094,-1.56
298,2016-03-16,25925,26563,25606,25789,266958,-0.53
299,2016-03-17,26062,26472,25652,25835,200814,0.18
300,2016-03-18,25652,26107,25333,25652,369518,-0.71
301,2016-03-21,25834,27110,25606,26700,480841,4.09
302,2016-03-22,27201,27748,26791,27703,455102,3.76
303,2016-03-23,28067,28067,27338,27338,231461,-1.32
304,2016-03-24,27474,28067,27292,27338,253210,0.0
305,2016-03-25,27201,27565,27064,27156,150411,-0.67
306,2016-03-28,26973,27383,26199,26381,202754,-2.85
307,2016-03-29,26426,27155,26244,26609,129122,0.86
308,2016-03-30,26745,27064,25971,26381,277398,-0.86
309,2016-03-31,27702,28067,27201,27520,510201,4.32
310,2016-04-01,27839,29023,27748,28477,434785,3.48
311,2016-04-04,29023,29342,28750,28796,289735,1.12
312,2016-04-05,28796,28978,28158,28751,205682,-0.16
313,2016-04-06,28796,29160,28613,28796,183926,0.16
314,2016-04-07,29160,29707,28841,29343,246730,1.9
315,2016-04-08,29206,29525,28659,28978,166268,-1.24
316,2016-04-11,28796,28932,28021,28341,185983,-2.2
317,2016-04-12,28887,29251,28340,28386,154321,0.16
318,2016-04-14,28431,28477,27748,28158,202325,-0.8
319,2016-04-15,28568,29023,28249,28659,263656,1.78
320,2016-04-18,28522,28522,27839,27885,201220,-2.7
321,2016-04-19,28067,28158,26426,27612,223068,-0.98
322,2016-04-20,27611,27702,27338,27429,125570,-0.66
323,2016-04-21,27474,27565,26836,27293,204082,-0.5
324,2016-04-22,27155,27748,27064,27384,108619,0.33
325,2016-04-25,27338,27565,26928,26928,146464,-1.67
326,2016-04-26,27019,27155,26654,26928,149504,0.0
327,2016-04-27,26836,27064,26381,26427,243892,-1.86
328,2016-04-28,26654,26654,26290,26427,126949,0.0
329,2016-04-29,26426,26517,25971,25971,167812,-1.73
330,2016-05-02,25971,26700,25834,26153,167515,0.7
331,2016-05-03,25925,26335,25743,26336,158470,0.7
332,2016-05-04,26335,26472,26016,26108,137549,-0.87
333,2016-05-09,26153,26609,25971,26062,119860,-0.18
334,2016-05-10,26062,26335,25697,26153,150564,0.35
335,2016-05-11,26381,26882,26199,26837,166435,2.62
336,2016-05-12,26836,27019,26563,26746,131749,-0.34
337,2016-05-13,26745,26791,26335,26472,111482,-1.02
338,2016-05-16,26472,27064,26290,27065,175603,2.24
339,2016-05-17,27338,27474,26700,27065,177326,0.0
340,2016-05-18,26791,27019,25971,26062,216677,-3.71
341,2016-05-19,26153,26426,25880,25971,94331,-0.35
342,2016-05-20,25971,26791,25880,26655,124272,2.63
343,2016-05-23,26700,27155,26609,26882,155359,0.85
344,2016-05-24,27064,27474,26882,27201,278234,1.19
345,2016-05-25,27611,27611,26836,26882,166561,-1.17
346,2016-05-26,26882,26928,26609,26882,98783,0.0
347,2016-05-27,26700,27019,26472,26791,111190,-0.34
348,2016-05-30,26882,27247,26745,27065,121550,1.02
349,2016-05-31,27064,28887,26882,28887,530227,6.73
350,2016-06-01,28796,29251,28568,28978,349243,0.32
351,2016-06-02,29342,29388,28841,29024,249639,0.16
352,2016-06-03,29206,29342,28522,28978,283498,-0.16
353,2016-06-07,29342,29661,29023,29252,281299,0.95
354,2016-06-08,29388,30527,28386,28386,704710,-2.96
355,2016-06-09,28568,28705,27657,28295,375885,-0.32
356,2016-06-10,28477,30345,28067,30300,566514,7.09
357,2016-06-13,30436,31438,29844,30026,587476,-0.9
358,2016-06-14,29616,30071,29023,29480,309261,-1.82
359,2016-06-15,29434,29616,28705,28978,256344,-1.7
360,2016-06-16,28887,29251,27793,28067,323613,-3.14
361,2016-06-17,28112,28431,27429,27657,211059,-1.46
362,2016-06-20,27657,28158,27429,27657,216210,0.0
363,2016-06-21,27793,28021,26973,27110,253788,-1.98
364,2016-06-22,27019,27884,27019,27247,160239,0.51
365,2016-06-23,27110,27247,26335,26700,236457,-2.01
366,2016-06-24,27247,27292,24148,24741,696940,-7.34
367,2016-06-27,23829,24968,23693,24604,309981,-0.55
368,2016-06-28,24239,25424,24194,25060,192168,1.85
369,2016-06-29,25424,25971,25333,25743,165840,2.73
370,2016-06-30,25971,25971,25515,25607,128237,-0.53
371,2016-07-01,25697,25971,25606,25926,106055,1.25
372,2016-07-04,26062,26517,25834,26153,127178,0.88
373,2016-07-05,26381,26928,26381,26746,160161,2.27
374,2016-07-06,26472,26609,25880,25926,144585,-3.07
375,2016-07-07,25971,26381,25925,26062,100872,0.52
376,2016-07-08,26290,26290,25196,25470,176987,-2.27
377,2016-07-11,25515,25697,25287,25516,86328,0.18
378,2016-07-12,25515,25880,25378,25561,91457,0.18
379,2016-07-13,25788,25834,25287,25379,142922,-0.71
380,2016-07-14,25378,25515,25105,25333,124181,-0.18
381,2016-07-15,25378,25561,24923,24969,149167,-1.44
382,2016-07-18,25515,26563,25424,26427,378878,5.84
383,2016-07-19,26472,26517,26062,26153,102418,-1.04
384,2016-07-20,26153,26517,26107,26290,87689,0.52
385,2016-07-21,26290,26335,25880,25926,131597,-1.38
386,2016-07-22,25925,26517,25925,26336,113614,1.58
387,2016-07-25,26882,27201,26472,26564,233612,0.87
388,2016-07-26,26426,26609,26107,26199,107987,-1.37
389,2016-07-27,26654,27019,26244,26427,158282,0.87
390,2016-07-28,26381,26700,26016,26153,99023,-1.04
391,2016-07-29,26381,26517,26153,26518,122801,1.4
392,2016-08-01,26609,26836,25925,26108,116212,-1.55
393,2016-08-02,26153,26335,25880,26153,80901,0.17
394,2016-08-03,26153,26153,25652,25652,119810,-1.92
395,2016-08-04,25880,26836,25834,26791,228957,4.44
396,2016-08-05,27019,27064,26517,26928,183940,0.51
397,2016-08-08,27247,27702,27019,27338,228759,1.52
398,2016-08-09,27383,27657,26609,26700,279566,-2.33
399,2016-08-10,27110,28112,26700,27930,409542,4.61
400,2016-08-11,28158,28158,27565,27885,177183,-0.16
401,2016-08-12,28021,28021,27520,27657,103722,-0.82
402,2016-08-16,27884,27976,26928,26974,139886,-2.47
403,2016-08-17,27019,27201,26745,26837,114727,-0.51
404,2016-08-18,26882,27110,26107,26518,190134,-1.19
405,2016-08-19,26335,26700,26016,26017,151551,-1.89
406,2016-08-22,26700,27338,26107,26199,150910,0.7
407,2016-08-23,26244,26517,26016,26108,74721,-0.35
408,2016-08-24,26153,26335,25971,25971,68698,-0.52
409,2016-08-25,26153,26199,25470,25607,154627,-1.4
410,2016-08-26,25834,25834,25515,25607,73685,0.0
411,2016-08-29,25470,25470,24968,25151,126737,-1.78
412,2016-08-30,25105,25378,24695,25333,126191,0.72
413,2016-08-31,25287,25287,24513,24741,116230,-2.34
414,2016-09-01,24741,24968,24649,24741,74616,0.0
415,2016-09-02,24786,25196,24741,24969,45492,0.92
416,2016-09-05,25105,25287,24923,25060,75844,0.36
417,2016-09-06,25059,25105,24832,24969,73215,-0.36
418,2016-09-07,25105,25105,24832,24832,73521,-0.55
419,2016-09-08,24877,25515,24604,25060,148494,0.92
420,2016-09-09,25242,25242,24649,24741,114611,-1.27
421,2016-09-12,24057,24467,23920,23921,131612,-3.31
422,2016-09-13,24103,24330,23510,23556,166330,-1.53
423,2016-09-19,23510,23875,23510,23647,53153,0.39
424,2016-09-20,23693,24103,23647,24012,70629,1.54
425,2016-09-21,24103,24239,23875,24012,60899,0.0
426,2016-09-22,24057,24330,23966,24103,66315,0.38
427,2016-09-23,24285,24376,24011,24376,68966,1.13
428,2016-09-26,24239,24604,24239,24468,56336,0.38
429,2016-09-27,24194,24422,24057,24422,52969,-0.19
430,2016-09-28,24330,24649,23875,24058,64143,-1.49
431,2016-09-29,24239,24376,24011,24376,40304,1.32
432,2016-09-30,24103,24422,23647,23693,106507,-2.8
433,2016-10-04,23693,23966,23510,23511,81764,-0.77
434,2016-10-05,23784,23829,22964,23101,97545,-1.74
435,2016-10-06,23100,23191,22235,22326,252549,-3.35
436,2016-10-07,22417,22462,21095,21324,334124,-4.49
437,2016-10-10,21323,22007,21323,21643,96708,1.5
438,2016-10-11,21688,21916,21004,21278,125386,-1.69
439,2016-10-12,21597,22690,21323,22189,205103,4.28
440,2016-10-13,22235,22553,21733,21871,51021,-1.43
441,2016-10-14,21824,21870,21414,21415,63630,-2.08
442,2016-10-17,21323,21369,20822,21141,93119,-1.28
443,2016-10-18,21004,21779,20640,21643,154729,2.37
444,2016-10-19,21870,22462,21688,22098,119805,2.1
445,2016-10-20,22280,22599,21916,22007,73736,-0.41
446,2016-10-21,21733,22189,21323,21506,93061,-2.28
447,2016-10-24,21414,21505,21004,21005,65637,-2.33
448,2016-10-25,21004,21050,19911,20002,247337,-4.78
449,2016-10-26,19637,19865,18635,18727,317628,-6.37
450,2016-10-27,18362,19592,18362,19410,233949,3.65
451,2016-10-28,19410,19501,18863,19228,87112,-0.94
452,2016-10-31,18863,19227,18316,18590,114537,-3.32
453,2016-11-01,18589,19501,18544,19365,93183,4.17
454,2016-11-02,19364,19364,18681,18863,83469,-2.59
455,2016-11-03,18498,19273,18498,19137,52794,1.45
456,2016-11-04,19091,19683,19000,19547,59162,2.14
457,2016-11-07,19501,19592,19136,19456,54770,-0.47
458,2016-11-08,19455,20139,19455,19638,110631,0.94
459,2016-11-09,19911,19911,17359,18362,339941,-6.5
460,2016-11-10,19182,19455,18863,19182,152099,4.47
461,2016-11-11,19318,20184,18954,20002,181846,4.27
462,2016-11-14,20047,20047,19729,19866,55220,-0.68
463,2016-11-15,19774,19956,19455,19592,85116,-1.38
464,2016-11-16,19501,19956,19455,19866,57561,1.4
465,2016-11-17,19911,20002,19455,19866,49172,0.0
466,2016-11-18,19683,20139,19501,19820,72943,-0.23
467,2016-11-21,19820,19820,19455,19547,50482,-1.38
468,2016-11-22,19546,19911,19410,19820,73603,1.4
469,2016-11-23,19865,19956,19318,19456,60186,-1.84
470,2016-11-24,19318,19546,18589,18681,72962,-3.98
471,2016-11-25,18407,19136,18362,18818,66201,0.73
472,2016-11-28,18817,19000,18589,18818,34018,0.0
473,2016-11-29,18681,18954,18453,18772,66178,-0.24
474,2016-11-30,18817,18908,18589,18863,53511,0.48
475,2016-12-01,18817,18954,18589,18818,38796,-0.24
476,2016-12-02,18817,18817,18453,18544,42101,-1.46
477,2016-12-05,18270,18362,17724,17724,101523,-4.42
478,2016-12-06,17769,17997,17587,17724,75379,0.0
479,2016-12-07,17769,18043,17314,17679,62200,-0.25
480,2016-12-08,17587,18316,17587,17998,66792,1.8
481,2016-12-09,17860,18453,17815,18362,58315,2.02
482,2016-12-12,18681,19136,18498,18544,80895,0.99
483,2016-12-13,18544,18863,18362,18681,104942,0.74
484,2016-12-14,18726,18863,18498,18499,63636,-0.97
485,2016-12-15,18453,18772,18407,18499,95313,0.0
486,2016-12-16,18544,18681,18362,18453,60245,-0.25
487,2016-12-19,18453,18635,17906,17952,110100,-2.72
488,2016-12-20,18043,18088,17860,17861,38703,-0.51
489,2016-12-21,17906,17997,17450,17724,126555,-0.77
490,2016-12-22,17496,17678,16904,17132,184576,-3.34
491,2016-12-23,17040,17177,16630,16813,176510,-1.86
492,2016-12-26,16995,17223,16812,16950,92210,0.81
493,2016-12-27,17086,18270,17086,18180,275892,7.26
494,2016-12-28,18316,18544,17906,18453,167811,1.5
495,2016-12-29,18225,18908,18134,18818,84270,1.98
496,2017-01-02,18954,19182,18453,18499,87707,-1.7
497,2017-01-03,18498,18954,18498,18954,80942,2.46
498,2017-01-04,18863,19318,18772,19091,77543,0.72
499,2017-01-05,18954,20002,18954,19683,162400,3.1
500,2017-01-06,19683,19911,19364,19775,66792,0.47
501,2017-01-09,19865,19865,19364,19365,57261,-2.07
502,2017-01-10,19364,19683,19136,19137,63496,-1.18
503,2017-01-11,19000,19546,19000,19273,61880,0.71
504,2017-01-12,19182,19501,18817,18818,97262,-2.36
505,2017-01-13,18817,19455,18772,19228,91109,2.18
506,2017-01-16,19546,19592,19045,19137,92577,-0.47
507,2017-01-17,19546,19956,19410,19866,156699,3.81
508,2017-01-18,19865,20047,19683,20002,79883,0.68
509,2017-01-19,20002,20139,19546,19683,81511,-1.59
510,2017-01-20,19364,19592,19091,19228,89408,-2.31
511,2017-01-23,19091,19410,18362,18408,123716,-4.26
512,2017-01-24,18270,18863,18270,18499,72887,0.49
513,2017-01-25,18498,18726,18179,18180,59486,-1.72
514,2017-01-26,18179,18589,18088,18544,53490,2.0
515,2017-01-31,18362,18681,18316,18544,24795,0.0
516,2017-02-01,18362,18544,18270,18453,50111,-0.49
517,2017-02-02,18498,19136,18407,18681,68420,1.24
518,2017-02-03,18726,19045,18453,19000,54444,1.71
519,2017-02-06,19000,19000,18589,18727,46108,-1.44
520,2017-02-07,18544,18635,18134,18544,84013,-0.98
521,2017-02-08,18635,18635,18088,18225,57917,-1.72
522,2017-02-09,18225,18453,18225,18317,40019,0.5
523,2017-02-10,18316,18589,18270,18499,41823,0.99
524,2017-02-13,18407,18726,18316,18727,58133,1.23
525,2017-02-14,18863,19410,18635,19410,120429,3.65
526,2017-02-15,19410,19820,19227,19501,125898,0.47
527,2017-02-16,19683,19729,18544,18681,219303,-4.2
528,2017-02-17,18681,19045,18453,18681,57759,0.0
529,2017-02-20,18498,18726,18407,18499,50820,-0.97
530,2017-02-21,18407,18772,18407,18681,50035,0.98
531,2017-02-22,18635,18772,18498,18544,50674,-0.73
532,2017-02-23,18544,18681,18316,18362,63850,-0.98
533,2017-02-24,18453,18635,18179,18499,65201,0.75
534,2017-02-27,18498,18863,18498,18863,61890,1.97
535,2017-02-28,18817,18863,18589,18863,70383,0.0
536,2017-03-02,18908,18954,18589,18818,50681,-0.24
537,2017-03-03,18635,18635,18134,18317,110516,-2.66
538,2017-03-06,18225,18316,17815,18180,78525,-0.75
539,2017-03-07,17997,18088,17815,18043,89740,-0.75
540,2017-03-08,17906,17997,17314,17314,125456,-4.04
541,2017-03-09,17223,17815,17223,17542,73094,1.32
542,2017-03-10,17405,17724,17314,17679,43008,0.78
543,2017-03-13,17906,18088,17633,17815,37373,0.77
544,2017-03-14,17769,17997,17587,17588,31979,-1.27
545,2017-03-15,18179,18179,17769,17770,41743,1.03
546,2017-03-16,18043,18088,17450,17588,50715,-1.02
547,2017-03-17,17587,17678,17314,17679,51866,0.52
548,2017-03-20,17541,17860,17541,17770,39815,0.51
549,2017-03-21,17678,18544,17678,18453,111964,3.84
550,2017-03-22,18589,18681,18179,18225,90095,-1.24
551,2017-03-23,18270,18453,18088,18225,65870,0.0
552,2017-03-24,18225,18270,17860,17952,55463,-1.5
553,2017-03-27,17769,17906,17450,17451,115437,-2.79
554,2017-03-28,17496,17815,17450,17724,51037,1.56
555,2017-03-29,17815,17997,17678,17952,68408,1.29
556,2017-03-30,18134,18407,17906,18225,72633,1.52
557,2017-03-31,18134,18270,18043,18180,51843,-0.25
558,2017-04-03,18270,18726,18179,18362,132760,1.0
559,2017-04-04,18270,19136,18270,19000,225579,3.47
560,2017-04-05,19500,19650,19200,19500,174042,2.63
561,2017-04-06,19350,19550,19050,19500,76830,0.0
562,2017-04-07,19400,19500,19150,19400,49891,-0.51
563,2017-04-10,19400,19400,18650,18700,102778,-3.61
564,2017-04-11,18900,19250,17700,19000,148956,1.6
565,2017-04-12,19400,19600,19000,19100,58498,0.53
566,2017-04-13,19200,19200,18850,19100,32904,0.0
567,2017-04-14,19100,19400,18750,18850,60725,-1.31
568,2017-04-17,18700,19100,18550,19100,49254,1.33
569,2017-04-18,19400,19400,18950,19200,54228,0.52
570,2017-04-19,19250,20150,19000,20100,199615,4.69
571,2017-04-20,20200,20950,20050,20550,235388,2.24
572,2017-04-21,20550,20750,20350,20700,83465,0.73
573,2017-04-24,20700,20700,20100,20150,51477,-2.66
574,2017-04-25,20150,20300,19800,20150,71697,0.0
575,2017-04-26,20150,20350,20050,20250,64307,0.5
576,2017-04-27,20300,20350,19900,19900,75694,-1.73
577,2017-04-28,19700,19750,19300,19300,102484,-3.02
578,2017-05-02,19400,19500,18900,19000,87220,-1.55
579,2017-05-04,19000,19550,19000,19450,64398,2.37
580,2017-05-08,19600,20100,19500,20000,123406,2.83
581,2017-05-10,19950,20100,19700,19750,73075,-1.25
582,2017-05-11,19650,20000,19650,19950,71317,1.01
583,2017-05-12,20000,20050,19600,19600,74545,-1.75
584,2017-05-15,19600,19700,19100,19300,122514,-1.53
585,2017-05-16,19100,19200,18950,19050,95700,-1.3
586,2017-05-17,19000,19400,18850,19100,89973,0.26
587,2017-05-18,18750,19100,18650,18900,110337,-1.05
588,2017-05-19,19050,19050,18650,18800,77045,-0.53
589,2017-05-22,18700,18750,18450,18500,106956,-1.6
590,2017-05-23,18400,18800,18400,18600,54886,0.54
591,2017-05-24,18600,19250,18600,19000,98890,2.15
592,2017-05-25,19050,19200,18850,19000,57426,0.0
593,2017-05-26,19050,19100,18850,19050,43188,0.26
594,2017-05-29,19100,19200,18700,18750,72797,-1.57
595,2017-05-30,18650,19350,18650,19250,124765,2.67
596,2017-05-31,19250,19300,19000,19300,140812,0.26
597,2017-06-01,19350,19350,18900,19150,132451,-0.78
598,2017-06-02,19200,19500,19100,19450,145519,1.57
599,2017-06-05,19700,19850,19400,19550,131303,0.51
600,2017-06-07,19550,19550,19150,19350,99320,-1.02
601,2017-06-08,19300,19500,19200,19350,90271,0.0
602,2017-06-09,19350,19450,19000,19250,151580,-0.52
603,2017-06-12,19300,19300,18900,19150,130885,-0.52
604,2017-06-13,19100,19200,18850,19100,96398,-0.26
605,2017-06-14,19050,19450,18900,19200,101676,0.52
606,2017-06-15,19400,20250,19350,19650,500261,2.34
607,2017-06-16,19650,19750,19250,19300,143712,-1.78
608,2017-06-19,19350,19350,19050,19150,143099,-0.78
609,2017-06-20,19250,19250,18750,18750,204975,-2.09
610,2017-06-21,18750,18900,18600,18750,68916,0.0
611,2017-06-22,18850,18850,17500,17600,448360,-6.13
612,2017-06-23,17500,17850,17350,17550,158504,-0.28
613,2017-06-26,17600,17600,17050,17050,167124,-2.85
614,2017-06-27,16850,17350,16850,17250,124131,1.17
615,2017-06-28,16950,17200,16750,16850,133202,-2.32
616,2017-06-29,16600,16750,16150,16300,263126,-3.26
617,2017-06-30,16300,16650,16200,16450,127385,0.92
618,2017-07-03,16450,16550,16250,16400,69032,-0.3
619,2017-07-04,16300,16400,15750,15750,185146,-3.96
620,2017-07-05,15500,15650,14900,15250,525208,-3.17
621,2017-07-06,15250,16250,15250,15900,346837,4.26
622,2017-07-07,15900,15950,15550,15750,95013,-0.94
623,2017-07-10,15750,15750,14900,15100,179445,-4.13
624,2017-07-11,15100,15250,14950,15100,77644,0.0
625,2017-07-12,15200,15350,14950,15000,76599,-0.66
626,2017-07-13,15100,15150,14700,14900,138387,-0.67
627,2017-07-14,15100,15100,14800,15000,80263,0.67
628,2017-07-17,15000,15600,14900,15200,179177,1.33
629,2017-07-18,15350,15550,15200,15400,115638,1.32
630,2017-07-19,15500,15900,15400,15850,154327,2.92
631,2017-07-20,15850,15850,15600,15750,84962,-0.63
632,2017-07-21,15750,15850,15500,15550,74500,-1.27
633,2017-07-24,15600,15600,15250,15350,80326,-1.29
634,2017-07-25,15350,15650,15350,15400,58264,0.33
635,2017-07-26,15400,15500,15300,15450,60385,0.32
636,2017-07-27,15550,16600,15400,16550,260526,7.12
637,2017-07-28,16500,16650,16100,16400,165028,-0.91
638,2017-07-31,16400,16500,15850,15950,102281,-2.74
639,2017-08-01,15900,16200,15750,16050,75722,0.63
640,2017-08-02,16100,16100,15650,16000,65472,-0.31
641,2017-08-03,16000,16000,15300,15300,125048,-4.37
642,2017-08-04,15400,15550,15150,15500,62735,1.31
643,2017-08-07,15350,15700,15350,15700,45947,1.29
644,2017-08-08,15750,15950,15650,15950,56109,1.59
645,2017-08-09,15800,15850,15550,15650,58865,-1.88
646,2017-08-10,16250,16400,15600,16050,182699,2.56
647,2017-08-11,15550,15900,15550,15550,86044,-3.12
648,2017-08-14,15750,15800,15550,15750,54458,1.29
649,2017-08-16,15750,15800,15400,15500,76040,-1.59
650,2017-08-17,15600,15650,15300,15450,54195,-0.32
651,2017-08-18,15400,15600,15200,15350,51605,-0.65
652,2017-08-21,15350,15450,15200,15200,44858,-0.98
653,2017-08-22,15300,15400,15100,15250,66647,0.33
654,2017-08-23,15400,15400,15000,15100,55474,-0.98
655,2017-08-24,15150,15200,14800,15000,97771,-0.66
656,2017-08-25,15000,15250,14900,15150,40813,1.0
657,2017-08-28,15150,15350,15050,15350,68538,1.32
658,2017-08-29,15300,15400,15000,15000,63648,-2.28
659,2017-08-30,15100,15100,14850,15000,69024,0.0
660,2017-08-31,15000,15200,14850,15200,56682,1.33
661,2017-09-01,15200,15750,15200,15650,155809,2.96
662,2017-09-04,15150,15400,15050,15150,100108,-3.19
663,2017-09-05,15250,15400,15100,15150,61401,0.0
664,2017-09-06,15100,15350,15050,15200,74244,0.33
665,2017-09-07,15100,15500,15100,15200,82221,0.0
666,2017-09-08,15200,15200,14750,14900,116940,-1.97
667,2017-09-11,14900,15400,14600,14750,203791,-1.01
668,2017-09-12,14800,14900,14000,14350,322294,-2.71
669,2017-09-13,14350,14650,14300,14400,125377,0.35
670,2017-09-14,14300,14550,14250,14450,70477,0.35
671,2017-09-15,14250,14400,14000,14200,114930,-1.73
672,2017-09-18,14100,14200,13650,13950,208445,-1.76
673,2017-09-19,13800,14250,13800,13850,103986,-0.72
674,2017-09-20,13950,14150,13850,14000,109380,1.08
675,2017-09-21,14100,14200,13800,14200,114847,1.43
676,2017-09-22,14200,14200,13900,14150,107343,-0.35
677,2017-09-25,14150,14150,13450,13450,179189,-4.95
678,2017-09-26,13250,13600,12700,13450,191969,0.0
679,2017-09-27,13500,13650,13350,13600,57102,1.12
680,2017-09-28,13750,17350,13700,16300,4472406,19.85
681,2017-09-29,15950,16500,15200,15300,784822,-6.13
682,2017-10-10,15750,15950,14850,14950,516321,-2.29
683,2017-10-11,14850,15550,14700,15450,502960,3.34
684,2017-10-12,15450,15600,14900,15050,292860,-2.59
685,2017-10-13,15050,15300,14700,14750,272920,-1.99
686,2017-10-16,14800,16450,14550,15650,1457196,6.1
687,2017-10-17,15750,15950,15350,15850,412878,1.28
688,2017-10-18,15850,16050,15350,15350,345874,-3.15
689,2017-10-19,15400,15500,14850,15000,182708,-2.28
690,2017-10-20,15100,15350,14950,15250,131414,1.67
691,2017-10-23,15250,15550,15050,15400,173155,0.98
692,2017-10-24,15350,15850,15250,15850,285930,2.92
693,2017-10-25,15850,16800,15650,16600,640146,4.73
694,2017-10-26,16750,17200,16400,16400,452439,-1.2
695,2017-10-27,16450,17100,16450,16750,327031,2.13
696,2017-10-30,17000,17550,16800,17500,458885,4.48
697,2017-10-31,17550,17650,17050,17150,224490,-2.0
698,2017-11-01,17300,17400,16950,17150,171668,0.0
699,2017-11-02,17250,17750,17050,17300,297049,0.87
700,2017-11-03,17350,17400,16650,16800,249899,-2.89
701,2017-11-06,16150,17100,16100,17050,258691,1.49
702,2017-11-07,17300,17600,17150,17350,224424,1.76
703,2017-11-08,17250,17900,17100,17900,299144,3.17
704,2017-11-09,18050,18350,17700,17850,237759,-0.28
705,2017-11-10,17900,18200,17700,17900,140161,0.28
706,2017-11-13,18300,18750,18250,18600,338124,3.91
707,2017-11-14,18650,19150,18400,19100,357526,2.69
708,2017-11-15,19700,20950,19700,20650,1529373,8.12
709,2017-11-16,20800,20800,19650,20650,527214,0.0
710,2017-11-17,20500,20550,19500,19550,448291,-5.33
711,2017-11-20,19350,20100,19300,19650,263606,0.51
712,2017-11-21,19800,20200,19450,19750,296515,0.51
713,2017-11-22,19750,19750,18650,18800,396356,-4.81
714,2017-11-23,18800,19350,18500,19350,171401,2.93
715,2017-11-24,19450,19450,18700,18700,198532,-3.36
716,2017-11-27,18900,19050,18550,18700,142601,0.0
717,2017-11-28,19000,19350,18600,18600,314672,-0.53
718,2017-11-29,18650,18900,18100,18250,196613,-1.88
719,2017-11-30,18250,18300,17850,17850,151232,-2.19
720,2017-12-01,17950,18700,17700,18600,226459,4.2
721,2017-12-04,18700,19050,18450,19000,225264,2.15
722,2017-12-05,19050,19050,18250,18400,156527,-3.16
723,2017-12-06,18450,18500,17500,17500,206504,-4.89
724,2017-12-07,17500,17700,16650,16750,227057,-4.29
725,2017-12-08,16800,17150,16300,16300,194236,-2.69
726,2017-12-11,16550,17500,16250,17500,159298,7.36
727,2017-12-12,17450,17450,16950,17250,71343,-1.43
728,2017-12-13,17250,17700,17150,17300,81331,0.29
729,2017-12-14,17500,17500,16650,16700,183812,-3.47
730,2017-12-15,17250,17250,16750,17150,62791,2.69
731,2017-12-18,17200,17400,17000,17150,63134,0.0
732,2017-12-19,17550,17550,16850,17250,125161,0.58
733,2017-12-20,17250,17350,16850,17050,92002,-1.16
734,2017-12-21,17000,17200,16600,16650,95321,-2.35
735,2017-12-22,16650,17250,16650,17250,110859,3.6
736,2017-12-26,17400,18050,17250,18050,206353,4.64
737,2017-12-27,17900,18250,17600,18250,126829,1.11
738,2017-12-28,18100,18200,17550,17900,131320,-1.92
739,2018-01-02,17900,19250,17700,19200,410001,7.26
740,2018-01-03,19250,19300,18600,19200,295434,0.0
741,2018-01-04,19200,19250,17900,18050,257652,-5.99
742,2018-01-05,18100,18750,18100,18700,197240,3.6
743,2018-01-08,18700,18750,18200,18250,211219,-2.41
744,2018-01-09,18100,18250,17550,17550,231976,-3.84
745,2018-01-10,17750,17900,17350,17850,134727,1.71
746,2018-01-11,17500,18350,17500,18300,153526,2.52
747,2018-01-12,18400,19100,17800,18700,524176,2.19
748,2018-01-15,19050,19150,18600,18850,322118,0.8
749,2018-01-16,18850,19700,18700,19700,803757,4.51
750,2018-01-17,19800,19800,19250,19600,297512,-0.51
751,2018-01-18,19600,19600,18900,19400,250478,-1.02
752,2018-01-19,19600,19900,19150,19450,245077,0.26
753,2018-01-22,19700,20450,19300,20250,635470,4.11
754,2018-01-23,20350,20550,19850,20150,301447,-0.49
755,2018-01-24,22000,24000,20850,20900,3769201,3.72
756,2018-01-25,20800,22150,20200,21350,819840,2.15
757,2018-01-26,21750,22450,21300,21900,567807,2.58
758,2018-01-29,22250,22600,21650,21700,386667,-0.91
759,2018-01-30,21500,21550,20200,20350,786477,-6.22
760,2018-01-31,19950,20700,19900,20450,368176,0.49
761,2018-02-01,20300,20600,19950,20000,286114,-2.2
762,2018-02-02,20000,20100,19150,19500,322422,-2.5
763,2018-02-05,18950,19350,18700,18700,215974,-4.1
764,2018-02-06,17700,18650,17600,18500,399059,-1.07
765,2018-02-07,18900,19150,18050,18050,264146,-2.43
766,2018-02-08,18100,19500,18050,19500,400814,8.03
767,2018-02-09,18550,19100,18500,18700,212828,-4.1
768,2018-02-12,18900,19050,18550,18550,127373,-0.8
769,2018-02-13,18800,19300,18150,18200,166921,-1.89
770,2018-02-14,18250,18700,18200,18700,99248,2.75
771,2018-02-19,18750,19550,18550,19500,153354,4.28
772,2018-02-20,19450,19450,18800,18850,157803,-3.33
773,2018-02-21,18900,19250,18800,19100,104320,1.33
774,2018-02-22,19100,19100,18700,19000,117281,-0.52
775,2018-02-23,18700,19350,18700,19350,145757,1.84
776,2018-02-26,19550,20200,19450,19800,263697,2.33
777,2018-02-27,20150,20200,19350,19350,145703,-2.27
778,2018-02-28,19400,19650,18700,18950,130918,-2.07
779,2018-03-02,18700,19250,18600,19250,121634,1.58
780,2018-03-05,19300,19300,18450,18450,111611,-4.16
781,2018-03-06,18650,18950,18600,18900,65429,2.44
782,2018-03-07,19100,19400,18350,18850,140176,-0.26
783,2018-03-08,18950,19350,18950,19150,93302,1.59
784,2018-03-09,19300,19750,19250,19400,102793,1.31
785,2018-03-12,19600,20000,19450,19750,109611,1.8
786,2018-03-13,19700,19900,19400,19700,133224,-0.25
787,2018-03-14,19800,20000,19600,19850,125988,0.76
788,2018-03-15,19750,19800,19100,19400,167508,-2.27
789,2018-03-16,19400,19700,19150,19400,99500,0.0
790,2018-03-19,19700,19750,19200,19250,117515,-0.77
791,2018-03-20,18950,19350,18850,19300,140178,0.26
792,2018-03-21,19300,20350,19100,20050,444797,3.89
793,2018-03-22,20350,20600,19300,19450,366058,-2.99
794,2018-03-23,18700,19050,17550,17600,372056,-9.51
795,2018-03-26,17600,18750,17500,18750,214676,6.53
796,2018-03-27,18850,18950,18350,18600,103399,-0.8
797,2018-03-28,18300,18600,18050,18250,89000,-1.88
798,2018-03-29,18200,18650,18200,18500,89725,1.37
799,2018-03-30,18600,19000,18400,18700,108426,1.08
800,2018-04-02,18700,18900,18600,18850,99920,0.8
801,2018-04-03,18600,19350,18450,19150,159964,1.59
802,2018-04-04,19050,19350,18700,18900,175704,-1.31
803,2018-04-05,18950,19300,18850,18900,133491,0.0
804,2018-04-06,18800,19000,18600,18750,95641,-0.79
805,2018-04-09,18800,19500,18500,19500,219154,4.0
806,2018-04-10,19500,20150,19400,19900,468464,2.05
807,2018-04-11,20200,20600,19850,19850,486342,-0.25
808,2018-04-12,20000,20550,19150,19350,376522,-2.52
809,2018-04-13,19500,19750,19100,19700,206848,1.81
810,2018-04-16,19700,20150,19550,20150,248759,2.28
811,2018-04-17,20250,20250,19500,19550,233680,-2.98
812,2018-04-18,19650,19750,18900,19100,239066,-2.3
813,2018-04-19,18950,19050,18100,18650,239381,-2.36
814,2018-04-20,18650,18850,18250,18800,126688,0.8
815,2018-04-23,18650,18900,18050,18150,187015,-3.46
816,2018-04-24,18200,18300,17850,18000,123969,-0.83
817,2018-04-25,17750,18300,17700,18050,128864,0.28
818,2018-04-26,18200,18400,18050,18350,79762,1.66
819,2018-04-27,18300,18500,18000,18350,89312,0.0
820,2018-04-30,18400,18400,17700,17750,183532,-3.27
821,2018-05-02,17450,17800,16750,17500,244729,-1.41
822,2018-05-03,17550,17600,16900,16900,171401,-3.43
823,2018-05-04,16800,16950,16550,16550,133093,-2.07
824,2018-05-08,16550,17250,16150,16150,192688,-2.42
825,2018-05-09,16050,16800,15950,16600,156316,2.79
826,2018-05-10,16650,16800,16200,16400,83833,-1.2
827,2018-05-11,16550,16900,16400,16800,104784,2.44
828,2018-05-14,16850,16900,16300,16350,111587,-2.68
829,2018-05-15,16400,16650,16150,16350,117640,0.0
830,2018-05-16,16300,16450,16000,16200,111153,-0.92
831,2018-05-17,16200,16250,15750,15900,149040,-1.85
832,2018-05-18,15750,16200,15750,16200,76370,1.89
833,2018-05-21,16150,16250,15950,16100,44639,-0.62
834,2018-05-23,16050,16250,15900,15950,65673,-0.93
835,2018-05-24,15900,16300,15900,15950,57431,0.0
836,2018-05-25,15950,16200,15750,15800,80350,-0.94
837,2018-05-28,15750,15900,15400,15500,113735,-1.9
838,2018-05-29,15400,15750,15300,15300,112380,-1.29
839,2018-05-30,15200,15300,14500,15000,215900,-1.96
840,2018-05-31,14950,15300,14950,15300,86023,2.0
841,2018-06-01,15200,15500,15200,15350,55922,0.33
842,2018-06-04,15350,15400,14950,14950,73669,-2.61
843,2018-06-05,15000,15250,14800,15250,86899,2.01
844,2018-06-07,15250,15500,15200,15500,60709,1.64
845,2018-06-08,15350,15550,15350,15550,36589,0.32
846,2018-06-11,15600,15600,15400,15450,46114,-0.64
847,2018-06-12,15500,15750,15250,15650,51105,1.29
848,2018-06-14,15600,15800,15150,15300,137208,-2.24
849,2018-06-15,15250,15450,15150,15250,64491,-0.33
850,2018-06-18,15250,15450,14550,14600,112485,-4.26
851,2018-06-19,14650,14800,14100,14100,77607,-3.42
852,2018-06-20,13950,14600,13950,14600,50690,3.55
853,2018-06-21,14350,14600,14250,14250,40671,-2.4
854,2018-06-22,14550,14800,14250,14800,48979,3.86
855,2018-06-25,14600,15100,14500,14950,36880,1.01
856,2018-06-26,14800,15300,14750,15200,49422,1.67
857,2018-06-27,15000,15350,14950,14950,51911,-1.64
858,2018-06-28,14750,15350,14700,14900,55981,-0.33
859,2018-06-29,14800,15200,14700,15100,39177,1.34
860,2018-07-02,15000,15200,14350,14350,62023,-4.97
861,2018-07-03,14350,14750,14200,14650,64607,2.09
862,2018-07-04,14300,14750,14300,14750,45544,0.68
863,2018-07-05,14750,15400,14750,15400,94338,4.41
864,2018-07-06,15500,15900,15450,15850,165769,2.92
865,2018-07-09,15600,16000,15600,15800,66453,-0.32
866,2018-07-10,15750,16100,15650,16000,61426,1.27
867,2018-07-11,16050,16050,15450,15450,64088,-3.44
868,2018-07-12,15550,15750,15450,15700,29511,1.62
869,2018-07-13,15500,15800,15500,15600,34321,-0.64
870,2018-07-16,15600,15750,15400,15400,42223,-1.28
871,2018-07-17,15500,16250,15400,15850,96277,2.92
872,2018-07-18,16050,16100,15750,15950,44837,0.63
873,2018-07-19,15950,15950,15400,15750,92946,-1.25
874,2018-07-20,16450,16650,15650,15800,146359,0.32
875,2018-07-23,15900,16100,15500,15500,69046,-1.9
876,2018-07-24,15700,15950,15400,15800,55614,1.94
877,2018-07-25,15750,15900,14700,14800,104684,-6.33
878,2018-07-26,15000,15400,14700,15100,58289,2.03
879,2018-07-27,15050,15250,15000,15250,28290,0.99
880,2018-07-30,15200,15300,14600,14800,65431,-2.95
881,2018-07-31,14700,15150,14650,15150,41910,2.36
882,2018-08-01,15050,15400,14950,15400,50181,1.65
883,2018-08-02,15300,15400,14850,14900,47656,-3.25
884,2018-08-03,14900,15150,14900,15000,22807,0.67
885,2018-08-06,14950,15250,14900,14950,32006,-0.33
886,2018-08-07,15050,15100,14750,15000,33495,0.33
887,2018-08-08,14950,15050,14850,14950,27666,-0.33
888,2018-08-09,14950,15100,14750,14950,32822,0.0
889,2018-08-10,14950,15100,14850,14950,44600,0.0
890,2018-08-13,15000,15000,14500,14550,54641,-2.68
891,2018-08-14,14450,14850,14450,14550,32047,0.0
892,2018-08-16,14500,14550,13650,14300,110266,-1.72
893,2018-08-17,14450,15150,14150,15050,95865,5.24
894,2018-08-20,15100,15350,15000,15100,53303,0.33
895,2018-08-21,14950,15800,14950,15700,93720,3.97
896,2018-08-22,15600,15700,15450,15450,34037,-1.59
897,2018-08-23,15350,15750,15350,15700,49281,1.62
898,2018-08-24,15550,15850,15300,15750,51993,0.32
899,2018-08-27,15800,15800,15300,15700,36836,-0.32
900,2018-08-28,15700,16000,15500,15500,40427,-1.27
901,2018-08-29,15750,15750,15300,15650,37850,0.97
902,2018-08-30,15700,15900,15250,15450,61807,-1.28
903,2018-08-31,15350,16000,15250,15900,95083,2.91
904,2018-09-03,15900,16300,15700,16250,116489,2.2
905,2018-09-04,16100,16250,15950,16200,80212,-0.31
906,2018-09-05,16300,16350,15650,15650,106796,-3.4
907,2018-09-06,15600,15750,15450,15450,52216,-1.28
908,2018-09-07,15500,15650,15200,15500,44645,0.32
909,2018-09-10,15350,15600,15250,15450,35181,-0.32
910,2018-09-11,15450,15750,15300,15700,46023,1.62
911,2018-09-12,15700,15750,15300,15500,48685,-1.27
912,2018-09-13,15350,15550,15300,15500,69720,0.0
913,2018-09-14,15550,15600,15300,15550,53769,0.32
914,2018-09-17,15450,15650,15000,15400,62507,-0.96
915,2018-09-18,15350,15800,15250,15600,70597,1.3
916,2018-09-19,15700,15750,15400,15500,50376,-0.64
917,2018-09-20,15400,16000,15400,15850,149800,2.26
918,2018-09-21,15850,15950,15700,15750,43431,-0.63
919,2018-09-27,15800,16200,15700,16150,172259,2.54
920,2018-09-28,16250,16300,16000,16000,87033,-0.93
921,2018-10-01,16000,16100,15700,15950,54644,-0.31
922,2018-10-02,15900,16100,15650,15650,83578,-1.88
923,2018-10-04,15550,15750,15150,15250,80471,-2.56
924,2018-10-05,15350,15350,14600,14650,111276,-3.93
925,2018-10-08,14400,15000,14400,14400,71241,-1.71
926,2018-10-10,14400,14800,13900,14100,95007,-2.08
927,2018-10-11,13700,14400,13550,13900,130897,-1.42
928,2018-10-12,13600,14400,13600,14100,65772,1.44
929,2018-10-15,13950,14150,13600,13600,96572,-3.55
930,2018-10-16,13750,14200,13550,13900,52066,2.21
931,2018-10-17,14050,14150,13750,13750,43674,-1.08
932,2018-10-18,13750,13950,13650,13750,45414,0.0
933,2018-10-19,13600,14150,13500,14050,38449,2.18
934,2018-10-22,13900,14100,13700,14050,39523,0.0
935,2018-10-23,13900,14200,13600,13700,50533,-2.49
936,2018-10-24,13750,14150,13750,14050,63036,2.55
937,2018-10-25,13650,14050,13600,13700,95108,-2.49
938,2018-10-26,13900,13900,12600,12600,131455,-8.03
939,2018-10-29,12550,13350,12200,12300,131376,-2.38
940,2018-10-30,11550,12750,11550,12600,187321,2.44
941,2018-10-31,12600,12850,12250,12350,70142,-1.98
942,2018-11-01,12400,12550,11800,11850,172748,-4.05
943,2018-11-02,11950,12750,11950,12700,111018,7.17
944,2018-11-05,12350,12550,12100,12500,107496,-1.57
945,2018-11-06,12500,12700,12350,12650,48519,1.2
946,2018-11-07,12600,13000,12400,12500,69567,-1.19
947,2018-11-08,12550,12650,12250,12350,74146,-1.2
948,2018-11-09,12400,12550,10950,11650,318343,-5.67
949,2018-11-12,11650,11900,11300,11600,117861,-0.43
950,2018-11-13,11300,11900,11250,11750,81101,1.29
951,2018-11-14,11750,12050,11550,11750,67522,0.0
952,2018-11-15,11900,12000,11550,12000,57885,2.13
953,2018-11-16,12000,12350,11950,12150,70419,1.25
954,2018-11-19,12150,12300,11950,12250,50870,0.82
955,2018-11-20,12050,12150,11850,12000,41738,-2.04
956,2018-11-21,11800,12050,11700,11950,41436,-0.42
957,2018-11-22,12000,12300,11900,12300,52749,2.93
958,2018-11-23,12300,12350,11800,11850,46733,-3.66
959,2018-11-26,11850,12050,11700,11900,39995,0.42
960,2018-11-27,12050,12100,11800,11950,45264,0.42
961,2018-11-28,12000,12050,11800,11900,35053,-0.42
962,2018-11-29,12050,12400,12000,12000,110772,0.84
963,2018-11-30,12050,12150,11850,12050,53895,0.42
964,2018-12-03,12150,12350,12100,12350,45651,2.49
965,2018-12-04,12300,12350,12100,12300,40246,-0.4
966,2018-12-05,12000,12200,11900,12000,39887,-2.44
967,2018-12-06,11950,12050,11600,11600,51574,-3.33
968,2018-12-07,11650,11850,11500,11700,47415,0.86
969,2018-12-10,11550,11650,10950,11100,78479,-5.13
970,2018-12-11,11200,11300,10950,11200,29050,0.9
971,2018-12-12,11100,11700,11100,11700,47867,4.46
972,2018-12-13,11600,11900,11550,11900,79178,1.71
973,2018-12-14,11800,11850,11350,11500,46246,-3.36
974,2018-12-17,11400,11550,11150,11300,35570,-1.74
975,2018-12-18,11150,11350,11050,11150,37291,-1.33
976,2018-12-19,11000,11250,11000,11100,66529,-0.45
977,2018-12-20,11000,11050,10200,10400,138400,-6.31
978,2018-12-21,10350,10500,10050,10300,87829,-0.96
979,2018-12-24,10200,10600,10100,10400,66194,0.97
980,2018-12-26,10300,10700,10250,10650,83257,2.4
981,2018-12-27,10450,10850,10450,10750,35183,0.94
982,2018-12-28,10650,10850,10600,10700,49077,-0.47
983,2019-01-02,10900,10900,10350,10400,66779,-2.8
984,2019-01-03,10400,10500,9990,9990,82584,-3.94
985,2019-01-04,9820,10250,9700,10200,93957,2.1
986,2019-01-07,10200,10400,10100,10250,88412,0.49
987,2019-01-08,10200,10300,9960,9980,54943,-2.63
988,2019-01-09,10050,10450,10050,10350,75338,3.71
989,2019-01-10,10400,10550,10200,10500,57038,1.45
990,2019-01-11,10350,10850,10350,10750,80926,2.38
991,2019-01-14,10850,10850,10500,10550,47940,-1.86
992,2019-01-15,10500,10800,10500,10650,27258,0.95
993,2019-01-16,10700,10700,10500,10500,46255,-1.41
994,2019-01-17,10550,10750,10550,10650,47798,1.43
995,2019-01-18,10750,10950,10600,10800,48864,1.41
996,2019-01-21,10750,10900,10650,10900,49582,0.93
997,2019-01-22,10900,10950,10650,10700,38682,-1.83
998,2019-01-23,10600,10800,10600,10700,30730,0.0
999,2019-01-24,10700,10850,10600,10800,48651,0.93
1000,2019-01-25,10750,10900,10750,10850,45368,0.46
1001,2019-01-28,10800,11000,10750,10850,60812,0.0
1002,2019-01-29,10750,11150,10750,11050,65409,1.84
1003,2019-01-30,10950,11250,10900,11200,66105,1.36
1004,2019-01-31,11150,11300,11150,11150,48909,-0.45
1005,2019-02-01,11100,11200,11000,11150,54207,0.0
1006,2019-02-07,11250,11250,10950,11150,46111,0.0
1007,2019-02-08,11050,11150,10950,11100,41762,-0.45
1008,2019-02-11,11050,11500,10950,11450,92106,3.15
1009,2019-02-12,11350,11600,11250,11350,67882,-0.87
1010,2019-02-13,11350,11750,11300,11700,75196,3.08
1011,2019-02-14,11600,11850,11600,11850,56024,1.28
1012,2019-02-15,11750,11950,11500,11550,72376,-2.53
1013,2019-02-18,11650,11900,11550,11900,74517,3.03
1014,2019-02-19,12300,12300,11900,11950,100632,0.42
1015,2019-02-20,11950,12400,11950,12300,128655,2.93
1016,2019-02-21,12400,12750,12350,12750,190520,3.66
1017,2019-02-22,12800,12800,12500,12650,90028,-0.78
1018,2019-02-25,12650,12750,12450,12550,62552,-0.79
1019,2019-02-26,12600,12650,12350,12500,46067,-0.4
1020,2019-02-27,12500,12800,12500,12700,60882,1.6
1021,2019-02-28,12700,12800,12250,12250,111225,-3.54
1022,2019-03-04,12400,12950,12400,12950,113320,5.71
1023,2019-03-05,12950,13200,12750,12900,92375,-0.39
1024,2019-03-06,12800,12950,12500,12500,79045,-3.1
1025,2019-03-07,12500,12700,12200,12300,51028,-1.6
1026,2019-03-08,12300,12400,12050,12300,59246,0.0
1027,2019-03-11,12350,12450,11800,12050,51718,-2.03
1028,2019-03-12,12200,12600,12200,12550,61138,4.15
1029,2019-03-13,12700,13650,12650,13500,474011,7.57
1030,2019-03-14,13500,13650,13100,13100,189541,-2.96
1031,2019-03-15,13100,13300,12900,12900,97520,-1.53
1032,2019-03-18,12850,13250,12450,12600,237650,-2.33
1033,2019-03-19,12700,12950,12500,12600,128089,0.0
1034,2019-03-20,12650,12650,11950,12300,136271,-2.38
1035,2019-03-21,12350,12400,12000,12100,70225,-1.63
1036,2019-03-22,12150,12150,11950,12050,60644,-0.41
1037,2019-03-25,11800,11950,11400,11550,104747,-4.15
1038,2019-03-26,11550,11750,11500,11600,35960,0.43
1039,2019-03-27,11600,11700,11400,11650,38147,0.43
1040,2019-03-28,11550,11850,11500,11800,65214,1.29
1041,2019-03-29,12050,12350,11800,12150,103388,2.97
1042,2019-04-01,12250,12350,11950,12000,64382,-1.23
1043,2019-04-02,12200,12200,11850,12000,37474,0.0
1044,2019-04-03,11950,12300,11850,12250,59102,2.08
1045,2019-04-04,12300,12350,11950,12250,50003,0.0
1046,2019-04-05,12250,12250,11900,12000,59662,-2.04
1047,2019-04-08,12000,12250,11900,11950,56945,-0.42
1048,2019-04-09,11950,12100,11850,11900,49821,-0.42
1049,2019-04-10,11850,11900,11650,11900,45473,0.0
1050,2019-04-11,11850,12250,11850,12000,66587,0.84
1051,2019-04-12,12150,12600,11900,12350,215141,2.92
1052,2019-04-15,12450,12500,12000,12050,96108,-2.43
1053,2019-04-16,12050,12150,11800,12050,58708,0.0
1054,2019-04-17,11900,12050,11600,11850,99252,-1.66
1055,2019-04-18,11800,11900,11250,11400,121934,-3.8
1056,2019-04-19,11400,11700,11400,11500,38912,0.88
1057,2019-04-22,11450,11650,11150,11350,60810,-1.3
1058,2019-04-23,11400,11400,11150,11250,43298,-0.88
1059,2019-04-24,11250,11450,11150,11150,44927,-0.89
1060,2019-04-25,11200,11200,11000,11100,25688,-0.45
1061,2019-04-26,11000,11050,10650,10700,102072,-3.6
1062,2019-04-29,10800,11050,10650,10950,51695,2.34
1063,2019-04-30,10950,11150,10750,11000,58027,0.46
1064,2019-05-02,10850,11300,10800,11300,74003,2.73
1065,2019-05-03,11250,11450,11200,11300,41091,0.0
1066,2019-05-07,11200,11400,11050,11200,62458,-0.88
1067,2019-05-08,11200,11250,10900,11200,53478,0.0
1068,2019-05-09,11200,11250,10600,10600,89482,-5.36
1069,2019-05-10,10600,10900,10050,10150,124801,-4.25
1070,2019-05-13,10250,10350,9840,9900,88432,-2.46
1071,2019-05-14,9900,10550,9860,10350,89270,4.55
1072,2019-05-15,10250,11250,10200,11050,164596,6.76
1073,2019-05-16,11000,11250,10550,10750,83624,-2.71
1074,2019-05-17,10900,11150,10400,10450,88497,-2.79
1075,2019-05-20,10550,10800,10500,10600,50427,1.44
1076,2019-05-21,10650,11500,10650,11400,234321,7.55
1077,2019-05-22,11350,11500,10900,11200,187183,-1.75
1078,2019-05-23,11100,11550,11050,11200,91780,0.0
1079,2019-05-24,11000,11300,10600,10700,125482,-4.46
1080,2019-05-27,10850,11250,10650,10850,78937,1.4
1081,2019-05-28,10750,11050,10650,11050,97951,1.84
1082,2019-05-29,10850,11100,10600,10700,87845,-3.17
1083,2019-05-30,10750,11000,10350,10450,115908,-2.34
1084,2019-05-31,10450,11000,10350,10650,217306,1.91
1085,2019-06-03,10550,10750,10400,10750,50795,0.94
1086,2019-06-04,10700,10800,10600,10700,44913,-0.47
1087,2019-06-05,10850,11150,10650,10700,115156,0.0
1088,2019-06-07,10700,11000,10700,10950,67999,2.34
1089,2019-06-10,11050,11300,10900,11250,88810,2.74
1090,2019-06-11,11200,12300,11200,12150,466072,8.0
1091,2019-06-12,12100,12500,11750,11850,307970,-2.47
1092,2019-06-13,11850,12950,11800,12500,1195832,5.49
1093,2019-06-14,12500,12800,12300,12500,337678,0.0
1094,2019-06-17,12500,12700,12250,12350,139393,-1.2
1095,2019-06-18,12250,12550,11900,11950,160012,-3.24
1096,2019-06-19,12000,12500,11650,11800,158600,-1.26
1097,2019-06-20,11900,12000,11550,11800,83775,0.0
1098,2019-06-21,11850,12000,11600,11800,61167,0.0
1099,2019-06-24,11850,11900,11450,11600,75764,-1.69
1100,2019-06-25,11600,11850,11450,11650,107297,0.43
1101,2019-06-26,11650,11800,11450,11550,57424,-0.86
1102,2019-06-27,11700,11700,11100,11200,120660,-3.03
1103,2019-06-28,11350,11350,10950,10950,83130,-2.23
1104,2019-07-01,10950,11150,10750,11050,82449,0.91
1105,2019-07-02,11050,11200,10900,11000,43149,-0.45
1106,2019-07-03,11000,11100,10750,10900,49734,-0.91
1107,2019-07-04,10850,10950,10600,10750,58431,-1.38
1108,2019-07-05,10800,11500,10700,11050,72376,2.79
1109,2019-07-08,11100,11100,10400,10400,113902,-5.88
1110,2019-07-09,10350,10600,10150,10150,72233,-2.4
1111,2019-07-10,10200,10450,10150,10350,38966,1.97
1112,2019-07-11,10400,10600,10400,10550,39610,1.93
1113,2019-07-12,10550,10600,10400,10550,32964,0.0
1114,2019-07-15,10550,10600,10200,10200,68658,-3.32
1115,2019-07-16,10200,10400,10150,10300,37083,0.98
1116,2019-07-17,10200,10300,10000,10100,66052,-1.94
1117,2019-07-18,10050,10200,9990,10050,47508,-0.5
1118,2019-07-19,10050,10250,10050,10250,48879,1.99
1119,2019-07-22,10250,10300,10150,10150,27500,-0.98
1120,2019-07-23,10150,10200,9970,9980,78490,-1.67
1121,2019-07-24,10000,10100,9940,9940,49759,-0.4
1122,2019-07-25,9980,9990,9350,9400,237045,-5.43
1123,2019-07-26,9350,9390,9000,9220,135255,-1.91
1124,2019-07-29,9200,9400,9010,9110,94714,-1.19
1125,2019-07-30,8830,9330,8830,9150,56641,0.44
1126,2019-07-31,8960,9290,8960,9260,60026,1.2
1127,2019-08-01,9200,9280,9040,9050,38444,-2.27
1128,2019-08-02,9010,9250,8960,9210,53401,1.77
1129,2019-08-05,9110,9190,8220,8360,136962,-9.23
1130,2019-08-06,7800,8400,7610,8020,160662,-4.07
1131,2019-08-07,8000,8440,8000,8310,131666,3.62
1132,2019-08-08,8310,8590,8310,8530,57306,2.65
1133,2019-08-09,8430,8760,8430,8590,18880,0.7
1134,2019-08-12,8600,8700,8420,8670,15587,0.93
1135,2019-08-13,8650,8780,8500,8770,29141,1.15
1136,2019-08-14,8800,9030,8800,8960,33178,2.17
1137,2019-08-16,8900,9000,8730,8880,40624,-0.89
1138,2019-08-19,8810,8900,8760,8880,27725,0.0
1139,2019-08-20,8890,9080,8790,8980,20210,1.13
1140,2019-08-21,8950,9100,8860,8970,22544,-0.11
1141,2019-08-22,8980,9400,8950,9130,73717,1.78
1142,2019-08-23,9110,9110,8980,9030,20806,-1.1
1143,2019-08-26,8660,8820,8610,8690,28217,-3.77
1144,2019-08-27,8750,8970,8430,8430,61409,-2.99
1145,2019-08-28,8320,8660,8320,8640,39431,2.49
1146,2019-08-29,8640,8760,8510,8600,23944,-0.46
1147,2019-08-30,8700,8850,8630,8740,22127,1.63
1148,2019-09-02,8700,8900,8700,8900,24223,1.83
1149,2019-09-03,8820,9050,8820,8970,14686,0.79
1150,2019-09-04,8970,9000,8900,8950,13614,-0.22
1151,2019-09-05,8960,9020,8940,9000,22969,0.56
1152,2019-09-06,9020,9020,8770,8870,35583,-1.44
1153,2019-09-09,8870,9090,8770,8790,38452,-0.9
1154,2019-09-10,8800,8890,8630,8690,28837,-1.14
1155,2019-09-11,8730,8820,8490,8700,78574,0.12
1156,2019-09-16,8700,8730,8600,8710,37814,0.11
1157,2019-09-17,8710,9400,8670,9230,301345,5.97
1158,2019-09-18,9250,9290,9070,9160,46111,-0.76
1159,2019-09-19,9170,9170,9070,9070,27760,-0.98
1160,2019-09-20,9040,9240,9040,9120,28338,0.55
1161,2019-09-23,9050,9150,8900,8980,36986,-1.54
1162,2019-09-24,9080,9150,8980,9140,22793,1.78
1163,2019-09-25,9130,9130,8940,8960,37640,-1.97
1164,2019-09-26,9000,9100,8940,9040,72070,0.89
1165,2019-09-27,9040,9120,8880,8970,52763,-0.77
1166,2019-09-30,8970,9000,8500,8660,89391,-3.46
1167,2019-10-01,8650,8920,8620,8860,57200,2.31
1168,2019-10-02,8790,8850,8600,8630,31762,-2.6
1169,2019-10-04,8630,8680,8300,8440,59743,-2.2
1170,2019-10-07,8490,8650,8310,8330,38273,-1.3
1171,2019-10-08,8480,8880,8250,8770,94583,5.28
1172,2019-10-10,8770,8770,8470,8600,38748,-1.94
1173,2019-10-11,8600,8640,8450,8600,23402,0.0
1174,2019-10-14,8650,8810,8610,8750,24855,1.74
1175,2019-10-15,8790,8890,8760,8880,27858,1.49
1176,2019-10-16,8880,8910,8720,8810,35979,-0.79
1177,2019-10-17,8820,8830,8700,8740,19986,-0.79
1178,2019-10-18,8760,8800,8650,8690,13767,-0.57
1179,2019-10-21,8650,8740,8600,8660,13858,-0.35
1180,2019-10-22,8600,8730,8600,8620,16503,-0.46
1181,2019-10-23,8620,8830,8620,8780,35715,1.86
1182,2019-10-24,8780,9300,8780,8900,164278,1.37
1183,2019-10-25,8900,9050,8610,8720,58122,-2.02
1184,2019-10-28,8720,8790,8630,8670,21412,-0.57
1185,2019-10-29,8650,8750,8650,8670,21149,0.0
1186,2019-10-30,8670,8780,8490,8490,32407,-2.08
1187,2019-10-31,8500,8580,8500,8550,15181,0.71
1188,2019-11-01,8550,8600,8480,8550,16283,0.0
1189,2019-11-04,8550,8720,8550,8670,21470,1.4
1190,2019-11-05,8670,9000,8670,8910,87271,2.77
1191,2019-11-06,8910,9080,8890,8980,74458,0.79
1192,2019-11-07,8930,9000,8810,8830,41707,-1.67
1193,2019-11-08,8830,8970,8760,8800,49972,-0.34
1194,2019-11-11,8810,8830,8700,8790,44228,-0.11
1195,2019-11-12,8790,8850,8690,8750,46641,-0.46
1196,2019-11-13,8760,9180,8710,8930,174297,2.06
1197,2019-11-14,9220,9220,8700,8790,168506,-1.57
1198,2019-11-15,8790,9000,8710,8870,97261,0.91
1199,2019-11-18,8930,9450,8880,9440,423054,6.43
1200,2019-11-19,9440,9470,9040,9080,229598,-3.81
1201,2019-11-20,9130,9270,8750,8810,195337,-2.97
1202,2019-11-21,8700,8790,8340,8370,240017,-4.99
1203,2019-11-22,8380,8600,8300,8490,125707,1.43
1204,2019-11-25,8570,8720,8470,8620,61928,1.53
1205,2019-11-26,8640,8760,8540,8660,227414,0.46
1206,2019-11-27,8700,9150,8630,9120,221021,5.31
1207,2019-11-28,9040,9680,9030,9410,524553,3.18
1208,2019-11-29,9430,9590,9210,9570,181692,1.7
1209,2019-12-02,9670,9670,9270,9270,120577,-3.13
1210,2019-12-03,9100,9940,9100,9600,410617,3.56
1211,2019-12-04,9560,9740,9430,9550,100079,-0.52
1212,2019-12-05,9660,9670,9240,9330,111822,-2.3
1213,2019-12-06,9350,9850,9300,9840,223904,5.47
1214,2019-12-09,9840,9840,9570,9610,128856,-2.34
1215,2019-12-10,9610,9610,9350,9410,87815,-2.08
1216,2019-12-11,9450,9530,9370,9430,60663,0.21
1217,2019-12-12,9490,9600,9420,9580,66499,1.59
1218,2019-12-13,9610,9690,9510,9610,63714,0.31
1219,2019-12-16,9610,9740,9460,9570,82012,-0.42
1220,2019-12-17,9570,9600,9360,9470,78754,-1.04
1221,2019-12-18,9480,9580,9340,9380,54554,-0.95
1222,2019-12-19,9380,9750,9340,9750,127315,3.94
1223,2019-12-20,9750,9810,9500,9520,68149,-2.36
1224,2019-12-23,9570,9620,9440,9600,48445,0.84
1225,2019-12-24,9570,9650,9440,9450,45429,-1.56
1226,2019-12-26,9350,9690,9350,9670,68327,2.33
1227,2019-12-27,9600,9740,9520,9650,55143,-0.21
1228,2019-12-30,9610,9760,9590,9650,45045,0.0
1229,2020-01-02,9700,9820,9660,9720,53377,0.73
1230,2020-01-03,9730,9810,9520,9590,65805,-1.34
1231,2020-01-06,9520,9580,9200,9250,121482,-3.55
1232,2020-01-07,9280,9420,9250,9290,39833,0.43
1233,2020-01-08,9290,9310,8790,9030,162727,-2.8
1234,2020-01-09,9100,9350,9100,9270,61674,2.66
1235,2020-01-10,9300,9410,9270,9400,40069,1.4
1236,2020-01-13,9400,9610,9370,9500,46650,1.06
1237,2020-01-14,9480,9580,9290,9480,36947,-0.21
1238,2020-01-15,9490,9530,9410,9460,37602,-0.21
1239,2020-01-16,9410,9550,9380,9440,32879,-0.21
1240,2020-01-17,9440,9560,9400,9520,40987,0.85
1241,2020-01-20,9540,10350,9450,10150,591332,6.62
1242,2020-01-21,10350,10350,9720,9740,263251,-4.04
1243,2020-01-22,9800,10150,9780,10000,238847,2.67
1244,2020-01-23,11600,13000,10700,13000,3036261,30.0
1245,2020-01-28,16900,16900,16900,16900,213316,30.0
1246,2020-01-29,17650,18550,16000,16900,13472788,0.0
1247,2020-01-30,16700,17800,14950,16900,6568559,0.0
1248,2020-01-31,16750,17050,13600,13900,4422821,-17.75
1249,2020-02-03,14000,14400,11150,11650,3851156,-16.19
1250,2020-02-04,11650,13100,11050,11950,5488307,2.58
1251,2020-02-05,11950,13200,11700,12150,3474706,1.67
1252,2020-02-06,12600,13100,12150,12400,2904547,2.06
1253,2020-02-07,12350,12850,12100,12200,1396225,-1.61
1254,2020-02-10,12450,13300,12300,12450,2142774,2.05
1255,2020-02-11,12550,12700,11350,11550,1082881,-7.23
1256,2020-02-12,11300,11300,10800,10900,787097,-5.63
1257,2020-02-13,10950,11450,10850,10900,838092,0.0
1258,2020-02-14,11050,11300,10500,10600,547817,-2.75
1259,2020-02-17,10750,11000,10250,10550,552691,-0.47
1260,2020-02-18,10650,11500,10500,11000,1836549,4.27
1261,2020-02-19,10950,12000,10950,11750,2047400,6.82
1262,2020-02-20,12050,13800,11550,12450,8260086,5.96
1263,2020-02-21,13050,13100,11600,11650,2319613,-6.43
1264,2020-02-24,11950,12450,10750,10750,1848170,-7.73
1265,2020-02-25,10600,11100,10400,11000,731519,2.33
1266,2020-02-26,11050,12350,10850,12050,2415416,9.55
1267,2020-02-27,13000,13200,11400,12300,3159896,2.07
1268,2020-02-28,11800,12400,11650,11900,1211176,-3.25
1269,2020-03-02,12200,12700,11600,11900,1931682,0.0
1270,2020-03-03,11950,12050,11350,11650,1019408,-2.1
1271,2020-03-04,11850,11950,11450,11450,601902,-1.72
1272,2020-03-05,11550,11950,11450,11850,1218577,3.49
1273,2020-03-06,12400,13400,12050,12550,6670292,5.91
1274,2020-03-09,13650,15350,12950,14000,12180263,11.55
1275,2020-03-10,13100,13750,11950,12050,4200281,-13.93
1276,2020-03-11,12550,12800,11250,11800,2404591,-2.07
1277,2020-03-12,11600,12550,11500,12550,2333903,6.36
1278,2020-03-13,12000,12100,9730,10100,2257802,-19.52
1279,2020-03-16,10650,11100,10100,10250,1664677,1.49
1280,2020-03-17,9760,11800,9760,11200,2859806,9.27
1281,2020-03-18,11800,12600,10200,10400,2940627,-7.14
1282,2020-03-19,10900,11100,9960,10800,1832904,3.85
1283,2020-03-20,11000,11550,10850,11150,1354425,3.24
1284,2020-03-23,10950,11500,10500,11100,1242903,-0.45
1285,2020-03-24,11300,11750,11000,11550,1302609,4.05
1286,2020-03-25,12350,13750,11700,13350,4927666,15.58
1287,2020-03-26,14250,15650,14000,14600,6576875,9.36
1288,2020-03-27,15400,16800,12550,14350,8096469,-1.71
1289,2020-03-30,15000,17500,14350,16950,5543961,18.12
1290,2020-03-31,19800,22000,19500,22000,7804917,29.79
1291,2020-04-01,21500,22000,17500,18350,3872224,-16.59
1292,2020-04-02,19850,20900,18600,19200,3561347,4.63
1293,2020-04-03,19050,19600,17600,19100,2359369,-0.52
1294,2020-04-06,19500,24300,18800,21750,8302079,13.87
1295,2020-04-07,22450,23600,20300,21950,3450225,0.92
1296,2020-04-08,21400,21700,19850,20600,1775029,-6.15
1297,2020-04-09,20900,21400,19900,20300,1228509,-1.46
1298,2020-04-10,19950,20300,18200,19550,1321681,-3.69
1299,2020-04-13,19800,20400,18800,19050,785772,-2.56
1300,2020-04-14,19750,19850,18400,19750,719884,3.67
1301,2020-04-16,19600,20200,18750,18950,561968,-4.05
1302,2020-04-17,19100,20800,18850,19950,890337,5.28
1303,2020-04-20,20200,20700,19650,20650,1204925,3.51
1304,2020-04-21,20750,21100,18750,19900,1431996,-3.63
1305,2020-04-22,20000,24200,19700,23250,5437254,16.83
1306,2020-04-23,23700,24400,22000,23150,2255265,-0.43
1307,2020-04-24,22600,24000,22100,23300,1765202,0.65
1308,2020-04-27,23100,24400,22850,24400,1286718,4.72
1309,2020-04-28,24450,24650,22450,22450,1289031,-7.99
1310,2020-04-29,22750,23850,21400,23100,1097625,2.9
1311,2020-05-04,22500,23100,21100,21450,630175,-7.14
1312,2020-05-06,21450,21700,19450,19600,1240243,-8.62
1313,2020-05-07,19700,20400,19600,20050,475569,2.3
1314,2020-05-08,20100,20950,19900,20300,506119,1.25
1315,2020-05-11,20800,21350,20150,20700,510612,1.97
1316,2020-05-12,20900,21950,19950,21550,1029106,4.11
1317,2020-05-13,21600,21650,20500,20800,554932,-3.48
1318,2020-05-14,20800,23500,20750,22000,3700517,5.77
1319,2020-05-15,23100,23750,21800,22900,3121862,4.09
1320,2020-05-18,23300,24100,22550,23000,1788243,0.44
1321,2020-05-19,21900,22000,20250,20800,1305708,-9.57
1322,2020-05-20,21350,21950,20900,21000,740415,0.96
1323,2020-05-21,21150,21250,20450,21150,492734,0.71
1324,2020-05-22,21500,21700,20500,21500,645012,1.65
1325,2020-05-25,21600,22350,21450,21800,760988,1.4
1326,2020-05-26,22000,22000,21600,21700,339518,-0.46
1327,2020-05-27,21500,21650,20800,20950,535152,-3.46
1328,2020-05-28,21550,21550,19950,20700,891983,-1.19
1329,2020-05-29,20750,22150,20700,22050,1202456,6.52
1330,2020-06-01,21850,23350,21500,21550,809778,-2.27
1331,2020-06-02,21050,21450,20650,21350,522395,-0.93
1332,2020-06-03,22300,22350,21300,21700,774708,1.64
1333,2020-06-04,21800,21850,21000,21200,292706,-2.3
1334,2020-06-05,21000,21350,20900,21050,251509,-0.71
1335,2020-06-08,21050,21650,20800,21350,404661,1.43
1336,2020-06-09,21350,21400,20500,20700,418585,-3.04
1337,2020-06-10,20900,22000,20700,22000,565715,6.28
1338,2020-06-11,21950,22500,21150,21300,844252,-3.18
1339,2020-06-12,21650,23800,20500,22300,2403488,4.69
1340,2020-06-15,22650,23350,20400,20600,1572695,-7.62
1341,2020-06-16,21350,21450,20650,20900,592309,1.46
1342,2020-06-17,20550,21100,19800,20250,663944,-3.11
1343,2020-06-18,20450,20500,19000,19300,647477,-4.69
1344,2020-06-19,19300,19600,18350,18700,628923,-3.11
1345,2020-06-22,18950,20000,18650,18650,630567,-0.27
1346,2020-06-23,19250,19500,18500,18950,406183,1.61
1347,2020-06-24,19000,19600,18700,19400,380634,2.37
1348,2020-06-25,19600,19700,18550,18550,552121,-4.38
1349,2020-06-26,18700,18800,17850,18600,314149,0.27
1350,2020-06-29,18800,19200,18150,18400,257270,-1.08
1351,2020-06-30,18500,18500,17100,17350,451109,-5.71
1352,2020-07-01,17400,17700,17050,17100,285973,-1.44
1353,2020-07-02,16950,17650,16950,17500,283383,2.34
1354,2020-07-03,17500,18750,17500,18250,500325,4.29
1355,2020-07-06,18400,18700,18050,18350,213167,0.55
1356,2020-07-07,18350,18550,17950,18000,163431,-1.91
1357,2020-07-08,18050,18600,17750,18150,223079,0.83
1358,2020-07-09,18250,18350,17600,17650,257027,-2.75
1359,2020-07-10,17800,19350,17600,18850,1079650,6.8
1360,2020-07-13,19050,19450,18650,19100,523286,1.33
1361,2020-07-14,19450,20500,19250,19750,836469,3.4
1362,2020-07-15,19850,19850,18800,19000,393398,-3.8
1363,2020-07-16,18850,19300,18500,18500,289368,-2.63
1364,2020-07-17,19150,19700,18900,19600,642575,5.95
1365,2020-07-20,20600,20700,19750,20000,756683,2.04
1366,2020-07-21,20200,20300,19700,20050,319013,0.25
1367,2020-07-22,20150,20350,19350,20000,444976,-0.25
1368,2020-07-23,20100,21750,19900,20550,1919807,2.75
1369,2020-07-24,20800,20900,19800,20250,602477,-1.46
1370,2020-07-27,20500,20750,19700,19750,553092,-2.47
1371,2020-07-28,19850,20250,19500,20050,315371,1.52
1372,2020-07-29,20300,20900,20150,20300,516685,1.25
1373,2020-07-30,20400,22700,20350,22350,2299691,10.1
1374,2020-07-31,22700,22850,20800,21050,1505991,-5.82
1375,2020-08-03,21300,22750,21000,22200,1492251,5.46
1376,2020-08-04,22700,22800,21050,22500,1174580,1.35
1377,2020-08-05,22300,22700,21650,21700,684396,-3.56
1378,2020-08-06,22250,22650,21600,22150,812664,2.07
1379,2020-08-07,22050,22200,21350,21600,542027,-2.48
1380,2020-08-10,21750,22400,21500,22350,462067,3.47
1381,2020-08-11,22000,24850,22000,22450,2818662,0.45
1382,2020-08-12,22550,22700,21200,21600,706899,-3.79
1383,2020-08-13,21600,21850,20900,21050,462477,-2.55
1384,2020-08-14,20750,21200,19850,20950,581745,-0.48
1385,2020-08-18,21050,21850,20650,21150,709888,0.95
1386,2020-08-19,21450,21550,20400,21150,584428,0.0
1387,2020-08-20,21200,21500,20000,20350,772877,-3.78
1388,2020-08-21,20350,20950,19600,19750,633922,-2.95
1389,2020-08-24,19500,20850,19500,20500,462248,3.8
1390,2020-08-25,20800,21400,20300,21200,611995,3.41
1391,2020-08-26,21500,22550,21300,22450,1489092,5.9
1392,2020-08-27,25500,29150,25400,29150,6053240,29.84
1393,2020-08-28,31500,33250,25750,26300,8067825,-9.78
1394,2020-08-31,26350,28100,25850,27350,2585744,3.99
1395,2020-09-01,27050,27900,26700,27150,1372067,-0.73
1396,2020-09-02,26900,27350,25900,27200,1252084,0.18
1397,2020-09-03,28100,28650,27000,28350,2112521,4.23
1398,2020-09-04,30500,33800,29700,29750,6895413,4.94
1399,2020-09-07,29600,38650,29600,38100,13185991,28.07
1400,2020-09-08,38100,39350,34850,35200,7315018,-7.61
1401,2020-09-09,34500,35850,32300,33100,2111417,-5.97
1402,2020-09-10,33800,35450,32900,34800,1807772,5.14
1403,2020-09-11,34450,37200,33800,35700,1452637,2.59
1404,2020-09-14,35500,36700,34450,34900,750222,-2.24
1405,2020-09-15,35200,35850,34000,34000,1086106,-2.58
1406,2020-09-16,34000,35500,33800,34000,712613,0.0
1407,2020-09-17,34350,35150,33800,34600,847860,1.76
1408,2020-09-18,34900,34950,33450,33800,488238,-2.31
1409,2020-09-21,34100,34350,32000,32500,550098,-3.85
1410,2020-09-22,32150,33500,31800,32850,659907,1.08
1411,2020-09-23,33400,34750,31800,34450,808376,4.87
1412,2020-09-24,33700,34150,31800,31800,742723,-7.69
1413,2020-09-25,32100,32500,29750,30400,886928,-4.4
1414,2020-09-28,30650,31700,30350,30650,386589,0.82
1415,2020-09-29,31200,31350,30300,31200,330034,1.79
1416,2020-10-05,31500,31700,30750,31100,218129,-0.32
1417,2020-10-06,31300,32750,31050,32300,484721,3.86
1418,2020-10-07,32500,32600,31900,32350,298834,0.15
1419,2020-10-08,34000,36650,33600,34900,2377790,7.88
1420,2020-10-12,35200,35800,34600,34850,639058,-0.14
1421,2020-10-13,35400,36850,34600,35800,1391915,2.73
1422,2020-10-14,36600,39700,35950,36800,2673298,2.79
1423,2020-10-15,36300,36450,33900,34450,995170,-6.39
1424,2020-10-16,34250,34850,32200,33450,689300,-2.9
1425,2020-10-19,33200,34600,33200,33750,512700,0.9
1426,2020-10-20,33700,34950,32450,33450,583919,-0.89
1427,2020-10-21,33000,33350,32350,32700,454248,-2.24
1428,2020-10-22,32400,32700,30750,31000,567005,-5.2
1429,2020-10-23,31500,31900,30650,30900,319240,-0.32
1430,2020-10-26,30900,31300,28700,29050,578124,-5.99
1431,2020-10-27,29050,30700,28250,29450,579214,1.38
1432,2020-10-28,29650,31400,29600,31400,397588,6.62
1433,2020-10-29,33200,33750,32250,32900,1164942,4.78
1434,2020-10-30,33100,33350,31750,31850,464653,-3.19
1435,2020-11-02,32450,33600,31950,33550,364423,5.34
1436,2020-11-03,33250,33550,32700,32800,363207,-2.24
1437,2020-11-04,33000,33200,31700,32050,312532,-2.29
1438,2020-11-05,32400,33450,32300,32750,364383,2.18
1439,2020-11-06,32950,33000,31800,31950,292755,-2.44
1440,2020-11-09,32400,33750,32100,33600,459505,5.16
1441,2020-11-10,30850,31950,28950,28950,1494024,-13.84
1442,2020-11-11,29100,29600,25600,26600,1484786,-8.12
1443,2020-11-12,27650,27850,24700,25650,1497031,-3.57
1444,2020-11-13,25200,26800,24800,26550,999553,3.51
1445,2020-11-16,26950,27400,26100,26500,561780,-0.19
1446,2020-11-17,25750,25750,23800,24550,1410116,-7.36
1447,2020-11-18,25000,26850,24700,26150,835608,6.52
1448,2020-11-19,26800,28500,26300,27700,1466035,5.93
1449,2020-11-20,27700,27800,27000,27500,427600,-0.72
1450,2020-11-23,27600,27800,26600,26650,448868,-3.09
1451,2020-11-24,26600,26650,24400,25350,977923,-4.88
1452,2020-11-25,25350,25600,23850,23950,702625,-5.52
1453,2020-11-26,25000,25500,24550,25450,635612,6.26
1454,2020-11-27,25600,26650,25600,25950,569725,1.96
1455,2020-11-30,25950,26650,25650,26650,420346,2.7
1456,2020-12-01,26850,27600,26200,27050,782474,1.5
1457,2020-12-02,27200,27350,26050,26150,398194,-3.33
1458,2020-12-03,26100,27050,25400,25500,463061,-2.49
1459,2020-12-04,25500,26600,25200,26550,399431,4.12
1460,2020-12-07,27250,28450,26900,28200,1043323,6.21
1461,2020-12-08,28500,28800,26450,26450,770796,-6.21
1462,2020-12-09,26200,26600,25150,25150,619594,-4.91
1463,2020-12-10,25300,25900,25150,25150,278730,0.0
1464,2020-12-11,25350,26450,25350,26400,310517,4.97
1465,2020-12-14,27050,27450,26450,26800,428990,1.52
1466,2020-12-15,27500,28200,26650,26850,844008,0.19
1467,2020-12-16,27100,27650,26600,27050,346421,0.74
1468,2020-12-17,27150,27600,26900,26950,313680,-0.37
1469,2020-12-18,26950,27150,25900,26350,370312,-2.23
1470,2020-12-21,26800,26900,26100,26150,249395,-0.76
1471,2020-12-22,26400,27000,24600,24950,584948,-4.59
1472,2020-12-23,24950,25150,23250,23650,594799,-5.21
1473,2020-12-24,23150,24000,22500,23700,489499,0.21
1474,2020-12-28,23700,23750,21950,22100,651771,-6.75
1475,2020-12-29,22400,24200,22400,24000,580555,8.6
1476,2020-12-30,24000,24050,23200,23700,244649,-1.25
1477,2021-01-04,23750,24850,22750,24600,646737,3.8
1478,2021-01-05,24650,24700,24100,24400,249468,-0.81
1479,2021-01-06,24400,24600,23900,24050,235100,-1.43
1480,2021-01-07,24100,24650,23600,23800,266177,-1.04
1481,2021-01-08,23900,24050,22500,22800,491437,-4.2
1482,2021-01-11,22600,23450,22400,23400,448419,2.63
1483,2021-01-12,23350,23750,22650,22900,229113,-2.14
1484,2021-01-13,22900,22950,22400,22500,180230,-1.75
1485,2021-01-14,22750,23150,22400,22550,189392,0.22
1486,2021-01-15,22800,22800,20850,21000,721161,-6.87
1487,2021-01-18,21200,21550,20650,21000,274244,0.0
1488,2021-01-19,20900,21350,19650,20900,483284,-0.48
1489,2021-01-20,21400,22100,20900,21200,436158,1.44
1490,2021-01-21,21500,21750,20200,20750,318401,-2.12
1491,2021-01-22,20700,20900,20200,20650,238377,-0.48
1492,2021-01-25,20700,21100,20600,20850,166493,0.97
1493,2021-01-26,20850,21550,20200,20500,321991,-1.68
1494,2021-01-27,20500,20650,20050,20250,165083,-1.22
1495,2021-01-28,19800,20250,19400,19550,298546,-3.46
1496,2021-01-29,19850,20400,18800,18800,356147,-3.84
1497,2021-02-01,18800,20500,18800,20050,375433,6.65
1498,2021-02-02,20050,20350,19600,19800,137798,-1.25
1499,2021-02-03,19950,20250,19550,19700,119722,-0.51
1500,2021-02-04,19700,20200,19250,19400,176286,-1.52
1501,2021-02-05,19900,20300,19550,19700,179802,1.55
1502,2021-02-08,19800,19800,19150,19200,131724,-2.54
1503,2021-02-09,19050,19650,18950,19500,154339,1.56
1504,2021-02-10,19450,19650,19100,19450,114240,-0.26
1505,2021-02-15,19450,19700,19300,19650,122901,1.03
1506,2021-02-16,19700,19800,18950,19150,232045,-2.54
1507,2021-02-17,19200,20100,19100,19250,373465,0.52
1508,2021-02-18,19300,19450,18800,18900,230883,-1.82
1509,2021-02-19,18950,19000,17850,18200,431471,-3.7
1510,2021-02-22,18100,18950,18050,18250,249271,0.27
1511,2021-02-23,17800,18050,17050,17050,441548,-6.58
1512,2021-02-24,16950,18000,16300,16350,545592,-4.11
1513,2021-02-25,16500,17100,16300,16800,331218,2.75
1514,2021-02-26,16450,16950,16200,16650,204183,-0.89
1515,2021-03-02,17000,17450,16950,17100,223835,2.7
1516,2021-03-03,17550,17850,17050,17100,277770,0.0
1517,2021-03-04,16850,17100,16700,16900,125710,-1.17
1518,2021-03-05,16600,16850,16350,16700,132319,-1.18
1519,2021-03-08,16900,17350,16700,16700,180190,0.0
1520,2021-03-09,16600,17050,16200,16850,188673,0.9
1521,2021-03-10,17150,17450,16550,16650,200895,-1.19
1522,2021-03-11,16550,18500,16500,17400,1069980,4.5
1523,2021-03-12,17400,18100,17400,18100,249653,4.02
1524,2021-03-15,18150,18250,17700,17800,160616,-1.66
1525,2021-03-16,17900,18900,17650,18800,485571,5.62
1526,2021-03-17,18850,19150,18600,19000,290748,1.06
1527,2021-03-18,19100,19100,18200,18200,272879,-4.21
1528,2021-03-19,17950,18450,17900,18100,130696,-0.55
1529,2021-03-22,18500,18550,17850,17900,200096,-1.1
1530,2021-03-23,17950,19000,17900,18050,409581,0.84
1531,2021-03-24,18050,18150,17500,17700,181532,-1.94
1532,2021-03-25,17800,17800,17100,17150,225507,-3.11
1533,2021-03-26,17150,17350,17000,17200,130718,0.29
1534,2021-03-29,17400,17400,16750,16950,163318,-1.45
1535,2021-03-30,16900,17200,16850,17200,93125,1.47
1536,2021-03-31,17250,17300,16950,16950,105263,-1.45
1537,2021-04-01,17100,17600,16650,17550,191897,3.54
1538,2021-04-02,17700,17700,17300,17400,147299,-0.85
1539,2021-04-05,17550,17800,17300,17350,164428,-0.29
1540,2021-04-06,17600,17650,16950,17000,212335,-2.02
1541,2021-04-07,17100,19950,17050,19300,1912875,13.53
1542,2021-04-08,19450,20250,19100,19950,915694,3.37
1543,2021-04-09,19950,20850,19700,20450,608562,2.51
1544,2021-04-12,20800,22850,20450,22500,1479596,10.02
1545,2021-04-13,22400,24200,21750,22050,1438759,-2.0
1546,2021-04-14,22450,22950,21500,21650,553625,-1.81
1547,2021-04-15,21950,28100,20300,28100,7610088,29.79
1548,2021-04-16,26700,26900,24550,25150,6111721,-10.5
1549,2021-04-19,25250,26000,24750,24800,1582010,-1.39
1550,2021-04-20,25650,26000,24950,24950,1282423,0.6
1551,2021-04-21,24950,25350,23900,24400,1150843,-2.2
1552,2021-04-22,24550,24600,23550,23550,750863,-3.48
1553,2021-04-23,23900,25750,23900,24600,2662624,4.46
1554,2021-04-26,24600,26950,24300,25400,3621013,3.25
1555,2021-04-27,25500,27150,24150,25750,2169771,1.38
1556,2021-04-28,25800,26650,24800,25650,1418378,-0.39
1557,2021-04-29,26000,27550,25050,26500,3285923,3.31
1558,2021-04-30,26050,26200,24500,24500,1022165,-7.55
1559,2021-05-03,24500,24700,21800,21800,919793,-11.02
1560,2021-05-04,21650,22350,20700,21300,595987,-2.29
1561,2021-05-06,21150,23400,20900,21700,867363,1.88
1562,2021-05-07,21700,21950,21200,21300,365034,-1.84
1563,2021-05-10,21200,21550,20900,21250,284872,-0.23
1564,2021-05-11,21050,21200,20300,20450,352612,-3.76
1565,2021-05-12,20300,21500,20300,20350,380463,-0.49
1566,2021-05-13,19850,20650,19700,19850,271789,-2.46
1567,2021-05-14,20300,20450,19950,20100,157813,1.26
1568,2021-05-17,20150,20350,19850,20000,199273,-0.5
1569,2021-05-18,21750,24450,21050,21100,4727917,5.5
1570,2021-05-20,21050,21250,20400,20500,322476,-2.84
1571,2021-05-21,20550,20650,19800,19850,332499,-3.17
1572,2021-05-24,19850,19850,18650,18650,373731,-6.05
1573,2021-05-25,18550,19500,18550,19450,289622,4.29
1574,2021-05-26,19550,19600,18950,18950,157847,-2.57
1575,2021-05-27,19250,19450,18700,19350,183900,2.11
1576,2021-05-28,20050,20450,19850,20150,340974,4.13
1577,2021-05-31,19950,20600,19950,20200,170401,0.25
1578,2021-06-01,20200,20400,19750,20000,130068,-0.99
1579,2021-06-02,20000,21750,19700,20400,662179,2.0
1580,2021-06-03,20500,20650,20250,20350,216905,-0.25
1581,2021-06-04,20400,20500,20050,20450,112942,0.49
1582,2021-06-07,20500,21350,20350,20900,249687,2.2
1583,2021-06-08,20900,21400,20800,21000,213605,0.48
1584,2021-06-09,20900,21100,20150,20150,127391,-4.05
1585,2021-06-10,20200,20500,20050,20350,125396,0.99
1586,2021-06-11,20350,20950,20350,20500,174132,0.74
1587,2021-06-14,20500,21050,20400,21050,172380,2.68
1588,2021-06-15,21000,21100,20550,20900,114448,-0.71
1589,2021-06-16,21300,21500,20950,21050,186902,0.72
1590,2021-06-17,21400,22800,21300,22250,900509,5.7
1591,2021-06-18,23000,23450,22600,23100,712769,3.82
1592,2021-06-21,23200,23700,22900,23350,482644,1.08
1593,2021-06-22,23400,23450,22200,22250,359055,-4.71
1594,2021-06-23,22500,25800,22250,23700,3479890,6.52
1595,2021-06-24,24300,24400,22600,22850,794862,-3.59
1596,2021-06-25,23050,23850,22400,23100,604726,1.09
1597,2021-06-28,23650,23900,23100,23100,360574,0.0
1598,2021-06-29,23000,23250,22700,22700,269684,-1.73
1599,2021-06-30,23100,23450,22700,22750,267673,0.22
1600,2021-07-01,23450,24500,23050,23200,1133019,1.98
1601,2021-07-02,23400,23500,22900,22900,219790,-1.29
1602,2021-07-05,23100,23400,22800,22800,219453,-0.44
1603,2021-07-06,22800,22800,22300,22450,204015,-1.54
1604,2021-07-07,23150,24050,22850,24050,1074092,7.13
1605,2021-07-08,24500,25300,23350,24650,2574687,2.49
1606,2021-07-09,25150,25650,23700,23900,1944597,-3.04
1607,2021-07-12,24750,25600,23950,24550,1242380,2.72
1608,2021-07-13,24650,24650,23400,23500,627827,-4.28
1609,2021-07-14,26450,26800,24450,24700,3141585,5.11
1610,2021-07-15,24650,25100,23800,24750,766351,0.2
1611,2021-07-16,24450,24600,23750,23750,444236,-4.04
1612,2021-07-19,24450,24450,23300,23300,329329,-1.89
1613,2021-07-20,23300,23550,22500,22800,347586,-2.15
1614,2021-07-21,23150,23150,22600,22600,177627,-0.88
1615,2021-07-22,22700,22800,21850,22400,329213,-0.88
1616,2021-07-23,22800,22800,22400,22450,165670,0.22
1617,2021-07-26,22450,22800,22050,22150,133881,-1.34
1618,2021-07-27,22200,22800,22000,22800,155355,2.93
1619,2021-07-28,22950,23550,22650,22800,284100,0.0
1620,2021-07-29,22950,23300,22800,22850,123252,0.22
1621,2021-07-30,22850,23050,22250,22350,122092,-2.19
1622,2021-08-02,22400,22650,21650,21800,173124,-2.46
1623,2021-08-03,21800,22150,21050,21600,330008,-0.92
1624,2021-08-04,21700,22150,21500,21900,110656,1.39
1625,2021-08-05,21900,22550,21900,22350,120432,2.05
1626,2021-08-06,22350,22400,21950,22050,104346,-1.34
1627,2021-08-09,22150,22300,21600,21650,153561,-1.81
1628,2021-08-10,21500,22250,21400,21750,137566,0.46
1629,2021-08-11,22200,22500,21850,22200,258508,2.07
1630,2021-08-12,22250,22400,21900,22000,144180,-0.9
1631,2021-08-13,22200,22200,21150,21450,234392,-2.5
1632,2021-08-17,21450,21450,19950,20100,358735,-6.29
1633,2021-08-18,19600,20300,19550,19850,370491,-1.24
1634,2021-08-19,19800,20750,19500,19500,299469,-1.76
1635,2021-08-20,19400,19850,18150,18350,497071,-5.9
1636,2021-08-23,18200,19300,18100,18700,237753,1.91
1637,2021-08-24,18650,19650,18650,19250,211320,2.94
1638,2021-08-25,19450,19450,18900,19150,118802,-0.52
1639,2021-08-26,19050,19500,18850,19200,168728,0.26
1640,2021-08-27,19150,19300,18750,19150,122328,-0.26
1641,2021-08-30,19400,19400,18800,18850,169653,-1.57
1642,2021-08-31,18850,18900,18550,18850,170941,0.0
1643,2021-09-01,18950,19250,18650,19100,135866,1.33
1644,2021-09-02,19200,19650,19100,19350,203246,1.31
1645,2021-09-03,19500,19700,19150,19200,145621,-0.78
1646,2021-09-06,19400,19400,18750,18850,146539,-1.82
1647,2021-09-07,18800,19200,18750,18800,83920,-0.27
1648,2021-09-08,18900,18900,18250,18350,150003,-2.39
1649,2021-09-09,18400,20200,17850,18600,542891,1.36
1650,2021-09-10,18850,19100,18450,19000,170229,2.15
1651,2021-09-13,19050,19150,18700,18750,125115,-1.32
1652,2021-09-14,18700,19250,18700,19150,160603,2.13
1653,2021-09-15,19400,19650,19200,19400,161625,1.31
1654,2021-09-16,19550,19600,19150,19400,105173,0.0
1655,2021-09-17,19200,19700,19200,19600,118974,1.03
1656,2021-09-23,19550,20350,19400,20300,304670,3.57
1657,2021-09-24,20350,20500,19700,19750,200204,-2.71
1658,2021-09-27,19900,20050,18800,18800,222033,-4.81
1659,2021-09-28,18850,19000,18350,18700,137160,-0.53
1660,2021-09-29,18100,18650,18050,18100,168770,-3.21
1661,2021-09-30,17900,18350,17900,18000,82259,-0.55
1662,2021-10-01,17900,18200,17150,17150,233427,-4.72
1663,2021-10-05,16800,16950,15750,15750,509604,-8.16
1664,2021-10-06,15900,16400,15000,15050,277474,-4.44
1665,2021-10-07,15000,15950,15000,15600,219988,3.65
1666,2021-10-08,15750,16500,15750,16450,156030,5.45
1667,2021-10-12,16200,16200,15300,15600,215418,-5.17
1668,2021-10-13,15350,15900,15350,15600,101951,0.0
1669,2021-10-14,15650,16150,15650,16000,78678,2.56
1670,2021-10-15,16150,16500,15800,16500,85358,3.12
1671,2021-10-18,16550,16550,16000,16200,119657,-1.82
1672,2021-10-19,16200,16850,16200,16700,105124,3.09
1673,2021-10-20,16800,16850,16400,16450,47705,-1.5
1674,2021-10-21,16500,16700,16100,16100,55334,-2.13
1675,2021-10-22,16050,16800,16000,16650,117459,3.42
1676,2021-10-25,16750,16750,16250,16350,68969,-1.8
1677,2021-10-26,16200,16600,16200,16500,61542,0.92
1678,2021-10-27,16550,16700,16200,16350,63472,-0.91
1679,2021-10-28,16350,16750,16250,16400,99992,0.31
1680,2021-10-29,16550,16600,15900,16050,140586,-2.13
1681,2021-11-01,16200,16850,15950,16550,134240,3.12
1682,2021-11-02,16500,17200,16500,16950,134423,2.42
1683,2021-11-03,17150,17650,16950,17500,144221,3.24
1684,2021-11-04,17500,17550,16950,17150,118449,-2.0
1685,2021-11-05,17350,17350,16400,16700,98040,-2.62
1686,2021-11-08,16450,16450,15900,16100,96569,-3.59
1687,2021-11-09,16000,16250,15350,15650,144145,-2.8
1688,2021-11-10,15550,16050,15100,15400,167601,-1.6
1689,2021-11-11,15150,15550,14900,15350,132986,-0.32
1690,2021-11-12,15350,16100,15300,15850,104672,3.26
1691,2021-11-15,16050,16550,16000,16150,111894,1.89
1692,2021-11-16,16250,16250,15900,16100,51747,-0.31
1693,2021-11-17,16150,16300,15600,15650,128351,-2.8
1694,2021-11-18,15750,15750,15200,15450,74116,-1.28
1695,2021-11-19,15350,15750,15250,15450,88721,0.0
1696,2021-11-22,15650,16100,15250,15550,154641,0.65
1697,2021-11-23,15400,15750,15400,15600,69806,0.32
1698,2021-11-24,15800,16800,15750,16200,366659,3.85
1699,2021-11-25,16100,16200,15600,15750,144329,-2.78
1700,2021-11-26,15950,17050,15650,16650,526836,5.71
1701,2021-11-29,18300,18300,16700,17200,911752,3.3
1702,2021-11-30,16700,17300,16350,16500,538977,-4.07
1703,2021-12-01,16500,16750,15950,15950,340946,-3.33
1704,2021-12-02,16500,17400,15900,16100,657163,0.94
1705,2021-12-03,16100,16400,15750,16300,248473,1.24
1706,2021-12-06,16250,17000,15900,15900,336104,-2.45
1707,2021-12-07,15750,16000,15550,15800,182957,-0.63
1708,2021-12-08,15950,16650,15800,16500,312600,4.43
1709,2021-12-09,16500,16850,16200,16650,240945,0.91
1710,2021-12-10,16750,16950,16450,16700,186704,0.3
1711,2021-12-13,16700,17450,16500,17400,303423,4.19
1712,2021-12-14,17600,17900,16850,16850,431708,-3.16
1713,2021-12-15,16800,17000,16650,16700,124467,-0.89
1714,2021-12-16,16750,16900,16300,16400,164446,-1.8
1715,2021-12-17,16500,20300,16400,17850,5410645,8.84
1716,2021-12-20,18100,18300,17550,17650,619045,-1.12
1717,2021-12-21,17950,18000,17050,17050,462447,-3.4
1718,2021-12-22,17100,17350,16900,17200,263077,0.88
1719,2021-12-23,17200,17200,16700,16750,286201,-2.62
1720,2021-12-24,16600,16850,16400,16450,320460,-1.79
1721,2021-12-27,16500,16750,16200,16250,227065,-1.22
1722,2021-12-28,16250,16400,15950,16100,342831,-0.92
1723,2021-12-29,16150,16600,16150,16500,233177,2.48
1724,2021-12-30,16650,16850,16350,16800,197631,1.82
1725,2022-01-03,16850,16900,16200,16550,245198,-1.49
1726,2022-01-04,16600,16750,16450,16650,97740,0.6
1727,2022-01-05,16650,16650,16000,16200,204834,-2.7
1728,2022-01-06,16000,16250,15650,15700,214892,-3.09
1729,2022-01-07,15700,16250,15700,16000,180962,1.91
1730,2022-01-10,16000,16750,15700,16700,193402,4.37
1731,2022-01-11,16500,16550,16050,16150,93725,-3.29
1732,2022-01-12,16300,16600,16200,16400,83846,1.55
1733,2022-01-13,16450,16450,15850,16000,96784,-2.44
1734,2022-01-14,15800,16150,15750,16000,115385,0.0
1735,2022-01-17,16000,16000,15150,15450,132055,-3.44
1736,2022-01-18,15450,15650,15000,15100,128353,-2.27
1737,2022-01-19,15050,15150,14600,14800,148484,-1.99
1738,2022-01-20,14700,15050,14500,14900,148943,0.68
1739,2022-01-21,14850,15150,14450,14800,87715,-0.67
1740,2022-01-24,14800,15250,14550,14850,141293,0.34
1741,2022-01-25,15300,15350,14000,14050,270095,-5.39
1742,2022-01-26,14100,14650,14050,14150,148525,0.71
1743,2022-01-27,14200,14450,13600,13650,165753,-3.53
1744,2022-01-28,13750,15400,13750,15200,466230,11.36
1745,2022-02-03,15900,17300,15600,17000,1172921,11.84
1746,2022-02-04,17300,17300,15400,15500,676847,-8.82
1747,2022-02-07,15750,16150,15450,15850,274195,2.26
1748,2022-02-08,15850,16000,14950,15200,317925,-4.1
1749,2022-02-09,15200,15600,15150,15400,144350,1.32
1750,2022-02-10,15350,18000,15350,16650,4329579,8.12
1751,2022-02-11,16400,16900,15300,15400,697217,-7.51
1752,2022-02-14,15400,15450,14250,14250,478870,-7.47
1753,2022-02-15,14150,14450,13750,13950,279726,-2.11
1754,2022-02-16,14400,14950,14250,14750,306620,5.73
1755,2022-02-17,15250,15250,14100,14400,317877,-2.37
1756,2022-02-18,14200,14750,14150,14500,176640,0.69
1757,2022-02-21,14300,14550,14200,14350,127839,-1.03
1758,2022-02-22,13950,14200,13800,13950,184159,-2.79
1759,2022-02-23,14100,15350,14100,14900,605221,6.81
1760,2022-02-24,14600,15750,14400,15050,804939,1.01
1761,2022-02-25,15450,16600,15000,15300,1249187,1.66
1762,2022-02-28,15350,15550,14950,15250,198448,-0.33
1763,2022-03-02,15150,16650,15150,15800,598386,3.61
1764,2022-03-03,15700,16000,15550,15900,219019,0.63
1765,2022-03-04,15950,15950,15550,15550,131286,-2.2
1766,2022-03-07,15300,16000,15250,15650,196902,0.64
1767,2022-03-08,15350,15750,15250,15400,102902,-1.6
1768,2022-03-10,15850,15900,15450,15500,78045,0.65
1769,2022-03-11,16800,17750,16400,16700,1781167,7.74
1770,2022-03-14,16900,17300,16750,17100,384065,2.4
1771,2022-03-15,16750,17100,16750,16900,183575,-1.17
1772,2022-03-16,17000,17550,16900,17200,278223,1.78
1773,2022-03-17,17600,17700,17000,17500,321773,1.74
1774,2022-03-18,17400,17950,17150,17450,268876,-0.29
1775,2022-03-21,17550,17650,16850,16900,208032,-3.15
1776,2022-03-22,17000,18350,16700,18150,677834,7.4
1777,2022-03-23,18000,18250,17650,17700,359893,-2.48
1778,2022-03-24,17800,18500,17550,18400,323001,3.95
1779,2022-03-25,18400,18700,18000,18550,286957,0.82
1780,2022-03-28,18350,18550,17500,17550,254632,-5.39
1781,2022-03-29,17550,18100,17250,17700,232749,0.85
1782,2022-03-30,17650,19950,17650,18100,1937496,2.26
1783,2022-03-31,18150,18350,17600,17750,333090,-1.93
1784,2022-04-01,17850,18200,17400,17600,211725,-0.85
1785,2022-04-04,17550,17850,17450,17500,90078,-0.57
1786,2022-04-05,17400,18050,17350,17600,140240,0.57
1787,2022-04-06,17750,18250,17600,17600,153982,0.0
1788,2022-04-07,17550,18450,17500,17800,348863,1.14
1789,2022-04-08,17800,18350,17800,17950,127260,0.84
1790,2022-04-11,18450,18800,18100,18100,343091,0.84
1791,2022-04-12,18000,18250,17700,18000,157135,-0.55
1792,2022-04-13,17950,18150,17800,17800,106836,-1.11
1793,2022-04-14,17700,18000,17150,17250,153026,-3.09
1794,2022-04-15,17050,17200,15950,16050,435959,-6.96
1795,2022-04-18,15900,16100,15300,15600,237945,-2.8
1796,2022-04-19,15600,15800,15500,15550,118646,-0.32
1797,2022-04-20,15700,15850,15350,15450,92575,-0.64
1798,2022-04-21,15500,15700,15250,15500,124340,0.32
1799,2022-04-22,15400,15650,15350,15500,51829,0.0
1800,2022-04-25,15250,15350,14600,14650,170880,-5.48
1801,2022-04-26,14750,15050,14550,14550,86098,-0.68
1802,2022-04-27,14250,14800,14200,14650,72665,0.69
1803,2022-04-28,14750,14750,14300,14350,57235,-2.05
1804,2022-04-29,14350,14650,14350,14400,45105,0.35
1805,2022-05-02,14900,15800,14650,15600,291526,8.33
1806,2022-05-03,15600,16300,15200,15650,269826,0.32
1807,2022-05-04,15700,15750,15150,15150,64263,-3.19
1808,2022-05-06,14950,15200,14750,14750,67393,-2.64
1809,2022-05-09,14700,15350,14350,14350,116840,-2.71
1810,2022-05-10,14000,14300,13750,14050,101114,-2.09
1811,2022-05-11,13900,14550,13900,14200,54596,1.07
1812,2022-05-12,14000,14700,13600,13650,123659,-3.87
1813,2022-05-13,13700,14150,13700,13950,71328,2.2
1814,2022-05-16,14000,14500,14000,14250,68045,2.15
1815,2022-05-17,14150,14500,14150,14350,45743,0.7
1816,2022-05-18,14550,14550,14050,14150,75921,-1.39
1817,2022-05-19,13850,14200,13700,13900,73858,-1.77
1818,2022-05-20,13900,14050,13850,13900,59161,0.0
1819,2022-05-23,14000,14250,13950,14150,56382,1.8
1820,2022-05-24,14100,14150,13900,13900,53759,-1.77
1821,2022-05-25,13900,14150,13850,14050,43325,1.08
1822,2022-05-26,14050,14250,13900,13950,60140,-0.71
1823,2022-05-27,14000,14200,13900,13900,52485,-0.36
1824,2022-05-30,14000,14100,13800,13900,62968,0.0
1825,2022-05-31,13950,14100,13850,13950,36324,0.36
1826,2022-06-02,14450,15650,14350,14500,486510,3.94
1827,2022-06-03,14450,14650,14300,14400,68950,-0.69
1828,2022-06-07,14400,14750,13950,13950,84105,-3.12
1829,2022-06-08,14050,14400,14000,14150,47840,1.43
1830,2022-06-09,14100,14300,14000,14050,31263,-0.71
1831,2022-06-10,14050,14250,13950,14050,31369,0.0
1832,2022-06-13,13850,13900,12750,12800,151424,-8.9
1833,2022-06-14,12300,12700,12000,12400,232281,-3.12
1834,2022-06-15,12250,12450,11250,11500,231809,-7.26
1835,2022-06-16,11700,12050,11400,11400,130092,-0.87
1836,2022-06-17,11050,11550,10950,11400,103645,0.0
1837,2022-06-20,11400,11600,10500,10650,146429,-6.58
1838,2022-06-21,10650,11050,10600,10850,105363,1.88
1839,2022-06-22,11000,11300,10450,10500,184735,-3.23
1840,2022-06-23,10400,10700,9810,9810,343217,-6.57
1841,2022-06-24,9750,10750,9750,10650,171583,8.56
1842,2022-06-27,10700,11200,10550,10950,79742,2.82
1843,2022-06-28,10950,11100,10800,11000,46287,0.46
1844,2022-06-29,10750,11000,10700,10900,34443,-0.91
1845,2022-06-30,10950,12350,10850,11150,575919,2.29
1846,2022-07-01,11200,11850,10300,10400,345680,-6.73
1847,2022-07-04,10600,11800,10600,11450,547242,10.1
1848,2022-07-05,11400,12300,11400,12000,455390,4.8
1849,2022-07-06,12000,12500,11850,12050,234630,0.42
1850,2022-07-07,12350,12750,12100,12350,224554,2.49
1851,2022-07-08,12800,13200,12350,12950,266739,4.86
1852,2022-07-11,13300,13700,13100,13400,385561,3.47
1853,2022-07-12,13700,14600,13400,14300,676524,6.72
1854,2022-07-13,14750,15050,13850,14200,477758,-0.7
1855,2022-07-14,14100,14350,13600,14350,225479,1.06
1856,2022-07-15,15000,15400,14450,14800,625041,3.14
1857,2022-07-18,14900,15500,14550,15350,401507,3.72
1858,2022-07-19,15600,15850,14950,15200,362665,-0.98
1859,2022-07-20,15150,15200,14500,14900,361120,-1.97
1860,2022-07-21,14650,14900,13800,13900,503172,-6.71
1861,2022-07-22,14050,14050,13600,13650,188591,-1.8
1862,2022-07-25,13850,14100,13250,13400,211868,-1.83
1863,2022-07-26,13550,13700,13100,13150,132866,-1.87
1864,2022-07-27,13200,13500,12950,13050,129251,-0.76
1865,2022-07-28,13250,13250,12650,12750,213504,-2.3
1866,2022-07-29,12800,12850,12300,12700,216962,-0.39
1867,2022-08-01,12750,13050,12400,12900,92915,1.57
1868,2022-08-02,12900,13100,12650,13050,161441,1.16
1869,2022-08-03,13050,13050,12550,12650,101387,-3.07
1870,2022-08-04,12500,12650,12100,12200,198180,-3.56
1871,2022-08-05,12300,12600,12250,12400,96849,1.64
1872,2022-08-08,12450,12700,12200,12450,109067,0.4
1873,2022-08-09,12500,12800,12300,12600,77011,1.2
1874,2022-08-10,12500,12600,12050,12150,101792,-3.57
1875,2022-08-11,12200,12400,12050,12150,63277,0.0
1876,2022-08-12,12150,12650,12050,12450,96466,2.47
1877,2022-08-16,12650,12650,12400,12450,34769,0.0
1878,2022-08-17,12600,12850,12150,12200,105116,-2.01
1879,2022-08-18,12150,12150,11750,11800,108997,-3.28
1880,2022-08-19,11850,11950,11600,11800,62718,0.0
1881,2022-08-22,11550,11750,11300,11350,66349,-3.81
1882,2022-08-23,11200,11500,10700,10800,262907,-4.85
1883,2022-08-24,10800,11000,10750,10800,70486,0.0
1884,2022-08-25,10800,11050,10750,11050,61298,2.31
1885,2022-08-26,11050,11150,10750,10800,58921,-2.26
1886,2022-08-29,10400,10600,10350,10450,47801,-3.24
1887,2022-08-30,10400,10750,10400,10700,81396,2.39
1888,2022-08-31,10650,11050,10600,10900,59782,1.87
1889,2022-09-01,10800,11100,10650,10750,66044,-1.38
1890,2022-09-02,10750,11000,10650,10650,37307,-0.93
1891,2022-09-05,10650,10750,10250,10300,69592,-3.29
1892,2022-09-06,10200,10500,10200,10500,37727,1.94
1893,2022-09-07,10400,10450,10100,10200,53093,-2.86
1894,2022-09-08,10250,10350,10150,10150,85947,-0.49
1895,2022-09-13,10200,10600,10200,10450,47935,2.96
1896,2022-09-14,10100,10450,10100,10400,42351,-0.48
1897,2022-09-15,10500,10700,10200,10650,72163,2.4
1898,2022-09-16,10450,10950,10350,10350,61305,-2.82
1899,2022-09-19,10300,10400,10000,10050,69417,-2.9
1900,2022-09-20,10100,10200,9940,10100,63803,0.5
1901,2022-09-21,10000,10150,9960,9990,45312,-1.09
1902,2022-09-22,9940,9940,9540,9760,112306,-2.3
1903,2022-09-23,9760,9830,9290,9300,104133,-4.71
1904,2022-09-26,9180,9180,8740,8800,194654,-5.38
1905,2022-09-27,8530,9140,8530,8800,146521,0.0
1906,2022-09-28,8730,9080,8500,8570,119812,-2.61
1907,2022-09-29,8620,9260,8620,8700,127043,1.52
1908,2022-09-30,8420,9340,8420,8740,123893,0.46
1909,2022-10-04,8920,9270,8760,9250,62408,5.84
1910,2022-10-05,9280,9350,9000,9150,89392,-1.08
1911,2022-10-06,9150,9700,9150,9640,103452,5.36
1912,2022-10-07,9610,9950,9530,9850,67854,2.18
1913,2022-10-11,9850,9850,9550,9710,74287,-1.42
1914,2022-10-12,9590,9870,9500,9530,59960,-1.85
1915,2022-10-13,9440,9930,9150,9230,141849,-3.15
1916,2022-10-14,9410,9790,9390,9630,59191,4.33
1917,2022-10-17,9550,9920,9460,9860,70834,2.39
1918,2022-10-18,9920,10900,9920,10550,492410,7.0
1919,2022-10-19,10350,12700,10200,10350,2419391,-1.9
1920,2022-10-20,10350,10600,10200,10350,189609,0.0
1921,2022-10-21,10350,10550,9860,9860,201170,-4.73
1922,2022-10-24,10000,10300,10000,10100,75521,2.43
1923,2022-10-25,10100,10450,10100,10450,93003,3.47
1924,2022-10-26,10450,10750,10300,10400,144754,-0.48
1925,2022-10-27,10600,10600,10150,10200,98128,-1.92
1926,2022-10-28,10100,10500,10100,10200,81363,0.0
1927,2022-10-31,10450,10500,10250,10300,53372,0.98
1928,2022-11-01,10200,10400,10200,10300,79370,0.0
1929,2022-11-02,10350,10700,10200,10600,96457,2.91
1930,2022-11-03,10400,10700,10350,10550,80514,-0.47
1931,2022-11-04,10700,11150,10550,10650,246693,0.95
1932,2022-11-07,10600,10950,10500,10550,117914,-0.94
1933,2022-11-08,10500,10700,10400,10500,65724,-0.47
1934,2022-11-09,10550,10750,10500,10550,58641,0.48
1935,2022-11-10,10450,10700,10450,10550,31000,0.0
1936,2022-11-11,10800,10800,10600,10600,76680,0.47
1937,2022-11-14,10700,11100,10700,11000,121180,3.77
1938,2022-11-15,11150,11150,10850,11050,62005,0.45
1939,2022-11-16,11200,11200,10850,10950,90410,-0.9
1940,2022-11-17,10950,11000,10700,10950,53296,0.0
1941,2022-11-18,10800,10950,10700,10700,57909,-2.28
1942,2022-11-21,10650,10700,10200,10300,60873,-3.74
1943,2022-11-22,10150,10550,10150,10350,41711,0.49
1944,2022-11-23,10450,10500,10300,10350,25548,0.0
1945,2022-11-24,10350,10450,10250,10450,31301,0.97
1946,2022-11-25,10450,10450,10250,10350,24633,-0.96
1947,2022-11-28,10350,10350,10050,10100,28713,-2.42
1948,2022-11-29,10100,10250,10000,10100,30702,0.0
1949,2022-11-30,10050,10200,10000,10150,26167,0.5
1950,2022-12-01,10300,10350,10150,10250,28321,0.99
1951,2022-12-02,10250,10350,10000,10200,37827,-0.49
1952,2022-12-05,10200,10550,10200,10350,32034,1.47
1953,2022-12-06,10200,10300,10100,10100,23146,-2.42
1954,2022-12-07,10050,10100,9850,9970,40452,-1.29
1955,2022-12-08,9980,10050,9740,9750,48557,-2.21
1956,2022-12-09,9800,10050,9800,9870,36354,1.23
1957,2022-12-12,9880,10100,9880,10000,39171,1.32
1958,2022-12-13,10100,10400,10100,10300,50358,3.0
1959,2022-12-14,10450,10650,10350,10450,87546,1.46
1960,2022-12-15,10400,10550,10300,10400,28058,-0.48
1961,2022-12-16,10250,10950,10200,10950,192457,5.29
1962,2022-12-19,10900,11050,10550,10650,90165,-2.74
1963,2022-12-20,10600,10650,10100,10200,91759,-4.23
1964,2022-12-21,10250,10450,10100,10400,33646,1.96
1965,2022-12-22,10450,10550,10300,10300,59977,-0.96
1966,2022-12-23,10250,10450,9890,10250,120952,-0.49
1967,2022-12-26,10200,10350,10100,10150,41433,-0.98
1968,2022-12-27,10100,10350,10100,10300,42493,1.48
1969,2022-12-28,10250,10450,10200,10300,27608,0.0
1970,2022-12-29,10350,10550,10000,10250,91024,-0.49
1971,2023-01-02,10300,10550,10000,10050,73688,-1.95
1972,2023-01-03,10050,10450,9750,10300,99449,2.49
1973,2023-01-04,10300,10650,10300,10550,93604,2.43
1974,2023-01-05,10650,10850,10500,10600,88242,0.47
1975,2023-01-06,10650,10750,10450,10650,45563,0.47
1976,2023-01-09,10700,10750,10500,10600,75902,-0.47
1977,2023-01-10,10550,10650,10450,10600,37070,0.0
1978,2023-01-11,10650,11000,10600,10850,111811,2.36
1979,2023-01-12,11050,13950,10900,13250,9925485,22.12
1980,2023-01-13,13250,13450,12800,13050,1417815,-1.51
1981,2023-01-16,12900,12950,12300,12550,684759,-3.83
1982,2023-01-17,12550,12800,12300,12550,590697,0.0
1983,2023-01-18,12450,12550,12150,12150,300461,-3.19
1984,2023-01-19,12150,12300,12000,12200,225418,0.41
1985,2023-01-20,12200,12250,12000,12000,150094,-1.64
1986,2023-01-25,12000,12090,11480,11720,316186,-2.33
1987,2023-01-26,11630,11840,11600,11710,146237,-0.09
1988,2023-01-27,11710,11940,11710,11850,130992,1.2
1989,2023-01-30,11870,12090,11570,11710,159322,-1.18
1990,2023-01-31,11710,12070,11550,12000,138669,2.48
1991,2023-02-01,12000,12120,11920,12000,90746,0.0
1992,2023-02-02,12040,12160,11970,12090,116353,0.75
1993,2023-02-03,12130,12150,11950,12140,87321,0.41
1994,2023-02-06,12150,12150,11710,11800,111936,-2.8
1995,2023-02-07,11750,11890,11750,11800,77601,0.0
1996,2023-02-08,11760,12110,11760,12040,82848,2.03
1997,2023-02-09,12040,12050,11800,11880,58938,-1.33
1998,2023-02-10,11880,11880,11550,11620,64985,-2.19
1999,2023-02-13,11620,11640,11300,11470,90431,-1.29
2000,2023-02-14,11600,11680,11410,11410,42977,-0.52
2001,2023-02-15,11310,11430,11200,11260,54952,-1.31
2002,2023-02-16,11260,11570,11260,11500,57553,2.13
2003,2023-02-17,11490,11680,11380,11680,38357,1.57
2004,2023-02-20,11730,11960,11730,11800,100828,1.03
2005,2023-02-21,11800,11910,11680,11850,39051,0.42
2006,2023-02-22,11780,12060,11640,11650,91546,-1.69
2007,2023-02-23,11650,11810,11610,11670,30372,0.17
2008,2023-02-24,11670,11800,11480,11530,29255,-1.2
2009,2023-02-27,11500,11710,11280,11530,41481,0.0
2010,2023-02-28,11520,11890,11500,11750,47059,1.91
2011,2023-03-02,11870,11930,11400,11820,65964,0.6
2012,2023-03-03,11720,11970,11710,11940,47536,1.02
2013,2023-03-06,11950,12120,11800,12000,71015,0.5
2014,2023-03-07,11990,12130,11880,12050,79306,0.42
2015,2023-03-08,11930,12060,11880,12000,36250,-0.41
2016,2023-03-09,12020,12040,11840,12010,51066,0.08
2017,2023-03-10,11970,12000,11610,11680,62289,-2.75
2018,2023-03-13,11600,11680,11110,11360,115286,-2.74
2019,2023-03-14,11210,11230,10750,11000,136318,-3.17
2020,2023-03-15,11030,11270,11030,11070,62384,0.64
2021,2023-03-16,11060,11250,10830,11050,53314,-0.18
2022,2023-03-17,11070,11590,11070,11520,71032,4.25
2023,2023-03-20,11430,11550,11060,11090,81242,-3.73
2024,2023-03-21,11100,11190,10790,10900,70579,-1.71
2025,2023-03-22,10930,10950,10820,10910,31293,0.09
2026,2023-03-23,10910,10910,10450,10520,81400,-3.57
2027,2023-03-24,10660,10770,10560,10740,36076,2.09
2028,2023-03-27,10750,11000,10700,10940,50961,1.86
2029,2023-03-28,10800,10920,10640,10670,53987,-2.47
2030,2023-03-29,10700,10700,10380,10400,70066,-2.53
2031,2023-03-30,10400,10580,10350,10470,36935,0.67
2032,2023-03-31,10550,10620,10470,10620,33904,1.43
2033,2023-04-03,10650,10860,10550,10600,53593,-0.19
2034,2023-04-04,10670,10970,10580,10910,54512,2.92
2035,2023-04-05,10900,11280,10900,11180,108465,2.47
2036,2023-04-06,11270,11390,11100,11330,77679,1.34
2037,2023-04-07,11280,11400,11120,11210,44655,-1.06
2038,2023-04-10,11210,11210,10800,11050,75165,-1.43
2039,2023-04-11,10920,11470,10900,11250,53893,1.81
2040,2023-04-12,11210,12450,11090,12450,426653,10.67
2041,2023-04-13,12310,13950,11990,12800,2232013,2.81
2042,2023-04-14,12730,13050,12330,12580,523010,-1.72
2043,2023-04-17,12830,12840,11550,12140,481348,-3.5
2044,2023-04-18,11920,12850,11890,12630,509147,4.04
2045,2023-04-19,12600,12650,12350,12360,184561,-2.14
2046,2023-04-20,12380,12530,12000,12130,106809,-1.86
2047,2023-04-21,12130,12890,12100,12230,228589,0.82
2048,2023-04-24,12390,12440,11900,12120,85497,-0.9
2049,2023-04-25,12100,12160,11590,11640,104020,-3.96
2050,2023-04-26,11580,11650,11230,11310,95448,-2.84
2051,2023-04-27,11260,11690,11260,11680,67221,3.27
2052,2023-04-28,11660,11710,11280,11560,84295,-1.03
2053,2023-05-02,11700,12100,11520,11950,82445,3.37
